#id: 2223076356
#name: B.subtilis - Whole organism, SC (Gpm,aug,2014)
#score: 12.36
#weight:  100%
#description: abundance based on Spectral counting, Interaction consistency score: 12.36, Coverage: 61
#organ: WHOLE_ORGANISM
#integrated: false
#coverage: 61
#link: http://www.thegpm.org/
#publication_year: 2014
#filename: 224308-GPM_201408.txt
#
#internal_id	string_external_id	abundance	raw_spectral_count
11136827	224308.BSU21930	27392	13260
11135503	224308.BSU09100	27028	13210
11134686	224308.BSU01050	24184	13504
11138187	224308.BSU35360	19459	46642
11137439	224308.BSU27960	18677	9966
11134710	224308.BSU01290	15968	521
11134698	224308.BSU01170	14254	16014
11138432	224308.BSU37800	13451	11628
11134702	224308.BSU01210	12479	6150
11138750	224308.BSU40910	11331	6455
11134699	224308.BSU01180	9492	2914
11136214	224308.BSU15990	9241	4378
11134694	224308.BSU01130	9187	38513
11136915	224308.BSU22790	9161	8853
11137195	224308.BSU25550	9128	2592
11138539	224308.BSU38850	8814	9030
11135999	224308.BSU13900	8304	6258
11134711	224308.BSU01300	8304	6338
11134712	224308.BSU01310	8258	6991
11134716	224308.BSU01350	8214	5561
11134697	224308.BSU01160	7760	10600
11136284	224308.BSU16680	7582	1430
11137528	224308.BSU28850	7015	2481
11134709	224308.BSU01280	6902	10933
11138045	224308.BSU33940	6852	19638
11134704	224308.BSU01230	6837	5631
11137835	224308.BSU31910	6650	3336
11135195	224308.BSU06020	6347	4227
11135196	224308.BSU06030	6186	30487
11134715	224308.BSU01340	6042	1911
11137610	224308.BSU29660	5797	10101
11134708	224308.BSU01270	5735	2401
11134724	224308.BSU01420	5681	5472
11136219	224308.BSU16040	5680	3115
11137437	224308.BSU27940	5634	3211
11134692	224308.BSU01110	5619	6163
11134703	224308.BSU01220	5561	7989
11134714	224308.BSU01330	5349	8661
11137411	224308.BSU27700	5081	1855
11137181	224308.BSU25410	5061	698
11134684	224308.BSU01030	4934	9987
11138664	224308.BSU40090	4885	10112
11134705	224308.BSU01240	4815	2057
11134713	224308.BSU01320	4587	2550
11138757	224308.BSU40970	4572	7480
11137554	224308.BSU29120	4510	9889
11136211	224308.BSU15960	4505	4988
11134723	224308.BSU01410	4460	2585
11134691	224308.BSU01100	4343	2897
11137473	224308.BSU28290	4244	12415
11134707	224308.BSU01260	4242	3399
11136266	224308.BSU16500	4216	12039
11134683	224308.BSU01020	4177	5345
11134722	224308.BSU01400	4155	399
11137467	224308.BSU28230	4047	13082
11134685	224308.BSU01040	3990	4384
11134726	224308.BSU01440	3887	3215
11137529	224308.BSU28860	3872	1581
11134706	224308.BSU01250	3814	1952
11136265	224308.BSU16490	3792	6939
11138364	224308.BSU37120	3777	7194
11134693	224308.BSU01120	3725	21187
11134701	224308.BSU01200	3678	3261
11138041	224308.BSU33900	3506	11613
11134731	224308.BSU01490	3313	3453
11138748	224308.BSU40890	3282	1705
11136074	224308.BSU14610	3276	11048
11138341	224308.BSU36900	3245	8840
11137101	224308.BSU24620	3093	6238
11137141	224308.BSU25020	3081	7469
11137555	224308.BSU29130	3044	7794
11137129	224308.BSU24900	2998	830
11134696	224308.BSU01150	2812	2532
11136073	224308.BSU14600	2802	9575
11138336	224308.BSU36850	2791	4118
11135923	224308.BSU13180	2756	17708
11137619	224308.BSU29750	2742	6368
11136207	224308.BSU15920	2727	1842
11137371	224308.BSU27320	2700	3245
11137784	224308.BSU31390	2688	3185
11138043	224308.BSU33920	2597	5738
11137493	224308.BSU28500	2592	3051
11137187	224308.BSU25470	2576	12859
11134700	224308.BSU01190	2546	5356
11135586	224308.BSU09950	2482	4526
11135968	224308.BSU13620	2402	3451
11136224	224308.BSU16090	2398	7939
11138363	224308.BSU37110	2370	6156
11134871	224308.BSU02900	2317	5324
11135216	224308.BSU06240	2275	5901
11137530	224308.BSU28870	2243	2675
11136072	224308.BSU14590	2241	6645
11138044	224308.BSU33930	2237	7887
11135349	224308.BSU07560	2177	3530
11138749	224308.BSU40900	2176	2734
11134654	224308.BSU00730	2147	5284
11136926	224308.BSU22880	2077	7486
11136225	224308.BSU16100	2045	3037
11135826	224308.BSU12280	2036	3354
11137037	224308.BSU23980	2035	5212
11134732	224308.BSU01500	2015	1687
11137920	224308.BSU32730	1979	4414
11136268	224308.BSU16520	1944	2011
11136359	224308.BSU17460	1901	7393
11136071	224308.BSU14580	1881	4918
11135026	224308.BSU04400	1862	959
11134592	224308.BSU00110	1856	4964
11138104	224308.BSU34540	1844	2336
11136504	224308.BSU18840	1795	2413
11134725	224308.BSU01430	1788	2953
11136788	224308.BSU21540	1749	1499
11138166	224308.BSU35150	1730	3292
11137706	224308.BSU30650	1620	1693
11136561	224308.BSU19360	1612	5511
11135779	224308.BSU11850	1603	2152
11136404	224308.BSU17890	1585	8761
11138708	224308.BSU40500	1583	2012
11136383	224308.BSU17690	1557	4859
11135240	224308.BSU06460	1530	1009
11137917	224308.BSU32710	1519	4743
11137084	224308.BSU24450	1519	1290
11138358	224308.BSU37070	1511	773
11137180	224308.BSU25400	1505	1884
11136175	224308.BSU15600	1492	2501
11136123	224308.BSU15080	1488	451
11135998	224308.BSU13890	1484	4940
11137533	224308.BSU28910	1467	480
11136944	224308.BSU23070	1455	7437
11137074	224308.BSU24350	1418	1083
11138714	224308.BSU40550	1380	4697
11137870	224308.BSU32260	1375	4592
11138332	224308.BSU36810	1365	6581
11136029	224308.BSU14180	1339	1975
11136291	224308.BSU16750	1329	3930
11137593	224308.BSU29490	1327	2432
11138181	224308.BSU35310	1322	1759
11137560	224308.BSU29180	1322	5605
11138406	224308.BSU37540	1305	292
11134618	224308.BSU00370	1305	1216
11135471	224308.BSU08790	1295	6496
11134894	224308.BSU03130	1293	2185
11138334	224308.BSU36830	1261	4562
11134859	224308.BSU02780	1259	4377
11135735	224308.BSU11430	1241	5919
11138550	224308.BSU38960	1241	4979
11134866	224308.BSU02850	1239	2891
11137488	224308.BSU28440	1218	5672
11138028	224308.BSU33770	1217	1954
11136244	224308.BSU16290	1212	2772
11137474	224308.BSU28300	1212	1978
11137025	224308.BSU23860	1208	5874
11134630	224308.BSU00490	1208	1551
11135246	224308.BSU06520	1208	5691
11135928	224308.BSU13230	1206	595
11134590	224308.BSU00090	1201	5070
11136249	224308.BSU16330	1194	1193
11137916	224308.BSU32700	1188	3847
11134872	224308.BSU02910	1188	3117
11136065	224308.BSU14540	1184	565
11138469	224308.BSU38170	1171	2324
11137471	224308.BSU28270	1163	3400
11135762	224308.BSU11690	1154	2552
11134650	224308.BSU00690	1148	4763
11134718	224308.BSU01370	1144	2736
11137869	224308.BSU32250	1130	3792
11136045	224308.BSU14340	1121	1069
11136197	224308.BSU15820	1121	130
11137544	224308.BSU29020	1108	2619
11137178	224308.BSU25380	1104	3379
11135592	224308.BSU10000	1103	763
11136406	224308.BSU17910	1103	707
11137070	224308.BSU24310	1095	2374
11138700	224308.BSU40420	1083	4208
11134924	224308.BSU03420	1079	1558
11134629	224308.BSU00480	1067	1137
11137927	224308.BSU32800	1066	1041
11138418	224308.BSU37660	1065	2765
11136000	224308.BSU13910	1065	5071
11136942	224308.BSU23040	1064	478
11137621	224308.BSU29770	1064	1230
11136415	224308.BSU18000	1051	7084
11136843	224308.BSU22070	1045	2010
11137837	224308.BSU31930	1039	4177
11136874	224308.BSU22370	1028	2761
11134633	224308.BSU00520	1025	1121
11136206	224308.BSU15910	1023	2265
11135827	224308.BSU12290	990	2453
11137188	224308.BSU25480	981	793
11135439	224308.BSU08480	980	1860
11136157	224308.BSU15420	975	1784
11137564	224308.BSU29220	965	2567
11137780	224308.BSU31350	953	3682
11137319	224308.BSU26820	929	2521
11135102	224308.BSU05120	927	517
11134601	224308.BSU00200	918	761
11135238	224308.BSU06440	911	4090
11135480	224308.BSU08880	908	537
11136144	224308.BSU15290	907	2704
11134967	224308.BSU03830	889	2523
11134721	224308.BSU01390	885	580
11137952	224308.BSU33040	879	2233
11137133	224308.BSU24940	875	1051
11135571	224308.BSU09800	846	1345
11137999	224308.BSU33480	843	1624
11135435	224308.BSU08440	838	2461
11137369	224308.BSU27300	820	958
11136783	224308.BSU21490	818	915
11136005	224308.BSU13960	818	1996
11137697	224308.BSU30550	816	2585
11136972	224308.BSU23360	815	1140
11136907	224308.BSU22710	813	2341
11136580	224308.BSU19550	812	1777
11134688	224308.BSU01070	811	8119
11135765	224308.BSU11720	803	2165
11135962	224308.BSU13560	793	2609
11137709	224308.BSU30670	789	800
11137712	224308.BSU30700	783	615
11137855	224308.BSU32110	782	2822
11137487	224308.BSU28430	781	1552
11136293	224308.BSU16770	780	2646
11135474	224308.BSU08820	780	2821
11134880	224308.BSU02990	774	442
11134644	224308.BSU00630	771	308
11135839	224308.BSU12410	770	1552
11138766	224308.BSU41060	769	16
11135758	224308.BSU11650	765	2074
11134640	224308.BSU00590	764	316
11135346	224308.BSU07520	757	1736
11135242	224308.BSU06480	753	4169
11136174	224308.BSU15590	751	3296
11136100	224308.BSU14860	751	8415
11134667	224308.BSU00860	745	5752
11136279	224308.BSU16630	745	4480
11135247	224308.BSU06530	740	2497
11137093	224308.BSU24540	734	686
11136855	224308.BSU22180	731	403
11138141	224308.BSU34900	729	1173
11134632	224308.BSU00510	727	2416
11134649	224308.BSU00680	726	992
11137556	224308.BSU29140	725	1970
11135905	224308.BSU13010	720	1769
11137206	224308.BSU25650	717	635
11134689	224308.BSU01080	715	7855
11137341	224308.BSU27020	701	1080
11138217	224308.BSU35670	700	1845
11137377	224308.BSU27380	695	231
11135239	224308.BSU06450	692	1747
11136909	224308.BSU22730	692	847
11135595	224308.BSU10020	687	2172
11138131	224308.BSU34800	682	1734
11137472	224308.BSU28280	681	3079
11138340	224308.BSU36890	681	1488
11136285	224308.BSU16690	677	3681
11136232	224308.BSU16170	677	1334
11134610	224308.BSU00290	675	436
11137983	224308.BSU33320	668	1218
11136820	224308.BSU21860	665	949
11134851	224308.BSU02700	663	1707
11135961	224308.BSU13550	662	2458
11137995	224308.BSU33440	657	3214
11137991	224308.BSU33400	655	1790
11136562	224308.BSU19370	654	4437
11137906	224308.BSU32610	653	1424
11134870	224308.BSU02890	653	1103
11136171	224308.BSU15560	649	813
11134759	224308.BSU01770	649	1713
11137799	224308.BSU31540	644	1819
11136461	224308.BSU18440	643	1930
11135694	224308.BSU11020	639	841
11136962	224308.BSU23250	634	960
11134931	224308.BSU03490	634	23697
11134682	224308.BSU01010	630	1140
11138042	224308.BSU33910	628	2590
11137262	224308.BSU26230	626	1765
11138468	224308.BSU38160	622	1443
11138331	224308.BSU36800	622	731
11136424	224308.BSU18080	621	405
11137913	224308.BSU32670	618	2545
11138054	224308.BSU34030	612	1500
11137992	224308.BSU33410	609	513
11136021	224308.BSU14100	605	560
11136671	224308.BSU20420	605	524
11135236	224308.BSU06420	601	1206
11134978	224308.BSU03940	597	732
11136905	224308.BSU22690	597	542
11136307	224308.BSU16940	591	1719
11137561	224308.BSU29190	591	1569
11138312	224308.BSU36610	589	163
11134591	224308.BSU00100	588	1750
11137866	224308.BSU32220	585	730
11138368	224308.BSU37160	585	846
11135058	224308.BSU04710	581	530
11136462	224308.BSU18450	578	8715
11137622	224308.BSU29780	575	867
11138002	224308.BSU33510	574	478
11135764	224308.BSU11710	572	1164
11135266	224308.BSU06710	569	2934
11137753	224308.BSU31110	569	481
11136267	224308.BSU16510	567	927
11136878	224308.BSU22410	566	660
11135230	224308.BSU06360	562	2825
11137429	224308.BSU27860	562	1788
11137466	224308.BSU28220	561	2060
11138292	224308.BSU36410	557	1715
11136986	224308.BSU23490	551	797
11137396	224308.BSU27550	551	2857
11138337	224308.BSU36860	551	211
11137132	224308.BSU24930	550	690
11137589	224308.BSU29450	550	2059
11135596	224308.BSU10030	549	948
11136276	224308.BSU16600	547	1702
11137591	224308.BSU29470	547	2307
11137038	224308.BSU23990	546	1245
11135713	224308.BSU11200	544	1838
11136547	224308.BSU19230	541	1043
11137979	224308.BSU33280	538	1017
11137402	224308.BSU27610	538	980
11137138	224308.BSU24990	538	805
11136108	224308.BSU14940	536	826
11136275	224308.BSU16590	534	524
11138335	224308.BSU36840	521	788
11138665	224308.BSU40100	520	1987
11136897	224308.BSU22600	513	2101
11137158	224308.BSU25190	511	419
11136987	224308.BSU23500	510	887
11134971	224308.BSU03870	510	663
11134933	224308.BSU03510	509	5039
11138236	224308.BSU35860	509	1639
11136067	224308.BSU14560	508	1093
11136873	224308.BSU22360	507	1935
11135463	224308.BSU08720	497	673
11135815	224308.BSU12180	492	770
11135625	224308.BSU10330	492	1059
11137024	224308.BSU23850	491	1830
11137203	224308.BSU25620	491	581
11135042	224308.BSU04550	490	660
11136158	224308.BSU15430	488	3085
11138509	224308.BSU38550	483	1949
11137722	224308.BSU30800	482	1032
11138333	224308.BSU36820	482	971
11138200	224308.BSU35490	479	1448
11134930	224308.BSU03480	478	18399
11137428	224308.BSU27850	476	1846
11134886	224308.BSU03050	475	934
11134593	224308.BSU00120	468	1251
11136821	224308.BSU21870	467	2165
11135727	224308.BSU11340	467	1446
11138615	224308.BSU39610	464	1234
11134918	224308.BSU03360	463	1564
11135045	224308.BSU04580	462	2016
11135718	224308.BSU11250	462	1546
11136893	224308.BSU22560	460	736
11136162	224308.BSU15470	460	895
11136035	224308.BSU14240	459	537
11135264	224308.BSU06690	457	2403
11138005	224308.BSU33540	455	1180
11135456	224308.BSU08650	455	1386
11138549	224308.BSU38950	454	2254
11137625	224308.BSU29820	452	869
11136927	224308.BSU22890	449	1080
11135889	224308.BSU12850	444	793
11138163	224308.BSU35120	444	1155
11138365	224308.BSU37130	444	605
11137750	224308.BSU31080	442	954
11137406	224308.BSU27650	442	2464
11137841	224308.BSU31970	441	1104
11136584	224308.BSU19580	440	1067
11137469	224308.BSU28250	437	618
11136046	224308.BSU14350	436	1089
11138576	224308.BSU39230	436	7825
11137620	224308.BSU29760	434	602
11138690	224308.BSU40320	433	609
11138039	224308.BSU33880	431	2300
11138137	224308.BSU34860	430	1007
11135263	224308.BSU06680	423	2013
11138575	224308.BSU39220	422	574
11135253	224308.BSU06580	421	529
11136167	224308.BSU15520	420	4020
11135243	224308.BSU06490	419	1567
11138287	224308.BSU36360	418	352
11137537	224308.BSU28950	417	2026
11134875	224308.BSU02940	416	1254
11138297	224308.BSU36460	416	1470
11136899	224308.BSU22620	413	1225
11137608	224308.BSU29640	410	607
11137532	224308.BSU28900	409	835
11137470	224308.BSU28260	407	1471
11135786	224308.BSU11920	404	500
11138751	224308.BSU40920	403	1455
11136246	224308.BSU16300	403	382
11135000	224308.BSU04140	402	1745
11136589	224308.BSU19630	399	952
11135523	224308.BSU09310	399	2068
11138214	224308.BSU35640	397	306
11137475	224308.BSU28310	396	1799
11134673	224308.BSU00920	396	1860
11137627	224308.BSU29840	396	493
11138632	224308.BSU39780	393	1176
11137506	224308.BSU28630	389	2960
11138461	224308.BSU38090	387	2155
11137673	224308.BSU30320	387	2656
11138191	224308.BSU35400	385	810
11136913	224308.BSU22770	385	335
11138582	224308.BSU39290	384	658
11135467	224308.BSU08760	383	960
11135746	224308.BSU11540	381	1959
11138014	224308.BSU33630	380	327
11137072	224308.BSU24330	379	605
11136467	224308.BSU18500	377	957
11135398	224308.BSU08060	377	837
11136388	224308.BSU17730	376	639
11137699	224308.BSU30570	376	352
11138055	224308.BSU34040	375	1470
11137698	224308.BSU30560	375	1890
11136277	224308.BSU16610	373	147
11135059	224308.BSU04720	373	566
11135591	224308.BSU09990	372	504
11138212	224308.BSU35620	371	1268
11137905	224308.BSU32600	370	1291
11136990	224308.BSU23520	369	340
11134663	224308.BSU00820	368	1729
11138596	224308.BSU39420	368	905
11138185	224308.BSU35340	368	1689
11136273	224308.BSU16570	367	2003
11135241	224308.BSU06470	367	644
11137030	224308.BSU23910	367	1395
11138490	224308.BSU38370	366	506
11134942	224308.BSU03610	365	987
11137743	224308.BSU31010	364	1596
11135262	224308.BSU06670	362	170
11136311	224308.BSU16980	362	306
11135399	224308.BSU08070	362	1258
11136309	224308.BSU16960	361	1146
11136811	224308.BSU21770	361	1286
11137585	224308.BSU29410	359	741
11137366	224308.BSU27270	358	671
11137446	224308.BSU28030	357	1319
11137110	224308.BSU24710	357	141
11137803	224308.BSU31580	355	740
11135709	224308.BSU11160	354	153
11137491	224308.BSU28470	354	1741
11138130	224308.BSU34790	353	880
11135558	224308.BSU09670	351	1087
11136096	224308.BSU14820	351	415
11135752	224308.BSU11590	350	365
11136184	224308.BSU15690	348	233
11136422	224308.BSU18060	347	183
11137227	224308.BSU25870	347	489
11135312	224308.BSU07150	347	309
11137047	224308.BSU24080	347	1049
11137144	224308.BSU25050	344	632
11135781	224308.BSU11870	344	1301
11138650	224308.BSU39960	344	337
11138648	224308.BSU39940	342	813
11137766	224308.BSU31240	341	2310
11137946	224308.BSU32990	339	447
11136555	224308.BSU19300	338	98
11136091	224308.BSU14770	337	1743
11138114	224308.BSU34640	336	515
11137507	224308.BSU28640	332	844
11137035	224308.BSU23960	330	461
11135210	224308.BSU06180	330	709
11137480	224308.BSU28360	329	548
11136554	224308.BSU19290	329	305
11135348	224308.BSU07550	327	373
11136860	224308.BSU22230	327	202
11138480	224308.BSU38270	326	1035
11138139	224308.BSU34880	326	957
11136098	224308.BSU14840	325	219
11136205	224308.BSU15900	325	1007
11135918	224308.BSU13140	325	503
11138070	224308.BSU34190	325	859
11137073	224308.BSU24340	325	1306
11136914	224308.BSU22780	324	587
11137782	224308.BSU31370	324	1310
11137994	224308.BSU33430	324	1726
11138177	224308.BSU35270	323	317
11136934	224308.BSU22960	323	1035
11138721	224308.BSU40620	323	791
11137768	224308.BSU31260	321	2826
11138242	224308.BSU35920	321	606
11134760	224308.BSU01780	319	1882
11135281	224308.BSU06840	319	556
11134583	224308.BSU00020	318	935
11137605	224308.BSU29610	318	1145
11136198	224308.BSU15830	318	354
11137745	224308.BSU31030	317	310
11137005	224308.BSU23660	317	232
11135614	224308.BSU10220	317	894
11137563	224308.BSU29210	316	939
11138282	224308.BSU36310	315	420
11138367	224308.BSU37150	315	1432
11136556	224308.BSU19310	314	1153
11135547	224308.BSU09550	311	898
11138072	224308.BSU34210	310	306
11137536	224308.BSU28940	309	727
11137928	224308.BSU32810	309	303
11138224	224308.BSU35740	309	381
11135669	224308.BSU10770	308	1627
11136004	224308.BSU13950	308	1622
11135954	224308.BSU13490	307	395
11136125	224308.BSU15100	306	214
11137036	224308.BSU23970	306	591
11136170	224308.BSU15550	306	872
11134717	224308.BSU01360	305	576
11138180	224308.BSU35300	305	2405
11135372	224308.BSU07800	304	493
11138040	224308.BSU33890	303	395
11138056	224308.BSU34050	302	621
11134879	224308.BSU02980	302	688
11135603	224308.BSU10100	300	434
11138454	224308.BSU38020	299	573
11137321	224308.BSU26830	299	508
11138636	224308.BSU39820	299	1822
11136078	224308.BSU14640	298	164
11134594	224308.BSU00130	298	1031
11136183	224308.BSU15680	298	575
11135546	224308.BSU09540	297	513
11138143	224308.BSU34920	296	850
11136028	224308.BSU14170	296	258
11138578	224308.BSU39250	294	395
11135622	224308.BSU10300	292	582
11135526	224308.BSU09340	292	471
11135967	224308.BSU13610	291	498
11137086	224308.BSU24470	291	358
11137914	224308.BSU32680	290	436
11137380	224308.BSU27410	289	2325
11137844	224308.BSU32000	289	707
11138493	224308.BSU38400	288	1343
11138175	224308.BSU35250	288	554
11136949	224308.BSU23120	288	645
11135245	224308.BSU06510	287	632
11136347	224308.BSU17340	286	311
11138642	224308.BSU39880	284	465
11136165	224308.BSU15500	283	1056
11135989	224308.BSU13810	282	272
11136059	224308.BSU14480	282	223
11137397	224308.BSU27560	281	1274
11137100	224308.BSU24610	277	349
11135444	224308.BSU08530	277	341
11138343	224308.BSU36920	277	502
11137042	224308.BSU24030	276	850
11138176	224308.BSU35260	276	441
11137611	224308.BSU29670	275	1065
11138385	224308.BSU37330	274	1432
11136294	224308.BSU16780	273	1639
11138192	224308.BSU35410	273	1085
11135693	224308.BSU11010	273	1590
11136166	224308.BSU15510	272	904
11137628	224308.BSU29850	272	526
11137661	224308.BSU30200	271	742
11135331	224308.BSU07360	271	562
11134881	224308.BSU03000	270	611
11135400	224308.BSU08080	269	570
11136236	224308.BSU16210	269	927
11138249	224308.BSU35990	268	713
11138466	224308.BSU38140	268	56
11135321	224308.BSU07260	268	1449
11135975	224308.BSU13690	268	512
11137786	224308.BSU31410	265	554
11136172	224308.BSU15570	265	524
11135615	224308.BSU10230	264	75
11137186	224308.BSU25460	263	640
11134619	224308.BSU00380	263	1975
11134804	224308.BSU02240	262	759
11138125	224308.BSU34740	262	193
11138029	224308.BSU33780	262	119
11136999	224308.BSU23610	262	448
11135626	224308.BSU10340	261	642
11136231	224308.BSU16160	261	1013
11137159	224308.BSU25200	260	520
11138402	224308.BSU37500	259	442
11137008	224308.BSU23690	259	206
11135087	224308.BSU04990	259	283
11137562	224308.BSU29200	258	625
11136906	224308.BSU22700	257	784
11138546	224308.BSU38920	256	923
11137915	224308.BSU32690	255	1006
11134631	224308.BSU00500	255	952
11136817	224308.BSU21830	252	288
11135231	224308.BSU06370	251	310
11137922	224308.BSU32750	250	814
11135618	224308.BSU10260	250	539
11138540	224308.BSU38860	250	791
11137228	224308.BSU25880	247	285
11135375	224308.BSU07830	247	525
11137393	224308.BSU27520	247	223
11134745	224308.BSU01630	246	601
11138644	224308.BSU39900	246	150
11137711	224308.BSU30690	246	557
11138215	224308.BSU35650	246	470
11138270	224308.BSU36200	245	72
11137664	224308.BSU30230	245	964
11137452	224308.BSU28090	244	2075
11135761	224308.BSU11680	244	154
11135244	224308.BSU06500	243	754
11138246	224308.BSU35960	242	517
11134687	224308.BSU01060	240	377
11135782	224308.BSU11880	238	777
11136260	224308.BSU16440	237	405
11135929	224308.BSU13240	237	405
11137091	224308.BSU24520	237	320
11138764	224308.BSU41040	236	660
11135033	224308.BSU04470	235	551
11138004	224308.BSU33530	234	642
11137921	224308.BSU32740	234	229
11138674	224308.BSU40180	234	61
11137120	224308.BSU24810	234	129
11138338	224308.BSU36870	233	291
11138271	224308.BSU36210	232	301
11137696	224308.BSU30540	231	1608
11138027	224308.BSU33760	231	262
11134990	224308.BSU04040	231	467
11135900	224308.BSU12960	230	784
11138118	224308.BSU34680	229	543
11136498	224308.BSU18780	229	408
11135845	224308.BSU12470	229	231
11137165	224308.BSU25260	227	1598
11135043	224308.BSU04560	226	569
11136844	224308.BSU22080	224	871
11138404	224308.BSU37520	224	277
11138142	224308.BSU34910	222	669
11138430	224308.BSU37780	222	790
11138692	224308.BSU40340	220	743
11135330	224308.BSU07350	220	839
11135538	224308.BSU09460	219	498
11137618	224308.BSU29740	219	616
11138164	224308.BSU35130	219	46
11137445	224308.BSU28020	218	403
11136292	224308.BSU16760	217	646
11137463	224308.BSU28190	217	343
11137525	224308.BSU28820	217	524
11138352	224308.BSU37010	217	684
11134896	224308.BSU03150	217	411
11135715	224308.BSU11220	217	686
11138034	224308.BSU33830	216	982
11137404	224308.BSU27630	215	127
11138288	224308.BSU36370	215	240
11136062	224308.BSU14510	215	462
11137953	224308.BSU33049	215	72
11137843	224308.BSU31990	213	753
11136300	224308.BSU16845	212	492
11137096	224308.BSU24570	212	775
11137456	224308.BSU28120	211	601
11138179	224308.BSU35290	211	713
11138420	224308.BSU37680	211	421
11137911	224308.BSU32660	209	229
11135379	224308.BSU07870	209	204
11136023	224308.BSU14120	208	90
11136056	224308.BSU14450	208	752
11137044	224308.BSU24050	207	574
11136471	224308.BSU18540	206	337
11137907	224308.BSU32620	206	385
11136054	224308.BSU14430	205	1054
11136215	224308.BSU16000	205	107
11136052	224308.BSU14410	204	467
11137597	224308.BSU29530	204	477
11137877	224308.BSU32330	204	668
11135213	224308.BSU06210	203	556
11136953	224308.BSU23160	203	344
11136869	224308.BSU22320	203	1747
11137765	224308.BSU31230	203	1927
11135935	224308.BSU13300	202	506
11138467	224308.BSU38150	202	168
11137598	224308.BSU29540	202	418
11137407	224308.BSU27660	201	248
11134784	224308.BSU02040	200	496
11137543	224308.BSU29010	199	112
11135008	224308.BSU04220	199	193
11136169	224308.BSU15540	199	324
11137677	224308.BSU30360	199	224
11138594	224308.BSU39400	198	632
11136809	224308.BSU21750	198	297
11137630	224308.BSU29870	197	170
11138419	224308.BSU37670	197	436
11136154	224308.BSU15390	196	304
11138026	224308.BSU33750	196	307
11134659	224308.BSU00780	195	206
11137489	224308.BSU28450	195	380
11136304	224308.BSU16910	195	435
11137209	224308.BSU25680	195	276
11135438	224308.BSU08470	194	477
11136079	224308.BSU14650	194	406
11136315	224308.BSU17020	194	188
11134785	224308.BSU02050	193	762
11135313	224308.BSU07160	193	194
11136064	224308.BSU14530	193	1209
11135868	224308.BSU12660	192	426
11137842	224308.BSU31980	192	749
11135056	224308.BSU04690	192	316
11135364	224308.BSU07710	191	1124
11137457	224308.BSU28130	191	627
11137964	224308.BSU33150	189	230
11138361	224308.BSU37090	188	401
11137833	224308.BSU31890	187	639
11135276	224308.BSU06811	186	302
11136767	224308.BSU21330	185	329
11137875	224308.BSU32310	185	248
11136822	224308.BSU21880	184	689
11137838	224308.BSU31945	184	326
11137061	224308.BSU24220	184	594
11136192	224308.BSU15770	183	644
11134588	224308.BSU00070	181	1280
11135731	224308.BSU11390	181	436
11135522	224308.BSU09300	181	869
11134652	224308.BSU00710	181	432
11137831	224308.BSU31860	180	1503
11137442	224308.BSU27990	179	533
11136500	224308.BSU18800	179	568
11138203	224308.BSU35520	178	528
11135981	224308.BSU13750	178	264
11135867	224308.BSU12650	177	503
11137942	224308.BSU32930	176	133
11135714	224308.BSU11210	176	391
11136880	224308.BSU22430	176	503
11134672	224308.BSU00910	176	297
11138268	224308.BSU36180	176	249
11138506	224308.BSU38520	175	160
11137153	224308.BSU25140	174	743
11136138	224308.BSU15230	173	505
11137043	224308.BSU24040	172	540
11135251	224308.BSU06560	171	486
11138482	224308.BSU38290	171	308
11136135	224308.BSU15200	170	806
11134719	224308.BSU01380	170	402
11138032	224308.BSU33810	170	422
11136272	224308.BSU16560	170	508
11136967	224308.BSU23310	169	448
11138761	224308.BSU41010	169	793
11135732	224308.BSU11400	168	313
11138140	224308.BSU34890	168	330
11135963	224308.BSU13570	168	335
11137962	224308.BSU33130	168	24
11135964	224308.BSU13580	168	426
11136051	224308.BSU14400	168	515
11136106	224308.BSU14920	167	58
11137821	224308.BSU31760	166	289
11134758	224308.BSU01760	166	625
11137553	224308.BSU29110	166	392
11136505	224308.BSU18849	165	147
11135630	224308.BSU10380	165	643
11136403	224308.BSU17880	165	53
11135209	224308.BSU06170	165	558
11137094	224308.BSU24550	165	578
11137874	224308.BSU32300	164	236
11138356	224308.BSU37050	164	841
11135486	224308.BSU08930	164	207
11136153	224308.BSU15380	164	294
11135237	224308.BSU06430	164	497
11136892	224308.BSU22550	163	283
11134736	224308.BSU01540	162	439
11137146	224308.BSU25070	162	743
11135340	224308.BSU07450	160	390
11137378	224308.BSU27390	160	247
11136351	224308.BSU17380	160	1332
11137633	224308.BSU29900	160	377
11137315	224308.BSU26780	160	225
11135258	224308.BSU06630	160	516
11134991	224308.BSU04050	160	527
11137820	224308.BSU31750	159	779
11136241	224308.BSU16260	158	166
11136227	224308.BSU16120	158	927
11137823	224308.BSU31780	158	168
11136217	224308.BSU16020	156	260
11136795	224308.BSU21600	156	506
11138144	224308.BSU34930	156	516
11134963	224308.BSU03790	156	741
11135726	224308.BSU11330	156	394
11136208	224308.BSU15930	156	361
11136733	224308.BSU21010	154	214
11138671	224308.BSU40150	154	354
11138247	224308.BSU35970	154	173
11137496	224308.BSU28530	154	283
11138765	224308.BSU41050	153	100
11138604	224308.BSU39500	153	384
11136149	224308.BSU15340	153	395
11135925	224308.BSU13200	153	494
11137849	224308.BSU32050	152	709
11134634	224308.BSU00530	152	359
11137045	224308.BSU24060	152	443
11134675	224308.BSU00940	151	833
11135606	224308.BSU10130	151	286
11137850	224308.BSU32060	151	138
11135995	224308.BSU13860	150	576
11137569	224308.BSU29250	150	320
11136974	224308.BSU23380	150	661
11137071	224308.BSU24320	150	176
11137968	224308.BSU33190	149	343
11136210	224308.BSU15950	149	357
11134925	224308.BSU03430	149	194
11135927	224308.BSU13220	149	561
11135007	224308.BSU04210	148	308
11134902	224308.BSU03210	147	558
11135212	224308.BSU06200	147	330
11137873	224308.BSU32290	146	342
11137399	224308.BSU27580	146	704
11136400	224308.BSU17850	145	143
11137204	224308.BSU25630	145	290
11138447	224308.BSU37950	145	134
11136011	224308.BSU14010	144	442
11136312	224308.BSU16990	143	262
11137708	224308.BSU30660	143	147
11134587	224308.BSU00060	143	702
11137623	224308.BSU29790	142	539
11137588	224308.BSU29440	142	692
11137448	224308.BSU28050	142	280
11135737	224308.BSU11450	141	307
11135717	224308.BSU11240	141	1181
11138513	224308.BSU38590	141	143
11135362	224308.BSU07690	141	346
11137068	224308.BSU24290	141	110
11136133	224308.BSU15180	141	739
11136849	224308.BSU22130	141	376
11138463	224308.BSU38110	141	286
11138327	224308.BSU36760	140	580
11134628	224308.BSU00470	140	385
11136281	224308.BSU16650	139	172
11138386	224308.BSU37340	139	193
11134867	224308.BSU02860	139	258
11138306	224308.BSU36550	139	244
11137975	224308.BSU33240	138	368
11136523	224308.BSU18990	138	244
11134934	224308.BSU03520	138	225
11136041	224308.BSU14300	138	265
11137861	224308.BSU32170	137	314
11137481	224308.BSU28370	137	338
11137200	224308.BSU25590	137	167
11134755	224308.BSU01730	137	157
11135821	224308.BSU12230	137	329
11135920	224308.BSU13160	136	156
11135521	224308.BSU09290	136	680
11136522	224308.BSU18980	136	353
11136887	224308.BSU22500	136	94
11136213	224308.BSU15980	136	649
11136898	224308.BSU22610	136	364
11136220	224308.BSU16050	135	344
11136164	224308.BSU15490	135	392
11138038	224308.BSU33870	135	188
11136807	224308.BSU21730	134	277
11135520	224308.BSU09280	134	159
11138188	224308.BSU35370	134	128
11137707	224308.BSU30659	133	67
11138129	224308.BSU34780	133	168
11137868	224308.BSU32240	132	290
11136212	224308.BSU15970	132	160
11137435	224308.BSU27920	132	552
11134792	224308.BSU02120	131	286
11136879	224308.BSU22420	131	263
11135549	224308.BSU09570	131	540
11135401	224308.BSU08090	130	402
11134975	224308.BSU03910	130	418
11136182	224308.BSU15670	130	128
11135616	224308.BSU10240	130	169
11136076	224308.BSU14629	130	41
11136009	224308.BSU14000	130	512
11137774	224308.BSU31310	129	222
11136143	224308.BSU15280	129	383
11135744	224308.BSU11520	129	197
11137163	224308.BSU25240	128	375
11137989	224308.BSU33380	128	338
11135530	224308.BSU09380	128	216
11135894	224308.BSU12900	128	370
11135712	224308.BSU11190	128	370
11137048	224308.BSU24090	126	322
11136188	224308.BSU15730	126	476
11138699	224308.BSU40410	125	223
11136585	224308.BSU19590	124	449
11136885	224308.BSU22480	124	216
11135427	224308.BSU08350	124	391
11134899	224308.BSU03180	123	415
11137612	224308.BSU29680	122	594
11135926	224308.BSU13210	122	267
11135965	224308.BSU13590	122	351
11137847	224308.BSU32030	122	185
11138408	224308.BSU37560	122	868
11137495	224308.BSU28520	122	303
11136952	224308.BSU23150	122	203
11135543	224308.BSU09510	122	284
11134819	224308.BSU02390	122	419
11136033	224308.BSU14220	121	203
11137085	224308.BSU24460	121	419
11134988	224308.BSU04030	121	90
11135919	224308.BSU13150	121	224
11138284	224308.BSU36330	121	202
11135802	224308.BSU12060	121	166
11136352	224308.BSU17390	120	451
11134803	224308.BSU02230	120	404
11135184	224308.BSU05910	120	148
11135734	224308.BSU11420	119	297
11137662	224308.BSU30210	119	350
11136259	224308.BSU16430	118	582
11134999	224308.BSU04130	118	167
11137095	224308.BSU24560	118	285
11138510	224308.BSU38560	118	341
11134774	224308.BSU01935	117	507
11136313	224308.BSU17000	117	401
11138138	224308.BSU34870	117	319
11137860	224308.BSU32160	117	197
11136475	224308.BSU18580	117	138
11138031	224308.BSU33800	116	281
11137191	224308.BSU25510	116	633
11135342	224308.BSU07480	116	482
11138401	224308.BSU37490	116	277
11138186	224308.BSU35350	115	118
11135363	224308.BSU07700	115	296
11138037	224308.BSU33860	115	260
11138355	224308.BSU37040	115	247
11135780	224308.BSU11860	114	227
11136423	224308.BSU18070	114	151
11138013	224308.BSU33620	114	303
11137864	224308.BSU32200	114	343
11135118	224308.BSU05280	114	136
11134768	224308.BSU01880	113	84
11136995	224308.BSU23570	113	306
11135431	224308.BSU08390	113	207
11135160	224308.BSU05660	112	311
11137395	224308.BSU27540	112	214
11136177	224308.BSU15620	112	313
11137383	224308.BSU27440	112	144
11135974	224308.BSU13680	112	190
11135629	224308.BSU10370	112	95
11136168	224308.BSU15530	112	291
11138213	224308.BSU35630	111	717
11135915	224308.BSU13110	111	210
11136473	224308.BSU18560	111	438
11137791	224308.BSU31460	111	235
11137929	224308.BSU32820	111	536
11138019	224308.BSU33680	110	158
11135736	224308.BSU11440	110	218
11138504	224308.BSU38500	110	484
11136961	224308.BSU23240	110	126
11138115	224308.BSU34650	109	68
11137829	224308.BSU31840	109	320
11137548	224308.BSU29060	109	288
11138756	224308.BSU40960	109	359
11138243	224308.BSU35930	109	123
11137001	224308.BSU23620	108	314
11135390	224308.BSU07990	108	305
11138089	224308.BSU34390	108	449
11136875	224308.BSU22380	108	162
11136301	224308.BSU16860	108	449
11136876	224308.BSU22390	107	87
11137767	224308.BSU31250	107	1602
11137368	224308.BSU27290	107	123
11138548	224308.BSU38940	107	96
11135046	224308.BSU04590	107	96
11136310	224308.BSU16970	107	327
11135493	224308.BSU09000	107	115
11137490	224308.BSU28460	107	107
11137432	224308.BSU27890	106	201
11137486	224308.BSU28420	106	124
11135112	224308.BSU05220	106	216
11137744	224308.BSU31020	105	25
11135597	224308.BSU10040	105	165
11136104	224308.BSU14900	105	254
11136908	224308.BSU22720	105	272
11136938	224308.BSU23000	105	57
11137064	224308.BSU24250	105	139
11136161	224308.BSU15460	105	295
11137479	224308.BSU28350	105	224
11134876	224308.BSU02950	105	219
11134653	224308.BSU00720	105	259
11138556	224308.BSU39020	104	144
11137275	224308.BSU26350	104	136
11136481	224308.BSU18630	103	149
11138314	224308.BSU36630	103	155
11137313	224308.BSU26760	103	147
11135220	224308.BSU06270	103	68
11138235	224308.BSU35850	103	283
11136508	224308.BSU18870	103	108
11135600	224308.BSU10070	102	310
11137007	224308.BSU23680	102	169
11136572	224308.BSU19470	102	100
11138189	224308.BSU35380	102	121
11138670	224308.BSU40140	102	87
11136431	224308.BSU18150	102	284
11135462	224308.BSU08710	102	408
11136411	224308.BSU17960	101	85
11135044	224308.BSU04570	101	370
11136150	224308.BSU15350	101	386
11134883	224308.BSU03020	101	305
11137961	224308.BSU33120	101	170
11136920	224308.BSU22840	100	423
11135201	224308.BSU06090	99.7	268
11136824	224308.BSU21900	99.7	75
11135350	224308.BSU07570	99.5	125
11136919	224308.BSU22830	99.4	364
11136588	224308.BSU19620	98.9	199
11138290	224308.BSU36390	98.7	198
11137464	224308.BSU28200	98.5	642
11136131	224308.BSU15160	98.0	568
11137401	224308.BSU27600	97.7	775
11136624	224308.BSU19950	97.7	360
11138250	224308.BSU36000	97.6	223
11136341	224308.BSU17280	97.4	134
11135917	224308.BSU13130	97.2	475
11137682	224308.BSU30410	97.2	247
11136204	224308.BSU15890	97.1	374
11138366	224308.BSU37140	97.0	206
11136314	224308.BSU17010	96.9	445
11135566	224308.BSU09750	96.8	360
11135791	224308.BSU11950	96.7	28
11138431	224308.BSU37790	96.7	453
11137601	224308.BSU29570	96.7	360
11138201	224308.BSU35500	96.6	379
11135377	224308.BSU07850	96.6	158
11135464	224308.BSU08730	96.3	174
11136803	224308.BSU21690	96.0	169
11135495	224308.BSU09020	95.8	160
11135054	224308.BSU04670	95.4	230
11138763	224308.BSU41030	95.3	250
11138222	224308.BSU35720	95.0	609
11136409	224308.BSU17940	94.8	100
11137379	224308.BSU27400	94.6	50
11135508	224308.BSU09150	94.4	109
11136993	224308.BSU23550	94.1	342
11137156	224308.BSU25170	94.0	276
11137172	224308.BSU25320	93.9	135
11137857	224308.BSU32130	93.9	296
11135966	224308.BSU13600	93.9	220
11135696	224308.BSU11040	93.8	136
11137169	224308.BSU25290	93.5	232
11134813	224308.BSU02330	93.4	291
11135529	224308.BSU09370	93.4	364
11138663	224308.BSU40080	93.3	682
11135612	224308.BSU10200	93.3	287
11136248	224308.BSU16320	92.3	223
11137374	224308.BSU27350	92.1	152
11138641	224308.BSU39870	92.0	110
11137484	224308.BSU28400	91.7	90
11138342	224308.BSU36910	91.5	227
11136105	224308.BSU14910	91.3	109
11135633	224308.BSU10410	91.3	39
11134584	224308.BSU00030	89.4	111
11135861	224308.BSU12610	89.4	188
11138609	224308.BSU39550	89.2	130
11137542	224308.BSU29000	88.7	98
11135730	224308.BSU11370	88.3	260
11136063	224308.BSU14520	87.8	308
11138423	224308.BSU37710	87.7	354
11138303	224308.BSU36520	87.6	108
11135617	224308.BSU10250	87.6	356
11137984	224308.BSU33330	87.1	98
11134920	224308.BSU03380	87.0	163
11134609	224308.BSU00280	86.7	207
11134983	224308.BSU03982	86.7	80
11138136	224308.BSU34850	86.3	234
11136933	224308.BSU22950	86.2	262
11135716	224308.BSU11230	86.1	224
11137902	224308.BSU32570	86.1	199
11136316	224308.BSU17030	85.8	148
11137245	224308.BSU26060	85.7	326
11137255	224308.BSU26160	85.2	185
11137173	224308.BSU25330	85.2	526
11138021	224308.BSU33700	84.9	232
11137813	224308.BSU31680	84.9	225
11135584	224308.BSU09930	84.6	251
11135457	224308.BSU08660	84.6	32
11135741	224308.BSU11490	84.5	110
11136048	224308.BSU14370	84.2	149
11138307	224308.BSU36560	84.2	175
11136081	224308.BSU14670	84.0	241
11136886	224308.BSU22490	84.0	224
11136145	224308.BSU15300	83.7	783
11137118	224308.BSU24790	83.3	144
11134915	224308.BSU03340	83.1	242
11135122	224308.BSU05320	82.9	162
11137798	224308.BSU31530	82.7	214
11135167	224308.BSU05730	82.4	167
11136973	224308.BSU23370	82.2	275
11138223	224308.BSU35730	82.0	558
11136579	224308.BSU19540	82.0	99
11137459	224308.BSU28150	81.6	238
11134625	224308.BSU00440	81.6	17
11134805	224308.BSU02250	81.4	139
11137526	224308.BSU28830	81.4	111
11136201	224308.BSU15860	81.4	183
11137848	224308.BSU32040	81.1	142
11135173	224308.BSU05790	81.1	150
11135973	224308.BSU13670	81.0	100
11137443	224308.BSU28000	80.6	154
11137174	224308.BSU25340	80.3	274
11138251	224308.BSU36010	80.2	360
11135976	224308.BSU13700	79.8	895
11136230	224308.BSU16150	79.8	126
11135373	224308.BSU07810	79.7	361
11137285	224308.BSU26470	79.6	137
11135169	224308.BSU05750	79.3	152
11135426	224308.BSU08340	79.1	169
11137497	224308.BSU28540	78.9	193
11138375	224308.BSU37230	78.7	303
11137834	224308.BSU31900	78.7	70
11137757	224308.BSU31150	78.4	239
11138133	224308.BSU34820	78.4	393
11137665	224308.BSU30240	78.2	248
11136084	224308.BSU14700	78.1	371
11135289	224308.BSU06920	78.0	191
11137551	224308.BSU29090	78.0	702
11137641	224308.BSU29980	77.8	323
11135609	224308.BSU10160	77.8	421
11136472	224308.BSU18550	77.6	444
11138128	224308.BSU34770	77.5	234
11135763	224308.BSU11700	77.3	229
11137102	224308.BSU24630	77.3	96
11138507	224308.BSU38530	77.2	224
11137430	224308.BSU27870	77.0	377
11137552	224308.BSU29100	76.7	436
11135448	224308.BSU08570	76.6	114
11137859	224308.BSU32150	76.5	123
11136122	224308.BSU15070	76.3	161
11134816	224308.BSU02360	76.3	159
11137590	224308.BSU29460	76.0	91
11137691	224308.BSU30490	76.0	141
11135581	224308.BSU09900	75.9	215
11136163	224308.BSU15480	75.9	190
11138218	224308.BSU35680	75.7	551
11136515	224308.BSU18910	75.5	332
11137660	224308.BSU30190	75.3	415
11136842	224308.BSU22060	75.2	151
11135088	224308.BSU05000	75.2	138
11137759	224308.BSU31170	74.9	199
11135849	224308.BSU12510	74.8	96
11138011	224308.BSU33600	74.8	88
11137977	224308.BSU33260	74.8	108
11135257	224308.BSU06620	74.7	557
11136129	224308.BSU15140	74.5	182
11136066	224308.BSU14550	74.4	190
11135692	224308.BSU11000	74.3	88
11136305	224308.BSU16920	74.1	92
11137742	224308.BSU31000	74.0	136
11138560	224308.BSU39070	73.7	146
11136420	224308.BSU18040	73.5	134
11134582	224308.BSU00010	73.5	390
11135953	224308.BSU13480	72.8	170
11137360	224308.BSU27210	72.6	96
11137785	224308.BSU31400	72.5	251
11135888	224308.BSU12840	72.5	66
11136709	224308.BSU20800	72.5	422
11137741	224308.BSU30990	72.4	52
11135459	224308.BSU08680	72.3	150
11134908	224308.BSU03270	72.2	260
11137021	224308.BSU23820	72.2	174
11136050	224308.BSU14390	72.0	117
11138024	224308.BSU33730	71.9	473
11136983	224308.BSU23460	71.7	100
11136386	224308.BSU17710	71.4	42
11136802	224308.BSU21680	71.0	84
11138275	224308.BSU36250	70.9	150
11134603	224308.BSU00220	70.6	18
11137199	224308.BSU25580	70.2	162
11138150	224308.BSU34990	70.0	160
11138398	224308.BSU37460	70.0	340
11136103	224308.BSU14890	70.0	199
11136191	224308.BSU15760	69.9	184
11136245	224308.BSU16299	69.8	36
11135283	224308.BSU06860	69.5	118
11136353	224308.BSU17400	69.5	178
11137840	224308.BSU31960	69.5	1485
11136380	224308.BSU17660	69.2	117
11136306	224308.BSU16930	69.2	175
11134614	224308.BSU00330	68.8	117
11137166	224308.BSU25270	68.8	255
11137155	224308.BSU25160	68.7	226
11138676	224308.BSU40200	68.7	430
11136804	224308.BSU21700	68.7	77
11135332	224308.BSU07370	68.5	365
11135613	224308.BSU10210	68.5	59
11136545	224308.BSU19210	68.4	182
11138033	224308.BSU33820	68.4	136
11135778	224308.BSU11840	68.3	48
11138003	224308.BSU33520	68.2	58
11138148	224308.BSU34970	68.1	138
11138760	224308.BSU41000	68.0	192
11137967	224308.BSU33180	67.8	289
11135724	224308.BSU11310	67.7	33
11136255	224308.BSU16390	67.7	201
11135667	224308.BSU10750	67.5	193
11136199	224308.BSU15840	67.1	259
11135605	224308.BSU10120	67.0	223
11138362	224308.BSU37100	66.7	290
11134674	224308.BSU00930	66.7	143
11138244	224308.BSU35940	66.6	256
11135790	224308.BSU11940	66.5	86
11137205	224308.BSU25640	66.4	126
11137092	224308.BSU24530	66.4	192
11136200	224308.BSU15850	66.4	160
11138679	224308.BSU40230	66.2	107
11135168	224308.BSU05740	66.1	171
11137899	224308.BSU32540	65.9	153
11136963	224308.BSU23260	65.9	302
11138713	224308.BSU40540	65.7	115
11138425	224308.BSU37730	65.1	176
11136891	224308.BSU22540	65.1	112
11138012	224308.BSU33610	65.1	403
11135053	224308.BSU04660	65.0	102
11136916	224308.BSU22800	64.9	232
11134679	224308.BSU00980	64.6	136
11134815	224308.BSU02350	64.3	297
11137179	224308.BSU25390	63.8	176
11134756	224308.BSU01740	63.6	107
11136964	224308.BSU23270	63.5	130
11136466	224308.BSU18490	63.2	43
11137164	224308.BSU25250	63.0	125
11138199	224308.BSU35480	62.9	130
11137208	224308.BSU25670	62.8	241
11137170	224308.BSU25300	62.7	104
11138245	224308.BSU35950	62.6	142
11138159	224308.BSU35080	62.6	96
11136474	224308.BSU18570	62.5	378
11137060	224308.BSU24210	62.4	218
11136996	224308.BSU23580	62.4	144
11134639	224308.BSU00580	62.3	265
11134916	224308.BSU03350	62.2	81
11135218	224308.BSU06260	62.1	225
11138093	224308.BSU34430	62.1	89
11136560	224308.BSU19350	62.0	53
11135035	224308.BSU04490	61.9	196
11136228	224308.BSU16130	61.9	245
11138151	224308.BSU35000	61.6	242
11136895	224308.BSU22580	61.5	127
11138407	224308.BSU37550	61.5	84
11138574	224308.BSU39210	61.5	84
11135785	224308.BSU11910	61.5	243
11135907	224308.BSU13030	61.4	108
11135012	224308.BSU04260	61.3	401
11134680	224308.BSU00990	61.3	18
11135738	224308.BSU11460	61.2	190
11135429	224308.BSU08370	60.8	127
11137795	224308.BSU31500	60.8	67
11138677	224308.BSU40210	60.8	129
11134888	224308.BSU03070	60.4	151
11138374	224308.BSU37220	60.4	83
11137046	224308.BSU24070	59.9	256
11137683	224308.BSU30420	59.9	93
11137413	224308.BSU27720	59.8	294
11138228	224308.BSU35780	59.7	441
11137498	224308.BSU28550	59.5	96
11136947	224308.BSU23100	59.4	106
11135636	224308.BSU10440	59.4	23
11137672	224308.BSU30310	59.2	50
11135753	224308.BSU11600	59.2	141
11137600	224308.BSU29560	59.1	363
11136792	224308.BSU21570	59.0	108
11135410	224308.BSU08180	59.0	266
11138718	224308.BSU40590	58.9	46
11138633	224308.BSU39790	58.7	72
11137592	224308.BSU29480	58.6	191
11138678	224308.BSU40220	58.5	280
11135545	224308.BSU09530	58.4	153
11138098	224308.BSU34480	58.3	157
11135450	224308.BSU08590	58.2	175
11137372	224308.BSU27330	58.2	145
11134595	224308.BSU00140	58.1	124
11138152	224308.BSU35010	58.0	160
11135703	224308.BSU11110	57.9	152
11138503	224308.BSU38499	57.8	14
11136966	224308.BSU23300	57.8	38
11137412	224308.BSU27710	57.5	196
11136718	224308.BSU20890	57.4	87
11137390	224308.BSU27490	57.0	92
11136548	224308.BSU19240	57.0	42
11134677	224308.BSU00960	57.0	170
11136596	224308.BSU19680	56.6	24
11136570	224308.BSU19450	56.5	185
11136006	224308.BSU13970	56.5	117
11137789	224308.BSU31440	56.3	192
11137629	224308.BSU29860	56.1	183
11138167	224308.BSU35160	56.1	462
11135256	224308.BSU06610	56.0	453
11137749	224308.BSU31070	55.5	114
11137596	224308.BSU29520	55.4	96
11138202	224308.BSU35510	55.3	132
11137704	224308.BSU30630	54.9	72
11135156	224308.BSU05620	54.9	120
11136797	224308.BSU21620	54.6	75
11136780	224308.BSU21460	54.4	69
11138315	224308.BSU36640	54.3	215
11138313	224308.BSU36620	54.3	125
11136234	224308.BSU16190	54.3	45
11136139	224308.BSU15240	54.1	110
11138220	224308.BSU35700	53.8	166
11137152	224308.BSU25130	53.8	98
11135038	224308.BSU04520	53.8	201
11137218	224308.BSU25780	53.7	73
11138320	224308.BSU36690	53.6	266
11134882	224308.BSU03010	53.5	254
11137503	224308.BSU28600	53.4	51
11136833	224308.BSU21990	53.1	60
11137177	224308.BSU25370	53.1	53
11138759	224308.BSU40990	53.0	186
11136155	224308.BSU15400	53.0	49
11134799	224308.BSU02190	52.9	139
11136994	224308.BSU23560	52.9	79
11135590	224308.BSU09980	52.8	61
11134966	224308.BSU03820	52.7	126
11136271	224308.BSU16550	52.7	187
11138088	224308.BSU34380	52.4	89
11135978	224308.BSU13720	52.3	159
11136124	224308.BSU15090	52.3	107
11135754	224308.BSU11610	52.0	164
11137800	224308.BSU31550	51.7	265
11134843	224308.BSU02620	51.7	211
11136470	224308.BSU18530	51.7	108
11136152	224308.BSU15370	51.5	104
11135678	224308.BSU10860	51.5	121
11138000	224308.BSU33490	51.3	248
11137331	224308.BSU26930	51.2	47
11138293	224308.BSU36420	51.0	25
11138111	224308.BSU34610	50.8	124
11135029	224308.BSU04430	50.6	89
11135695	224308.BSU11030	50.6	142
11136026	224308.BSU14150	50.5	61
11138344	224308.BSU36930	50.4	64
11137948	224308.BSU33010	50.4	121
11136127	224308.BSU15120	50.2	229
11134777	224308.BSU01970	50.1	74
11134766	224308.BSU01860	50.0	78
11137943	224308.BSU32940	49.9	82
11134627	224308.BSU00460	49.9	122
11135795	224308.BSU11990	49.8	44
11137794	224308.BSU31490	49.7	195
11135157	224308.BSU05630	49.6	102
11134885	224308.BSU03040	49.6	293
11134757	224308.BSU01750	49.6	94
11137626	224308.BSU29830	49.6	115
11137531	224308.BSU28890	49.4	69
11137839	224308.BSU31959	49.2	5
11137500	224308.BSU28570	49.2	41
11138481	224308.BSU38280	49.2	139
11138717	224308.BSU40580	49.1	62
11136278	224308.BSU16620	48.7	49
11138573	224308.BSU39200	48.7	96
11135797	224308.BSU12010	48.6	161
11135202	224308.BSU06100	48.5	189
11135357	224308.BSU07640	48.4	34
11135729	224308.BSU11360	48.3	142
11137376	224308.BSU27370	48.2	163
11138483	224308.BSU38300	48.1	97
11136137	224308.BSU15220	48.1	171
11136825	224308.BSU21910	48.1	156
11136194	224308.BSU15790	48.0	102
11137185	224308.BSU25450	48.0	93
11137345	224308.BSU27060	47.8	71
11138444	224308.BSU37920	47.5	27
11135994	224308.BSU13850	47.3	150
11137184	224308.BSU25440	47.0	141
11135803	224308.BSU12069	47.0	24
11135951	224308.BSU13460	46.9	167
11138730	224308.BSU40710	46.9	57
11134623	224308.BSU00420	46.8	148
11135267	224308.BSU06720	46.8	160
11136280	224308.BSU16640	46.8	58
11138308	224308.BSU36570	46.7	14
11135055	224308.BSU04680	46.6	42
11135516	224308.BSU09240	46.5	85
11135668	224308.BSU10760	46.4	71
11135564	224308.BSU09730	46.3	84
11135742	224308.BSU11500	46.2	83
11138629	224308.BSU39750	46.1	85
11137327	224308.BSU26890	46.1	82
11136007	224308.BSU13980	46.1	292
11137392	224308.BSU27510	45.9	146
11135628	224308.BSU10360	45.9	183
11135060	224308.BSU04730	45.9	114
11137416	224308.BSU27740	45.8	98
11136030	224308.BSU14190	45.8	105
11137719	224308.BSU30770	45.8	133
11136455	224308.BSU18380	45.4	79
11136203	224308.BSU15880	45.4	67
11137067	224308.BSU24280	45.4	140
11137781	224308.BSU31360	45.3	215
11134994	224308.BSU04080	45.3	61
11138647	224308.BSU39930	45.2	142
11137483	224308.BSU28390	45.0	143
11138276	224308.BSU36260	44.9	93
11135502	224308.BSU09090	44.8	77
11134660	224308.BSU00790	44.8	97
11135061	224308.BSU04740	44.4	89
11137812	224308.BSU31670	44.3	50
11135623	224308.BSU10310	44.1	55
11135534	224308.BSU09420	44.0	126
11134613	224308.BSU00320	43.9	153
11135896	224308.BSU12920	43.9	109
11135760	224308.BSU11670	43.9	195
11134941	224308.BSU03600	43.8	70
11137947	224308.BSU33000	43.7	115
11137883	224308.BSU32390	43.6	105
11138698	224308.BSU40400	43.6	209
11136633	224308.BSU20040	43.5	244
11137157	224308.BSU25180	43.5	74
11134903	224308.BSU03220	43.4	91
11136237	224308.BSU16220	43.4	123
11136854	224308.BSU22170	43.0	163
11138697	224308.BSU40390	42.7	150
11138558	224308.BSU39050	42.6	184
11138280	224308.BSU36290	42.6	116
11135466	224308.BSU08750	42.2	160
11135490	224308.BSU08970	42.1	281
11136917	224308.BSU22810	42.1	72
11134821	224308.BSU02410	42.0	128
11138535	224308.BSU38810	41.9	180
11137659	224308.BSU30180	41.8	144
11135358	224308.BSU07650	41.8	84
11136816	224308.BSU21820	41.8	101
11138511	224308.BSU38570	41.7	73
11135990	224308.BSU13819	41.6	33
11138009	224308.BSU33580	41.6	95
11137502	224308.BSU28590	41.4	274
11135518	224308.BSU09260	41.3	223
11137501	224308.BSU28580	41.3	244
11135580	224308.BSU09890	41.3	128
11135882	224308.BSU12780	41.1	81
11138606	224308.BSU39520	41.1	159
11138628	224308.BSU39740	40.9	93
11134636	224308.BSU00550	40.6	542
11135783	224308.BSU11890	40.5	91
11138353	224308.BSU37020	40.5	69
11138424	224308.BSU37720	40.4	48
11135916	224308.BSU13120	40.4	102
11138317	224308.BSU36660	40.2	40
11135759	224308.BSU11660	40.1	104
11135501	224308.BSU09080	40.1	90
11135131	224308.BSU05400	39.9	65
11138666	224308.BSU40110	39.7	114
11138017	224308.BSU33660	39.7	41
11136463	224308.BSU18460	39.5	103
11138643	224308.BSU39890	39.4	47
11134786	224308.BSU02060	39.2	90
11138572	224308.BSU39190	39.1	55
11138744	224308.BSU40850	38.9	70
11137292	224308.BSU26550	38.8	26
11137260	224308.BSU26210	38.8	61
11138291	224308.BSU36400	38.8	77
11135171	224308.BSU05770	38.6	79
11134656	224308.BSU00750	38.6	47
11135050	224308.BSU04630	38.6	110
11136323	224308.BSU17100	38.6	121
11136541	224308.BSU19170	38.5	102
11136243	224308.BSU16280	38.4	30
11138579	224308.BSU39260	38.3	163
11137373	224308.BSU27340	38.3	142
11134789	224308.BSU02090	38.3	74
11136016	224308.BSU14060	38.2	91
11135345	224308.BSU07510	38.2	32
11136376	224308.BSU17620	37.8	86
11137124	224308.BSU24850	37.8	84
11136187	224308.BSU15720	37.7	64
11135447	224308.BSU08560	37.7	49
11135481	224308.BSU08890	37.7	39
11137827	224308.BSU31820	37.7	14
11134607	224308.BSU00260	37.6	151
11135354	224308.BSU07610	37.6	65
11136416	224308.BSU18010	37.6	54
11135115	224308.BSU05250	37.6	63
11138046	224308.BSU33950	37.5	121
11137183	224308.BSU25430	37.4	190
11136958	224308.BSU23210	37.4	79
11135337	224308.BSU07420	37.4	185
11137207	224308.BSU25660	36.8	119
11138631	224308.BSU39770	36.8	80
11134873	224308.BSU02920	36.8	114
11136716	224308.BSU20870	36.6	54
11134602	224308.BSU00210	36.6	43
11135159	224308.BSU05650	36.4	173
11134863	224308.BSU02820	36.3	108
11135051	224308.BSU04640	36.2	156
11137640	224308.BSU29970	36.2	117
11134620	224308.BSU00390	36.1	78
11137478	224308.BSU28340	36.1	89
11135407	224308.BSU08150	36.0	107
11138595	224308.BSU39410	35.9	89
11135506	224308.BSU09130	35.9	94
11136350	224308.BSU17370	35.8	31
11136093	224308.BSU14790	35.8	15
11136528	224308.BSU19040	35.7	27
11134666	224308.BSU00850	35.6	92
11135070	224308.BSU04830	35.6	14
11136453	224308.BSU18360	35.6	105
11137931	224308.BSU32840	35.6	232
11136425	224308.BSU18090	35.4	198
11137028	224308.BSU23890	35.3	43
11138184	224308.BSU35330	35.2	54
11138675	224308.BSU40190	35.2	177
11135624	224308.BSU10320	35.2	159
11135224	224308.BSU06310	34.9	46
11136209	224308.BSU15940	34.9	448
11138146	224308.BSU34950	34.7	52
11136179	224308.BSU15640	34.4	215
11138269	224308.BSU36190	34.3	188
11138627	224308.BSU39730	34.2	107
11136428	224308.BSU18120	34.2	108
11138630	224308.BSU39760	34.1	119
11136190	224308.BSU15750	34.1	136
11138472	224308.BSU38200	34.0	113
11137832	224308.BSU31875	34.0	445
11135519	224308.BSU09270	34.0	91
11138742	224308.BSU40830	33.9	43
11137978	224308.BSU33270	33.6	81
11136896	224308.BSU22590	33.6	126
11138624	224308.BSU39700	33.5	77
11138221	224308.BSU35710	33.4	76
11135187	224308.BSU05940	33.4	111
11138359	224308.BSU37080	33.4	140
11137063	224308.BSU24240	33.3	188
11134670	224308.BSU00890	33.1	93
11135488	224308.BSU08950	33.1	79
11135563	224308.BSU09720	33.0	201
11137066	224308.BSU24270	32.9	131
11138389	224308.BSU37370	32.9	111
11135185	224308.BSU05920	32.9	108
11136116	224308.BSU15020	32.9	58
11134846	224308.BSU02650	32.8	56
11138391	224308.BSU37390	32.8	112
11137019	224308.BSU23800	32.8	98
11135404	224308.BSU08120	32.7	11
11135027	224308.BSU04410	32.7	41
11135065	224308.BSU04780	32.7	222
11136429	224308.BSU18130	32.7	126
11135808	224308.BSU12110	32.6	56
11137364	224308.BSU27250	32.6	107
11136948	224308.BSU23110	32.6	159
11138405	224308.BSU37530	32.5	36
11136815	224308.BSU21810	32.5	43
11138588	224308.BSU39340	32.5	65
11137298	224308.BSU26610	32.4	116
11138602	224308.BSU39480	32.4	54
11136193	224308.BSU15780	32.4	98
11136128	224308.BSU15130	32.4	57
11136850	224308.BSU22140	32.3	64
11135327	224308.BSU07320	32.3	32
11135739	224308.BSU11470	32.2	114
11136235	224308.BSU16200	32.2	34
11138090	224308.BSU34400	32.1	59
11136564	224308.BSU19390	31.9	78
11136181	224308.BSU15660	31.9	109
11137391	224308.BSU27500	31.8	132
11138478	224308.BSU38250	31.7	78
11135841	224308.BSU12430	31.6	72
11136781	224308.BSU21470	31.4	198
11137433	224308.BSU27900	31.4	76
11136796	224308.BSU21610	31.4	111
11138653	224308.BSU39990	31.3	59
11138010	224308.BSU33590	31.2	50
11138410	224308.BSU37580	31.2	48
11136287	224308.BSU16710	31.2	143
11136110	224308.BSU14960	31.0	106
11135166	224308.BSU05720	30.8	95
11136382	224308.BSU17680	30.8	93
11136336	224308.BSU17230	30.7	156
11138496	224308.BSU38430	30.6	81
11136571	224308.BSU19460	30.5	78
11137220	224308.BSU25800	30.4	45
11137687	224308.BSU30460	30.4	30
11134959	224308.BSU03770	30.3	177
11138234	224308.BSU35840	30.2	88
11137971	224308.BSU33221	30.1	58
11138449	224308.BSU37970	30.1	74
11136283	224308.BSU16670	30.0	69
11136837	224308.BSU22020	30.0	9
11136410	224308.BSU17950	29.9	30
11138645	224308.BSU39910	29.9	65
11138457	224308.BSU38050	29.8	60
11138195	224308.BSU35440	29.8	34
11137075	224308.BSU24360	29.7	58
11135608	224308.BSU10150	29.7	78
11135635	224308.BSU10430	29.6	78
11138168	224308.BSU35170	29.5	183
11136838	224308.BSU22030	29.3	389
11136856	224308.BSU22190	29.3	42
11135562	224308.BSU09710	29.3	169
11135255	224308.BSU06600	29.2	46
11137614	224308.BSU29700	29.2	58
11136984	224308.BSU23470	29.2	52
11135794	224308.BSU11980	29.0	49
11135329	224308.BSU07340	28.9	64
11137783	224308.BSU31380	28.8	20
11137139	224308.BSU25000	28.7	167
11135409	224308.BSU08170	28.7	32
11136935	224308.BSU22970	28.7	22
11135119	224308.BSU05290	28.6	50
11135517	224308.BSU09250	28.6	102
11138229	224308.BSU35790	28.5	100
11135433	224308.BSU08410	28.5	57
11137375	224308.BSU27360	28.4	72
11136298	224308.BSU16810	28.4	58
11136890	224308.BSU22530	28.3	16
11134676	224308.BSU00950	28.2	41
11138258	224308.BSU36080	28.2	43
11135483	224308.BSU08900	28.2	78
11138489	224308.BSU38360	28.1	125
11134970	224308.BSU03860	28.1	39
11136950	224308.BSU23130	28.1	72
11134972	224308.BSU03880	28.0	33
11135798	224308.BSU12020	28.0	82
11138709	224308.BSU40510	27.9	131
11135898	224308.BSU12940	27.8	32
11138762	224308.BSU41020	27.8	122
11137796	224308.BSU31510	27.6	29
11137065	224308.BSU24260	27.6	61
11136566	224308.BSU19410	27.5	110
11135376	224308.BSU07840	27.4	378
11134853	224308.BSU02720	27.3	112
11138662	224308.BSU40070	27.3	82
11134951	224308.BSU03690	27.2	76
11135232	224308.BSU06380	27.1	37
11137023	224308.BSU23840	27.1	89
11136708	224308.BSU20790	27.0	106
11137419	224308.BSU27770	26.9	78
11136176	224308.BSU15610	26.9	73
11138450	224308.BSU37980	26.9	81
11136269	224308.BSU16530	26.8	72
11134596	224308.BSU00150	26.7	58
11135227	224308.BSU06330	26.7	81
11135904	224308.BSU13000	26.7	112
11137202	224308.BSU25610	26.5	58
11136055	224308.BSU14440	26.5	119
11138688	224308.BSU40300	26.5	101
11136454	224308.BSU18370	26.5	76
11135339	224308.BSU07440	26.5	45
11135684	224308.BSU10920	26.4	296
11137382	224308.BSU27430	26.4	39
11136525	224308.BSU19010	26.4	100
11135980	224308.BSU13740	26.3	50
11135751	224308.BSU11580	26.3	44
11135960	224308.BSU13540	26.3	46
11136521	224308.BSU18970	26.2	371
11135052	224308.BSU04650	26.2	12
11138122	224308.BSU34720	26.2	69
11136969	224308.BSU23328	26.2	20
11138207	224308.BSU35560	26.1	39
11138479	224308.BSU38260	26.1	101
11138316	224308.BSU36650	26.0	35
11135049	224308.BSU04620	26.0	32
11136794	224308.BSU21590	26.0	95
11134752	224308.BSU01700	25.9	95
11135406	224308.BSU08140	25.9	43
11134643	224308.BSU00620	25.9	20
11138734	224308.BSU40750	25.8	53
11135164	224308.BSU05700	25.8	55
11134658	224308.BSU00770	25.8	96
11137540	224308.BSU28980	25.7	93
11134669	224308.BSU00880	25.7	119
11137646	224308.BSU30035	25.7	70
11137150	224308.BSU25110	25.7	31
11135607	224308.BSU10140	25.6	96
11136178	224308.BSU15630	25.6	38
11136706	224308.BSU20770	25.5	29
11136426	224308.BSU18100	25.5	203
11135512	224308.BSU09200	25.4	45
11136945	224308.BSU23080	25.4	61
11137524	224308.BSU28810	25.4	79
11138561	224308.BSU39080	25.3	64
11137675	224308.BSU30340	25.2	75
11138094	224308.BSU34440	25.2	110
11134600	224308.BSU00190	25.0	122
11136911	224308.BSU22750	25.0	57
11135188	224308.BSU05950	24.8	136
11135891	224308.BSU12870	24.8	68
11135939	224308.BSU13340	24.8	35
11138673	224308.BSU40170	24.8	95
11135182	224308.BSU05880	24.7	117
11135234	224308.BSU06400	24.6	30
11135011	224308.BSU04250	24.6	42
11137900	224308.BSU32550	24.4	140
11136185	224308.BSU15700	24.4	113
11138183	224308.BSU35320	24.3	39
11136308	224308.BSU16950	24.3	68
11136101	224308.BSU14870	24.3	32
11135191	224308.BSU05980	24.2	12
11137226	224308.BSU25860	24.2	117
11136012	224308.BSU14020	24.1	36
11135598	224308.BSU10050	24.0	54
11136608	224308.BSU19780	23.9	11
11137143	224308.BSU25040	23.8	61
11137649	224308.BSU30070	23.8	20
11135069	224308.BSU04820	23.7	28
11137151	224308.BSU25120	23.7	22
11136274	224308.BSU16580	23.7	341
11136798	224308.BSU21630	23.7	56
11137149	224308.BSU25100	23.7	33
11138020	224308.BSU33690	23.6	94
11137316	224308.BSU26790	23.6	84
11136951	224308.BSU23140	23.6	107
11136020	224308.BSU14090	23.5	111
11137903	224308.BSU32580	23.5	37
11137599	224308.BSU29550	23.5	118
11135199	224308.BSU06060	23.5	126
11135554	224308.BSU09630	23.4	6
11137434	224308.BSU27910	23.3	30
11135511	224308.BSU09190	23.2	268
11136189	224308.BSU15740	23.1	123
11137642	224308.BSU29990	23.1	23
11138523	224308.BSU38690	23.1	9
11135192	224308.BSU05990	23.0	30
11135395	224308.BSU08030	22.9	90
11138257	224308.BSU36070	22.9	10
11138626	224308.BSU39720	22.8	48
11135627	224308.BSU10350	22.8	75
11137901	224308.BSU32560	22.7	67
11137310	224308.BSU26720	22.6	48
11138530	224308.BSU38760	22.6	29
11135705	224308.BSU11130	22.5	29
11135120	224308.BSU05300	22.3	60
11135320	224308.BSU07250	22.2	367
11135229	224308.BSU06350	22.2	126
11135221	224308.BSU06280	22.1	51
11136468	224308.BSU18510	22.1	22
11137845	224308.BSU32010	22.1	58
11136047	224308.BSU14360	22.1	48
11135022	224308.BSU04360	22.1	20
11136290	224308.BSU16740	22.1	45
11134665	224308.BSU00840	22.0	23
11138601	224308.BSU39470	21.9	65
11138696	224308.BSU40380	21.7	67
11138124	224308.BSU34730	21.6	33
11137123	224308.BSU24840	21.5	111
11138691	224308.BSU40330	21.5	65
11135443	224308.BSU08520	21.5	60
11137134	224308.BSU24950	21.4	69
11137350	224308.BSU27110	21.4	40
11137089	224308.BSU24500	21.4	25
11137221	224308.BSU25810	21.4	21
11137694	224308.BSU30520	21.3	28
11135657	224308.BSU10650	21.3	178
11136119	224308.BSU15050	21.3	73
11137431	224308.BSU27880	21.2	67
11135137	224308.BSU05440	21.2	85
11136965	224308.BSU23280	21.1	89
11136881	224308.BSU22440	21.1	64
11134750	224308.BSU01680	21.1	41
11137936	224308.BSU32870	21.0	40
11136379	224308.BSU17650	21.0	30
11138646	224308.BSU39920	21.0	124
11137904	224308.BSU32590	21.0	33
11135897	224308.BSU12930	21.0	57
11138590	224308.BSU39360	20.9	73
11137346	224308.BSU27070	20.9	47
11135972	224308.BSU13660	20.8	103
11138086	224308.BSU34360	20.8	41
11136247	224308.BSU16310	20.7	51
11136264	224308.BSU16480	20.7	29
11137825	224308.BSU31800	20.5	33
11134985	224308.BSU04000	20.5	50
11135005	224308.BSU04190	20.5	52
11134793	224308.BSU02130	20.5	74
11138729	224308.BSU40700	20.5	73
11136957	224308.BSU23200	20.4	41
11135637	224308.BSU10450	20.3	56
11135001	224308.BSU04150	20.3	69
11135610	224308.BSU10170	20.3	78
11135333	224308.BSU07380	20.3	41
11138173	224308.BSU35220	20.1	72
11135179	224308.BSU05850	20.0	41
11134982	224308.BSU03981	20.0	62
11134936	224308.BSU03540	20.0	39
11138416	224308.BSU37640	19.8	58
11136573	224308.BSU19479	19.8	14
11137963	224308.BSU33140	19.7	32
11137771	224308.BSU31280	19.6	24
11137215	224308.BSU25740	19.4	33
11138272	224308.BSU36220	19.4	29
11136421	224308.BSU18050	19.4	22
11135793	224308.BSU11970	19.4	12
11134617	224308.BSU00360	19.4	38
11136218	224308.BSU16030	19.4	42
11135268	224308.BSU06730	19.4	129
11137937	224308.BSU32880	19.3	60
11136982	224308.BSU23450	19.3	33
11137482	224308.BSU28380	19.3	54
11134940	224308.BSU03590	19.2	37
11135537	224308.BSU09450	19.1	32
11134586	224308.BSU00050	19.0	24
11138255	224308.BSU36050	19.0	23
11137746	224308.BSU31040	19.0	33
11136039	224308.BSU14280	18.9	81
11136077	224308.BSU14630	18.9	75
11136242	224308.BSU16270	18.9	135
11134979	224308.BSU03950	18.8	97
11134887	224308.BSU03060	18.8	56
11135338	224308.BSU07430	18.8	102
11136635	224308.BSU20060	18.8	532
11135553	224308.BSU09620	18.7	47
11134926	224308.BSU03440	18.6	135
11137069	224308.BSU24300	18.5	81
11135189	224308.BSU05960	18.5	33
11134655	224308.BSU00740	18.4	75
11135908	224308.BSU13040	18.4	62
11138471	224308.BSU38190	18.3	82
11137751	224308.BSU31090	18.3	74
11138580	224308.BSU39270	18.2	45
11137663	224308.BSU30220	18.2	43
11135749	224308.BSU11560	18.2	22
11138300	224308.BSU36490	18.1	31
11135111	224308.BSU05210	18.1	34
11137959	224308.BSU33100	18.1	30
11137671	224308.BSU30300	18.0	81
11135093	224308.BSU05050	18.0	31
11135411	224308.BSU08190	18.0	54
11136544	224308.BSU19200	18.0	32
11137317	224308.BSU26800	18.0	56
11137403	224308.BSU27620	17.9	144
11134986	224308.BSU04010	17.9	124
11136536	224308.BSU19120	17.8	12
11135211	224308.BSU06190	17.8	53
11137057	224308.BSU24180	17.7	50
11135707	224308.BSU11140	17.7	45
11136527	224308.BSU19030	17.7	113
11136358	224308.BSU17450	17.7	19
11134901	224308.BSU03200	17.6	32
11136673	224308.BSU20440	17.6	25
11138001	224308.BSU33500	17.5	94
11136113	224308.BSU14990	17.5	20
11138605	224308.BSU39510	17.5	32
11135341	224308.BSU07460	17.4	41
11136581	224308.BSU19560	17.4	26
11136432	224308.BSU18160	17.4	57
11137606	224308.BSU29620	17.3	48
11136318	224308.BSU17050	17.3	91
11135499	224308.BSU09060	17.3	9
11136702	224308.BSU20730	17.2	19
11135356	224308.BSU07630	17.1	67
11137017	224308.BSU23780	17.0	45
11137908	224308.BSU32630	17.0	65
11136114	224308.BSU15000	16.9	10
11135460	224308.BSU08690	16.8	53
11136808	224308.BSU21740	16.8	51
11135979	224308.BSU13730	16.8	37
11134858	224308.BSU02770	16.7	54
11135570	224308.BSU09790	16.6	72
11135135	224308.BSU05420	16.6	41
11136099	224308.BSU14850	16.6	34
11138135	224308.BSU34840	16.5	117
11137801	224308.BSU31560	16.5	33
11136025	224308.BSU14140	16.3	63
11138538	224308.BSU38840	16.3	30
11138126	224308.BSU34750	16.3	58
11134957	224308.BSU03750	16.3	41
11135194	224308.BSU06010	16.3	34
11137088	224308.BSU24490	16.2	52
11136238	224308.BSU16230	16.1	54
11136024	224308.BSU14130	16.1	29
11138603	224308.BSU39490	15.9	33
11137505	224308.BSU28620	15.9	45
11137514	224308.BSU28710	15.8	37
11135895	224308.BSU12910	15.8	43
11135057	224308.BSU04700	15.8	69
11135155	224308.BSU05610	15.8	81
11137362	224308.BSU27230	15.8	19
11136160	224308.BSU15450	15.7	13
11136346	224308.BSU17330	15.7	47
11134996	224308.BSU04100	15.7	39
11137449	224308.BSU28060	15.6	46
11136130	224308.BSU15150	15.5	12
11134622	224308.BSU00410	15.5	11
11135757	224308.BSU11640	15.5	53
11138216	224308.BSU35660	15.4	63
11138380	224308.BSU37280	15.3	195
11138585	224308.BSU39320	15.2	13
11138687	224308.BSU40290	15.2	27
11137980	224308.BSU33290	15.2	41
11135807	224308.BSU12100	15.2	73
11136912	224308.BSU22760	15.2	30
11137511	224308.BSU28680	15.2	43
11134968	224308.BSU03840	15.1	48
11135091	224308.BSU05030	15.1	41
11136707	224308.BSU20780	15.1	13
11136877	224308.BSU22400	15.1	134
11135107	224308.BSU05170	15.0	42
11137103	224308.BSU24640	14.9	24
11138661	224308.BSU40060	14.8	77
11136717	224308.BSU20880	14.8	33
11135924	224308.BSU13190	14.7	47
11138127	224308.BSU34760	14.7	38
11138357	224308.BSU37060	14.7	20
11136361	224308.BSU17480	14.6	50
11136790	224308.BSU21550	14.6	27
11134606	224308.BSU00250	14.6	10
11135840	224308.BSU12420	14.5	57
11136532	224308.BSU19080	14.4	18
11135277	224308.BSU06812	14.4	94
11138512	224308.BSU38580	14.3	44
11136061	224308.BSU14500	14.3	36
11137049	224308.BSU24100	14.2	75
11137451	224308.BSU28080	14.2	69
11134993	224308.BSU04070	14.2	20
11136818	224308.BSU21840	14.1	18
11135655	224308.BSU10630	14.1	168
11136151	224308.BSU15360	14.1	16
11135496	224308.BSU09030	14.0	19
11137930	224308.BSU32830	14.0	46
11137788	224308.BSU31430	14.0	12
11138153	224308.BSU35020	13.9	32
11138075	224308.BSU34240	13.9	26
11134874	224308.BSU02930	13.8	70
11137695	224308.BSU30530	13.8	38
11138134	224308.BSU34830	13.7	8
11136868	224308.BSU22310	13.7	29
11137128	224308.BSU24890	13.7	36
11137828	224308.BSU31830	13.7	26
11134671	224308.BSU00900	13.6	35
11138622	224308.BSU39680	13.5	33
11136435	224308.BSU18190	13.5	9
11137644	224308.BSU30010	13.3	42
11138516	224308.BSU38620	13.3	31
11135879	224308.BSU12750	13.3	92
11135750	224308.BSU11570	13.3	14
11136538	224308.BSU19140	13.2	20
11134728	224308.BSU01460	13.1	50
11135647	224308.BSU10550	13.1	48
11135556	224308.BSU09650	13.1	50
11134811	224308.BSU02310	13.1	56
11134832	224308.BSU02520	13.0	58
11137444	224308.BSU28010	12.9	15
11136338	224308.BSU17250	12.8	42
11135936	224308.BSU13310	12.8	15
11137020	224308.BSU23810	12.8	76
11137148	224308.BSU25090	12.8	25
11134733	224308.BSU01510	12.8	25
11136946	224308.BSU23090	12.7	46
11136349	224308.BSU17360	12.7	16
11137814	224308.BSU31690	12.7	109
11134830	224308.BSU02500	12.7	30
11137797	224308.BSU31520	12.6	60
11135380	224308.BSU07880	12.6	18
11137648	224308.BSU30060	12.5	43
11136787	224308.BSU21530	12.5	11
11138395	224308.BSU37430	12.5	13
11136872	224308.BSU22350	12.4	30
11137690	224308.BSU30480	12.4	50
11136115	224308.BSU15010	12.4	25
11138225	224308.BSU35750	12.4	27
11137013	224308.BSU23740	12.4	5
11137545	224308.BSU29030	12.4	19
11137624	224308.BSU29805	12.3	124
11137455	224308.BSU28110	12.3	71
11136715	224308.BSU20860	12.3	49
11137436	224308.BSU27930	12.3	31
11135784	224308.BSU11900	12.1	27
11137332	224308.BSU26940	12.1	13
11134820	224308.BSU02400	12.1	24
11134651	224308.BSU00700	12.0	24
11138475	224308.BSU38229	12.0	6
11136779	224308.BSU21450	11.9	35
11136503	224308.BSU18830	11.9	103
11134773	224308.BSU01920	11.8	37
11136901	224308.BSU22640	11.8	36
11135393	224308.BSU08020	11.7	56
11135116	224308.BSU05260	11.7	14
11136826	224308.BSU21920	11.7	31
11135708	224308.BSU11150	11.7	40
11136883	224308.BSU22460	11.5	37
11135344	224308.BSU07500	11.5	21
11136884	224308.BSU22470	11.5	30
11138517	224308.BSU38630	11.3	46
11137358	224308.BSU27190	11.2	6
11137805	224308.BSU31600	11.2	47
11137135	224308.BSU24960	11.1	29
11138160	224308.BSU35090	11.1	14
11134807	224308.BSU02270	11.1	3
11136326	224308.BSU17130	11.0	14
11136195	224308.BSU15800	11.0	31
11135997	224308.BSU13880	10.9	32
11134900	224308.BSU03190	10.9	30
11137862	224308.BSU32180	10.9	34
11137016	224308.BSU23770	10.8	70
11135334	224308.BSU07390	10.8	15
11138310	224308.BSU36590	10.7	52
11136882	224308.BSU22450	10.7	28
11135177	224308.BSU05830	10.6	14
11135814	224308.BSU12170	10.6	22
11135654	224308.BSU10620	10.6	116
11138705	224308.BSU40470	10.6	5
11137229	224308.BSU25890	10.6	19
11136357	224308.BSU17440	10.5	36
11135272	224308.BSU06770	10.5	89
11134661	224308.BSU00800	10.4	10
11137337	224308.BSU26990	10.4	6
11135260	224308.BSU06650	10.3	23
11134841	224308.BSU02610	10.3	25
11137969	224308.BSU33200	10.3	31
11136722	224308.BSU20928	10.3	12
11135020	224308.BSU04340	10.2	59
11136835	224308.BSU22010	10.2	31
11138379	224308.BSU37270	10.1	39
11135154	224308.BSU05600	10.0	23
11138735	224308.BSU40760	10.0	20
11137613	224308.BSU29690	10.0	19
11135560	224308.BSU09690	9.97	19
11137790	224308.BSU31450	9.96	30
11138623	224308.BSU39690	9.95	26
11134778	224308.BSU01980	9.94	7
11137748	224308.BSU31060	9.88	44
11138635	224308.BSU39810	9.86	24
11136258	224308.BSU16420	9.86	37
11134945	224308.BSU03640	9.85	22
11138412	224308.BSU37600	9.81	45
11135604	224308.BSU10110	9.8	59
11136032	224308.BSU14210	9.73	26
11136180	224308.BSU15650	9.7	55
11137638	224308.BSU29950	9.7	24
11135567	224308.BSU09760	9.65	8
11135328	224308.BSU07330	9.64	27
11136317	224308.BSU17040	9.62	98
11136262	224308.BSU16460	9.61	19
11137949	224308.BSU33020	9.6	34
11138096	224308.BSU34460	9.52	41
11135723	224308.BSU11300	9.48	32
11134664	224308.BSU00830	9.48	9
11135190	224308.BSU05970	9.43	28
11137747	224308.BSU31050	9.42	25
11134995	224308.BSU04090	9.42	27
11137631	224308.BSU29880	9.39	102
11138502	224308.BSU38490	9.36	19
11137115	224308.BSU24760	9.33	17
11138422	224308.BSU37700	9.26	20
11136768	224308.BSU21340	9.22	11
11135158	224308.BSU05640	9.13	14
11136250	224308.BSU16340	9.12	13
11134935	224308.BSU03530	9.09	71
11136374	224308.BSU17600	9.07	37
11136356	224308.BSU17430	9.05	42
11138023	224308.BSU33720	9.03	34
11137872	224308.BSU32280	8.98	15
11135820	224308.BSU12229	8.96	12
11135711	224308.BSU11180	8.92	8
11136060	224308.BSU14490	8.8	41
11137284	224308.BSU26450	8.78	8
11138025	224308.BSU33740	8.75	34
11137811	224308.BSU31660	8.68	11
11136823	224308.BSU21890	8.68	19
11138123	224308.BSU34729	8.68	8
11135412	224308.BSU08200	8.66	18
11134615	224308.BSU00340	8.64	27
11138411	224308.BSU37590	8.64	16
11134992	224308.BSU04060	8.6	14
11134921	224308.BSU03390	8.58	37
11136134	224308.BSU15190	8.57	18
11138057	224308.BSU34060	8.55	19
11137725	224308.BSU30830	8.55	56
11136828	224308.BSU21940	8.54	6
11138456	224308.BSU38040	8.53	34
11136070	224308.BSU14570	8.5	12
11138712	224308.BSU40530	8.45	16
11136147	224308.BSU15320	8.44	8
11137112	224308.BSU24730	8.39	40
11137730	224308.BSU30880	8.35	28
11138022	224308.BSU33710	8.32	34
11135510	224308.BSU09180	8.27	22
11138446	224308.BSU37940	8.26	18
11138079	224308.BSU34290	8.26	32
11135835	224308.BSU12370	8.25	32
11137758	224308.BSU31160	8.24	31
11135557	224308.BSU09660	8.23	20
11137190	224308.BSU25500	8.23	26
11135430	224308.BSU08380	8.22	37
11136678	224308.BSU20490	8.2	19
11137945	224308.BSU32980	8.14	19
11137210	224308.BSU25690	8.14	6
11135175	224308.BSU05810	8.13	8
11136449	224308.BSU18320	8.13	383
11135691	224308.BSU10990	8.12	29
11137718	224308.BSU30760	8.12	26
11135634	224308.BSU10420	8.1	11
11136894	224308.BSU22570	8.08	13
11136034	224308.BSU14230	8.02	14
11138346	224308.BSU36950	7.99	26
11135186	224308.BSU05930	7.99	16
11135152	224308.BSU05580	7.97	22
11136563	224308.BSU19380	7.95	40
11135816	224308.BSU12190	7.94	17
11137355	224308.BSU27160	7.92	101
11138227	224308.BSU35770	7.91	45
11136831	224308.BSU21970	7.9	22
11136297	224308.BSU16800	7.84	42
11137867	224308.BSU32230	7.82	51
11137330	224308.BSU26920	7.81	17
11137425	224308.BSU27820	7.8	16
11137970	224308.BSU33210	7.74	48
11138351	224308.BSU37000	7.69	21
11136282	224308.BSU16660	7.63	12
11137925	224308.BSU32780	7.54	13
11138591	224308.BSU39370	7.47	25
11137485	224308.BSU28410	7.47	4
11135533	224308.BSU09410	7.44	35
11138311	224308.BSU36600	7.43	23
11135343	224308.BSU07490	7.4	28
11134889	224308.BSU03080	7.36	12
11138071	224308.BSU34200	7.36	32
11136233	224308.BSU16180	7.36	11
11136998	224308.BSU23600	7.35	25
11135415	224308.BSU08230	7.33	12
11138564	224308.BSU39110	7.29	40
11138733	224308.BSU40740	7.26	11
11137602	224308.BSU29580	7.17	26
11135034	224308.BSU04480	7.17	12
11138035	224308.BSU33840	7.17	29
11136443	224308.BSU18260	7.16	18
11137854	224308.BSU32100	7.11	27
11138147	224308.BSU34960	7.11	12
11136851	224308.BSU22150	7.1	39
11137604	224308.BSU29600	7.03	20
11136846	224308.BSU22100	7.03	11
11137125	224308.BSU24860	7.02	6
11137632	224308.BSU29890	7.02	15
11135482	224308.BSU08899	6.99	4
11134775	224308.BSU01950	6.97	15
11137136	224308.BSU24970	6.94	11
11138209	224308.BSU35580	6.93	38
11138731	224308.BSU40720	6.93	6
11138559	224308.BSU39060	6.93	12
11138584	224308.BSU39310	6.91	6
11138261	224308.BSU36110	6.91	17
11135161	224308.BSU05670	6.88	14
11135422	224308.BSU08300	6.86	13
11138121	224308.BSU34710	6.81	27
11136344	224308.BSU17310	6.8	3
11134668	224308.BSU00870	6.76	31
11134928	224308.BSU03460	6.76	18
11135768	224308.BSU11750	6.76	14
11136524	224308.BSU19000	6.74	65
11138682	224308.BSU40250	6.73	10
11137993	224308.BSU33420	6.71	30
11137189	224308.BSU25490	6.69	18
11138508	224308.BSU38540	6.69	15
11135163	224308.BSU05690	6.68	12
11138747	224308.BSU40880	6.64	21
11136801	224308.BSU21660	6.64	36
11138273	224308.BSU36230	6.56	38
11136107	224308.BSU14930	6.54	9
11134868	224308.BSU02870	6.54	6
11136321	224308.BSU17080	6.53	18
11136592	224308.BSU19650	6.47	16
11138612	224308.BSU39580	6.46	4
11134754	224308.BSU01720	6.39	12
11137006	224308.BSU23670	6.38	21
11137754	224308.BSU31120	6.38	19
11135018	224308.BSU04320	6.33	21
11135265	224308.BSU06700	6.33	20
11136559	224308.BSU19340	6.33	13
11137635	224308.BSU29920	6.3	15
11138049	224308.BSU33980	6.29	23
11135288	224308.BSU06910	6.28	7
11137302	224308.BSU26640	6.26	23
11138752	224308.BSU40930	6.24	32
11136910	224308.BSU22740	6.2	26
11136988	224308.BSU23510	6.2	13
11134806	224308.BSU02260	6.19	29
11135656	224308.BSU10640	6.11	23
11137335	224308.BSU26970	6.09	15
11136447	224308.BSU18300	6.07	86
11138532	224308.BSU38780	6.06	26
11137822	224308.BSU31770	6.04	10
11135548	224308.BSU09560	6.0	8
11136567	224308.BSU19420	5.99	27
11135959	224308.BSU13530	5.99	61
11135006	224308.BSU04200	5.93	8
11134585	224308.BSU00040	5.93	22
11136693	224308.BSU20640	5.92	4
11135183	224308.BSU05900	5.89	19
11137002	224308.BSU23630	5.89	4
11137121	224308.BSU24820	5.88	22
11136094	224308.BSU14800	5.86	7
11138459	224308.BSU38070	5.85	16
11136221	224308.BSU16060	5.79	14
11135089	224308.BSU05010	5.76	72
11134910	224308.BSU03290	5.73	8
11138322	224308.BSU36710	5.69	7
11137881	224308.BSU32370	5.69	27
11136793	224308.BSU21580	5.67	57
11136725	224308.BSU20940	5.62	27
11135899	224308.BSU12950	5.62	7
11136451	224308.BSU18340	5.6	291
11137142	224308.BSU25030	5.59	5
11135047	224308.BSU04600	5.56	27
11137196	224308.BSU25560	5.54	19
11135869	224308.BSU12671	5.53	5
11135885	224308.BSU12810	5.51	19
11137550	224308.BSU29080	5.47	14
11136458	224308.BSU18410	5.45	19
11135500	224308.BSU09070	5.44	12
11136102	224308.BSU14880	5.41	4
11137541	224308.BSU28990	5.4	25
11137981	224308.BSU33300	5.39	6
11136864	224308.BSU22270	5.39	7
11138426	224308.BSU37740	5.37	10
11134878	224308.BSU02970	5.36	6
11136226	224308.BSU16110	5.32	19
11135823	224308.BSU12250	5.32	14
11137303	224308.BSU26650	5.29	3
11135434	224308.BSU08425	5.29	36
11136870	224308.BSU22330	5.26	11
11138557	224308.BSU39040	5.26	4
11135417	224308.BSU08250	5.26	10
11135648	224308.BSU10560	5.25	14
11136460	224308.BSU18430	5.21	8
11136240	224308.BSU16250	5.2	3
11135162	224308.BSU05680	5.2	3
11134810	224308.BSU02300	5.18	8
11138659	224308.BSU40040	5.18	15
11136390	224308.BSU17750	5.17	14
11138634	224308.BSU39800	5.07	4
11136448	224308.BSU18310	5.07	328
11136036	224308.BSU14250	5.06	11
11137571	224308.BSU29270	5.03	20
11135646	224308.BSU10540	5.02	14
11138048	224308.BSU33970	5.01	12
11136727	224308.BSU20960	5.01	25
11134611	224308.BSU00300	5.0	6
11135381	224308.BSU07890	4.99	5
11138563	224308.BSU39100	4.96	5
11137686	224308.BSU30450	4.92	20
11137504	224308.BSU28610	4.91	3
11136925	224308.BSU22870	4.88	12
11138753	224308.BSU40939	4.84	3
11137201	224308.BSU25600	4.83	18
11134911	224308.BSU03300	4.81	40
11134730	224308.BSU01480	4.77	14
11138421	224308.BSU37690	4.76	13
11136373	224308.BSU17590	4.74	16
11135028	224308.BSU04420	4.74	7
11134840	224308.BSU02600	4.72	8
11135677	224308.BSU10850	4.72	13
11136330	224308.BSU17170	4.67	10
11134790	224308.BSU02100	4.67	19
11136711	224308.BSU20820	4.66	4
11135813	224308.BSU12160	4.66	46
11135683	224308.BSU10910	4.65	30
11138154	224308.BSU35030	4.62	8
11137343	224308.BSU27040	4.6	12
11135901	224308.BSU12970	4.55	14
11137578	224308.BSU29340	4.54	32
11135261	224308.BSU06660	4.52	32
11136859	224308.BSU22220	4.49	33
11135392	224308.BSU08010	4.48	19
11134727	224308.BSU01450	4.48	15
11135259	224308.BSU06640	4.47	13
11135352	224308.BSU07590	4.46	7
11134791	224308.BSU02110	4.45	5
11136791	224308.BSU21560	4.45	8
11136126	224308.BSU15110	4.44	21
11136740	224308.BSU21080	4.4	4
11138620	224308.BSU39660	4.39	14
11136568	224308.BSU19430	4.38	14
11137565	224308.BSU29230	4.33	33
11137816	224308.BSU31710	4.32	15
11137547	224308.BSU29050	4.29	12
11138052	224308.BSU34010	4.27	10
11137815	224308.BSU31700	4.25	4
11136335	224308.BSU17220	4.24	171
11138157	224308.BSU35060	4.24	21
11137988	224308.BSU33370	4.23	10
11137347	224308.BSU27080	4.21	46
11137365	224308.BSU27260	4.21	9
11137681	224308.BSU30400	4.21	10
11135181	224308.BSU05870	4.2	11
11135284	224308.BSU06870	4.19	5
11137235	224308.BSU25950	4.18	26
11136371	224308.BSU17570	4.17	8
11137810	224308.BSU31650	4.16	4
11134958	224308.BSU03760	4.15	16
11135487	224308.BSU08940	4.11	9
11134817	224308.BSU02370	4.1	9
11137912	224308.BSU32669	4.09	4
11137405	224308.BSU27640	4.08	8
11137639	224308.BSU29960	4.07	6
11134864	224308.BSU02830	4.03	8
11138145	224308.BSU34940	4.02	12
11135903	224308.BSU12990	3.99	11
11134621	224308.BSU00400	3.98	16
11135176	224308.BSU05820	3.98	3
11134800	224308.BSU02200	3.96	29
11135574	224308.BSU09840	3.92	13
11135642	224308.BSU10500	3.9	19
11136936	224308.BSU22980	3.9	9
11138668	224308.BSU40130	3.9	14
11137385	224308.BSU27460	3.89	24
11135800	224308.BSU12040	3.81	7
11135507	224308.BSU09140	3.8	4
11138525	224308.BSU38710	3.79	3
11134981	224308.BSU03970	3.79	4
11137865	224308.BSU32210	3.76	5
11135178	224308.BSU05840	3.76	16
11137951	224308.BSU33030	3.76	13
11137515	224308.BSU28720	3.75	12
11136337	224308.BSU17240	3.75	6
11138417	224308.BSU37650	3.71	14
11136270	224308.BSU16540	3.71	8
11137415	224308.BSU27730	3.71	12
11137830	224308.BSU31850	3.7	4
11138112	224308.BSU34620	3.7	17
11137693	224308.BSU30510	3.69	12
11136943	224308.BSU23050	3.67	4
11138693	224308.BSU40350	3.66	14
11138583	224308.BSU39300	3.65	21
11137609	224308.BSU29650	3.65	26
11135083	224308.BSU04950	3.65	11
11138473	224308.BSU38210	3.63	4
11137492	224308.BSU28490	3.62	18
11137808	224308.BSU31630	3.57	6
11138526	224308.BSU38720	3.56	24
11136251	224308.BSU16350	3.52	8
11138274	224308.BSU36240	3.5	9
11135125	224308.BSU05340	3.49	4
11137389	224308.BSU27480	3.48	33
11136457	224308.BSU18400	3.48	4
11136394	224308.BSU17790	3.47	8
11136437	224308.BSU18210	3.44	12
11135801	224308.BSU12050	3.42	4
11135271	224308.BSU06760	3.42	40
11137147	224308.BSU25080	3.4	3
11135100	224308.BSU05109	3.39	4
11136261	224308.BSU16450	3.35	3
11135461	224308.BSU08700	3.34	3
11137523	224308.BSU28800	3.33	36
11137802	224308.BSU31570	3.32	6
11138655	224308.BSU40010	3.31	4
11138204	224308.BSU35530	3.29	12
11137018	224308.BSU23790	3.28	9
11135316	224308.BSU07210	3.28	22
11134949	224308.BSU03670	3.28	10
11134904	224308.BSU03230	3.26	11
11138531	224308.BSU38770	3.24	6
11136332	224308.BSU17190	3.22	169
11136202	224308.BSU15870	3.21	58
11136019	224308.BSU14080	3.21	4
11135066	224308.BSU04790	3.21	6
11138741	224308.BSU40820	3.2	20
11136328	224308.BSU17150	3.2	7
11135643	224308.BSU10510	3.19	3
11136775	224308.BSU21410	3.19	11
11138370	224308.BSU37180	3.14	19
11136365	224308.BSU17520	3.14	6
11136900	224308.BSU22630	3.11	7
11134776	224308.BSU01960	3.11	11
11138068	224308.BSU34170	3.07	9
11137679	224308.BSU30380	3.03	8
11138621	224308.BSU39670	3.02	32
11138428	224308.BSU37760	3.02	7
11134948	224308.BSU03660	3.01	11
11136222	224308.BSU16070	2.98	19
11135222	224308.BSU06290	2.97	10
11135489	224308.BSU08960	2.97	5
11138652	224308.BSU39980	2.95	10
11136263	224308.BSU16470	2.95	8
11138464	224308.BSU38120	2.94	6
11138120	224308.BSU34700	2.93	12
11136239	224308.BSU16240	2.91	9
11135599	224308.BSU10060	2.88	5
11135541	224308.BSU09490	2.87	6
11137034	224308.BSU23950	2.87	7
11135536	224308.BSU09440	2.86	11
11135084	224308.BSU04960	2.85	14
11135387	224308.BSU07955	2.83	9
11135025	224308.BSU04390	2.81	10
11138710	224308.BSU40520	2.8	5
11134835	224308.BSU02550	2.8	9
11137846	224308.BSU32020	2.76	4
11137126	224308.BSU24870	2.75	6
11137116	224308.BSU24770	2.73	4
11137996	224308.BSU33450	2.73	20
11137015	224308.BSU23760	2.71	12
11135200	224308.BSU06070	2.71	14
11138171	224308.BSU35200	2.71	7
11137216	224308.BSU25750	2.69	3
11137535	224308.BSU28930	2.66	6
11138527	224308.BSU38730	2.65	14
11134747	224308.BSU01650	2.61	12
11138061	224308.BSU34100	2.61	8
11138241	224308.BSU35910	2.61	8
11138205	224308.BSU35540	2.6	10
11137305	224308.BSU26670	2.59	7
11135013	224308.BSU04270	2.59	11
11136631	224308.BSU20020	2.57	5
11135819	224308.BSU12220	2.56	10
11138219	224308.BSU35690	2.56	13
11135818	224308.BSU12210	2.55	9
11135873	224308.BSU12700	2.55	28
11135451	224308.BSU08600	2.55	6
11135452	224308.BSU08610	2.55	14
11138106	224308.BSU34560	2.55	16
11136325	224308.BSU17120	2.5	15
11135513	224308.BSU09210	2.46	7
11135436	224308.BSU08450	2.46	5
11137893	224308.BSU32480	2.44	76
11135913	224308.BSU13090	2.43	4
11138279	224308.BSU36280	2.42	22
11138281	224308.BSU36300	2.42	8
11136324	224308.BSU17110	2.4	5
11137594	224308.BSU29500	2.39	3
11134848	224308.BSU02670	2.38	3
11138498	224308.BSU38450	2.38	6
11134977	224308.BSU03930	2.32	4
11135142	224308.BSU05490	2.32	9
11136669	224308.BSU20400	2.31	8
11135933	224308.BSU13280	2.29	4
11136037	224308.BSU14260	2.28	6
11137241	224308.BSU26010	2.27	28
11137519	224308.BSU28760	2.26	9
11138378	224308.BSU37260	2.25	4
11135136	224308.BSU05430	2.24	10
11136483	224308.BSU18650	2.23	8
11137724	224308.BSU30820	2.22	14
11134637	224308.BSU00560	2.22	4
11136396	224308.BSU17810	2.21	14
11136040	224308.BSU14290	2.2	3
11138304	224308.BSU36530	2.18	4
11135099	224308.BSU05100	2.16	12
11137494	224308.BSU28510	2.16	9
11136765	224308.BSU21320	2.13	12
11136256	224308.BSU16400	2.13	8
11138484	224308.BSU38310	2.1	6
11136607	224308.BSU19770	2.1	3
11135949	224308.BSU13440	2.07	13
11137246	224308.BSU26075	2.07	14
11135948	224308.BSU13430	2.07	4
11137957	224308.BSU33080	2.06	4
11137367	224308.BSU27280	2.05	3
11137458	224308.BSU28140	2.01	6
11138053	224308.BSU34020	2.0	8
11136812	224308.BSU21780	2.0	6
11135252	224308.BSU06570	1.98	7
11137702	224308.BSU30610	1.98	7
11134645	224308.BSU00640	1.98	12
11138702	224308.BSU40440	1.97	8
11138074	224308.BSU34230	1.95	12
11134923	224308.BSU03410	1.94	7
11136322	224308.BSU17090	1.94	4
11136465	224308.BSU18480	1.93	6
11138381	224308.BSU37290	1.9	3
11137361	224308.BSU27220	1.9	17
11137211	224308.BSU25700	1.89	4
11138149	224308.BSU34980	1.88	23
11135207	224308.BSU06150	1.87	3
11138321	224308.BSU36700	1.85	9
11136657	224308.BSU20280	1.85	3
11134729	224308.BSU01470	1.83	8
11138267	224308.BSU36170	1.82	3
11134909	224308.BSU03280	1.82	13
11138158	224308.BSU35070	1.82	4
11134767	224308.BSU01870	1.82	3
11135555	224308.BSU09640	1.8	6
11134969	224308.BSU03850	1.8	5
11138658	224308.BSU40030	1.79	6
11137301	224308.BSU26630	1.79	3
11138369	224308.BSU37170	1.79	6
11137342	224308.BSU27030	1.79	10
11135673	224308.BSU10810	1.78	6
11137193	224308.BSU25530	1.76	4
11136871	224308.BSU22340	1.72	3
11136331	224308.BSU17180	1.7	81
11135860	224308.BSU12600	1.69	3
11134598	224308.BSU00170	1.67	4
11135645	224308.BSU10530	1.65	7
11138067	224308.BSU34160	1.63	4
11138492	224308.BSU38390	1.61	8
11135621	224308.BSU10290	1.61	6
11137450	224308.BSU28070	1.61	4
11136450	224308.BSU18330	1.59	56
11135140	224308.BSU05470	1.59	3
11136289	224308.BSU16730	1.56	4
11134612	224308.BSU00310	1.54	8
11138536	224308.BSU38820	1.54	3
11137160	224308.BSU25210	1.54	9
11138545	224308.BSU38910	1.53	4
11135453	224308.BSU08620	1.53	3
11135710	224308.BSU11170	1.5	7
11135632	224308.BSU10400	1.49	4
11134964	224308.BSU03800	1.48	6
11137277	224308.BSU26370	1.47	4
11138064	224308.BSU34130	1.47	6
11136364	224308.BSU17510	1.45	3
11134764	224308.BSU01830	1.44	4
11135619	224308.BSU10270	1.44	6
11137154	224308.BSU25150	1.42	4
11134809	224308.BSU02290	1.4	4
11134860	224308.BSU02790	1.4	7
11137836	224308.BSU31920	1.37	6
11136479	224308.BSU18610	1.36	3
11134765	224308.BSU01845	1.36	10
11136531	224308.BSU19070	1.35	3
11134826	224308.BSU02460	1.32	3
11134865	224308.BSU02840	1.32	9
11136008	224308.BSU13990	1.3	9
11135368	224308.BSU07760	1.29	7
11135130	224308.BSU05390	1.28	4
11135812	224308.BSU12150	1.27	3
11137510	224308.BSU28670	1.26	4
11137858	224308.BSU32140	1.25	3
11137603	224308.BSU29590	1.24	7
11138529	224308.BSU38750	1.24	3
11135032	224308.BSU04460	1.23	3
11137819	224308.BSU31740	1.23	10
11138206	224308.BSU35550	1.22	3
11134814	224308.BSU02340	1.21	3
11137738	224308.BSU30960	1.19	4
11135203	224308.BSU06110	1.15	6
11138462	224308.BSU38100	1.15	4
11138073	224308.BSU34220	1.14	4
11134897	224308.BSU03160	1.13	3
11135902	224308.BSU12980	1.11	4
11136605	224308.BSU19750	1.11	4
11138707	224308.BSU40490	1.11	3
11137534	224308.BSU28920	1.09	3
11138600	224308.BSU39460	1.09	6
11135165	224308.BSU05710	1.09	3
11137717	224308.BSU30750	1.09	3
11135437	224308.BSU08460	1.08	3
11137394	224308.BSU27530	1.06	5
11135544	224308.BSU09520	1.06	4
11136333	224308.BSU17200	1.05	50
11134822	224308.BSU02420	1.04	4
11136156	224308.BSU15410	1.04	3
11136769	224308.BSU21350	1.03	34
11136038	224308.BSU14270	1.03	6
11135748	224308.BSU11550	1.01	3
11136598	224308.BSU19690	0.953	4
11136017	224308.BSU14071	0.94	4
11138474	224308.BSU38220	0.919	3
11138565	224308.BSU39120	0.913	6
11136334	224308.BSU17210	0.906	56
11137053	224308.BSU24140	0.879	4
11137098	224308.BSU24590	0.873	10
11137312	224308.BSU26740	0.872	3
11137760	224308.BSU31180	0.864	3
11135420	224308.BSU08280	0.858	3
11137982	224308.BSU33310	0.84	4
11137468	224308.BSU28240	0.84	3
11135676	224308.BSU10840	0.823	3
11135279	224308.BSU06830	0.817	3
11138266	224308.BSU36160	0.815	4
11134974	224308.BSU03900	0.806	3
11134597	224308.BSU00160	0.777	3
11136372	224308.BSU17580	0.767	3
11135572	224308.BSU09810	0.766	3
11135294	224308.BSU06970	0.761	3
11137308	224308.BSU26700	0.74	4
11138030	224308.BSU33790	0.726	7
11138226	224308.BSU35760	0.715	3
11136582	224308.BSU19570	0.614	3
11136940	224308.BSU23020	0.599	3
11137223	224308.BSU25830	0.584	4
11136186	224308.BSU15710	0.569	6
11136452	224308.BSU18350	0.562	3
11135796	224308.BSU12000	0.556	3
11134984	224308.BSU03990	0.54	3
11134898	224308.BSU03170	0.507	4
11137499	224308.BSU28560	0.496	4
11138528	224308.BSU38740	0.471	3
11136434	224308.BSU18180	0.396	3
11135671	224308.BSU10790	0.32	3
11136442	224308.BSU18250	0.293	14
11137078	224308.BSU24390	0.276	4
11137581	224308.BSU29370	0.243	4
11137213	224308.BSU25720	0.183	4
11137090	224308.BSU24510	0.177	4
11136753	224308.BSU21210	0.16	4
11135509	224308.BSU09165	0.159	7
11135484	224308.BSU08910	0.154	3
11135504	224308.BSU09110	0.15	4
11137703	224308.BSU30620	0.134	7
11135293	224308.BSU06960	0.108	4
11138155	224308.BSU35040	0.076	5
11137894	224308.BSU32490	0.075	7
11137851	224308.BSU32070	0.059	3
11138719	224308.BSU40600	0.057	3
11136480	224308.BSU18620	0.016	3
