#id: 1038681558
#name: S.cerevisiae - Whole organism, SC (Piening,j_proteome_res,2006)
#score: 17.86
#weight:  30%
#description: abundance based on Spectral counting, Interaction consistency score: 17.86, Coverage: 25
#organ: WHOLE_ORGANISM
#integrated: false
#coverage: 25
#link: http://www.ncbi.nlm.nih.gov/pubmed/16823959
#publication_year: 2006
#filename: 4932-Saccharomyces_cerevisiae_SC_biomart_17916_O__1reps.txt
#
#internal_id	string_external_id	abundance	raw_spectral_count
1861191	4932.YGR192C	40905	8818
1862335	4932.YKL060C	18018	4590
1859281	4932.YCR012W	17279	4164
1859701	4932.YDR050C	16015	2048
1861564	4932.YHR174W	15857	7015
1862064	4932.YJL189W	15669	7
1862765	4932.YLR075W	12724	680
1862800	4932.YLR109W	12412	1544
1862113	4932.YJR009C	11584	5006
1862734	4932.YLR044C	11326	3696
1858663	4932.YAL038W	10686	3363
1864199	4932.YOL040C	10547	539
1858995	4932.YBR118W	8943	3160
1865141	4932.YPR080W	8943	3160
1862435	4932.YKL152C	8419	1400
1865019	4932.YPL249C-A	8252	403
1864248	4932.YOL086C	7722	1747
1861255	4932.YGR254W	7543	4224
1862229	4932.YJR123W	7085	560
1863079	4932.YLR355C	6879	1474
1864293	4932.YOL127W	6662	344
1864895	4932.YPL131W	6395	949
1860418	4932.YER074W	6003	515
1861705	4932.YIL069C	6003	515
1858840	4932.YBL092W	5922	172
1863907	4932.YNL178W	5827	870
1860741	4932.YGL031C	5526	189
1863572	4932.YMR194W	5420	304
1861007	4932.YGR027C	5301	210
1863055	4932.YLR333C	5301	210
1860836	4932.YGL123W	5237	613
1859586	4932.YDL191W	5127	331
1859527	4932.YDL136W	5127	331
1860582	4932.YFL014W	5107	238
1859447	4932.YDL061C	5103	164
1864439	4932.YOR096W	5061	493
1862895	4932.YLR185W	4995	87
1863480	4932.YMR116C	4972	1066
1862664	4932.YLL045C	4957	1025
1863790	4932.YNL069C	4704	305
1862718	4932.YLR029C	4653	412
1860185	4932.YDR500C	4533	70
1862009	4932.YJL136C	4492	247
1861140	4932.YGR148C	4473	167
1860445	4932.YER091C	4339	1913
1862253	4932.YJR145C	4328	698
1861599	4932.YHR203C	4328	698
1863067	4932.YLR344W	4236	299
1861319	4932.YHL015W	4213	321
1863115	4932.YLR388W	4196	132
1859810	4932.YDR155C	4176	506
1860157	4932.YDR471W	4172	444
1861374	4932.YHR010W	4172	444
1861919	4932.YJL052W	4140	2574
1862277	4932.YKL006W	4117	321
1861301	4932.YHL001W	4112	320
1860815	4932.YGL103W	4075	190
1864404	4932.YOR063W	4069	758
1863486	4932.YMR121C	4028	361
1861340	4932.YHL033C	4016	896
1861021	4932.YGR037C	4008	124
1864823	4932.YPL061W	3952	1475
1862209	4932.YJR104C	3914	346
1862643	4932.YLL024C	3908	2814
1861107	4932.YGR118W	3905	261
1865193	4932.YPR132W	3905	261
1863749	4932.YNL031C	3897	103
1858876	4932.YBR010W	3897	103
1863232	4932.YML024W	3873	572
1860131	4932.YDR447C	3873	572
1863236	4932.YML028W	3768	559
1862567	4932.YKR057W	3728	217
1864852	4932.YPL090C	3699	679
1859064	4932.YBR181C	3699	679
1861687	4932.YIL053W	3671	644
1858622	4932.YAL005C	3662	2645
1858620	4932.YAL003W	3633	397
1862844	4932.YLR150W	3622	498
1863938	4932.YNL209W	3574	2506
1862465	4932.YKL180W	3542	552
1858819	4932.YBL072C	3533	705
1860458	4932.YER102W	3533	705
1860788	4932.YGL076C	3526	768
1860718	4932.YGL009C	3474	1334
1858767	4932.YBL027W	3459	370
1858956	4932.YBR084C-A	3459	370
1864731	4932.YOR369C	3452	357
1859305	4932.YCR031C	3451	470
1862962	4932.YLR249W	3438	2058
1861017	4932.YGR034W	3435	266
1859624	4932.YDL229W	3386	2418
1862066	4932.YJL191W	3383	470
1860068	4932.YDR385W	3383	2855
1864477	4932.YOR133W	3383	2855
1862052	4932.YJL177W	3382	535
1863234	4932.YML026C	3378	598
1860134	4932.YDR450W	3378	598
1864966	4932.YPL198W	3373	739
1864908	4932.YPL143W	3355	170
1863561	4932.YMR186W	3272	1779
1860848	4932.YGL135W	3221	630
1864988	4932.YPL220W	3221	630
1859081	4932.YBR196C	3205	1021
1859073	4932.YBR189W	3173	428
1864588	4932.YOR234C	3158	165
1860740	4932.YGL030W	3124	224
1863175	4932.YLR441C	3122	628
1863276	4932.YML063W	3117	637
1862980	4932.YLR264W	3103	119
1864516	4932.YOR167C	3103	119
1864287	4932.YOL121C	3091	510
1864034	4932.YNL302C	3091	510
1863062	4932.YLR340W	3090	425
1858899	4932.YBR031W	3083	1233
1864843	4932.YPL081W	3047	428
1859672	4932.YDR025W	3008	344
1858916	4932.YBR048W	3008	344
1859468	4932.YDL082W	2972	343
1862331	4932.YKL056C	2946	256
1859469	4932.YDL083C	2945	469
1863511	4932.YMR143W	2945	469
1860378	4932.YER043C	2934	690
1863510	4932.YMR142C	2930	342
1859889	4932.YDR224C	2870	237
1858738	4932.YBL002W	2847	237
1859658	4932.YDR012W	2811	1170
1861773	4932.YIL133C	2753	219
1864668	4932.YOR312C	2752	316
1863621	4932.YMR242C	2752	316
1862751	4932.YLR061W	2603	158
1861646	4932.YIL018W	2591	494
1860676	4932.YFR031C-A	2591	494
1859891	4932.YDR226W	2589	263
1864275	4932.YOL109W	2558	86
1859461	4932.YDL075W	2548	211
1859715	4932.YDR064W	2546	242
1858875	4932.YBR009C	2526	173
1863748	4932.YNL030W	2526	173
1858877	4932.YBR011C	2518	441
1864198	4932.YOL039W	2485	211
1861072	4932.YGR085C	2479	347
1865162	4932.YPR102C	2479	347
1858834	4932.YBL087C	2453	357
1860473	4932.YER117W	2453	357
1863286	4932.YML073C	2438	266
1864286	4932.YOL120C	2426	220
1864033	4932.YNL301C	2426	220
1861685	4932.YIL051C	2424	246
1863608	4932.YMR230W	2404	265
1864647	4932.YOR293W	2404	265
1860102	4932.YDR418W	2403	477
1860301	4932.YEL054C	2403	477
1860612	4932.YFL039C	2397	653
1860860	4932.YGL147C	2393	426
1859467	4932.YDL081C	2385	179
1863047	4932.YLR325C	2360	66
1862199	4932.YJR094W-A	2301	215
1865103	4932.YPR043W	2301	215
1859441	4932.YDL055C	2280	542
1863006	4932.YLR287C-A	2204	55
1864531	4932.YOR182C	2204	55
1862500	4932.YKL216W	2192	294
1863817	4932.YNL096C	2156	336
1860969	4932.YGL253W	2132	728
1860065	4932.YDR382W	2126	281
1861409	4932.YHR039C-A	2111	62
1860268	4932.YEL026W	2097	115
1861074	4932.YGR087C	2063	933
1863134	4932.YLR406C	2012	174
1865009	4932.YPL240C	1900	1435
1862440	4932.YKL156W	1886	210
1861385	4932.YHR021C	1886	210
1860279	4932.YEL034W	1847	206
1862246	4932.YJR139C	1806	262
1860547	4932.YER177W	1793	435
1862877	4932.YLR167W	1745	223
1864797	4932.YPL036W	1744	1287
1864869	4932.YPL106C	1730	782
1863786	4932.YNL067W	1715	372
1863094	4932.YLR367W	1698	235
1862065	4932.YJL190C	1698	235
1859753	4932.YDR099W	1694	391
1860717	4932.YGL008C	1688	1452
1863182	4932.YLR448W	1685	212
1863775	4932.YNL055C	1681	318
1859075	4932.YBR191W	1646	227
1863688	4932.YMR303C	1594	606
1862150	4932.YJR045C	1590	692
1858984	4932.YBR109C	1548	165
1860903	4932.YGL189C	1533	133
1861147	4932.YGR155W	1503	482
1859007	4932.YBR127C	1501	567
1863078	4932.YLR354C	1498	290
1864841	4932.YPL079W	1484	215
1861577	4932.YHR183W	1475	639
1860488	4932.YER131W	1473	129
1861440	4932.YHR064C	1468	461
1861604	4932.YHR208W	1456	454
1860064	4932.YDR381W	1453	77
1858628	4932.YAL012W	1396	367
1861214	4932.YGR214W	1390	565
1862738	4932.YLR048W	1390	565
1861686	4932.YIL052C	1386	66
1860396	4932.YER056C-A	1386	66
1860116	4932.YDR432W	1385	163
1864652	4932.YOR298C-A	1362	65
1862733	4932.YLR043C	1358	87
1861287	4932.YGR285C	1348	207
1862012	4932.YJL138C	1339	806
1862569	4932.YKR059W	1339	806
1862358	4932.YKL081W	1305	350
1859890	4932.YDR225W	1282	143
1858739	4932.YBL003C	1282	143
1860187	4932.YDR502C	1256	347
1864798	4932.YPL037C	1237	83
1859670	4932.YDR023W	1221	349
1859587	4932.YDL192W	1220	164
1860610	4932.YFL037W	1215	165
1864551	4932.YOR198C	1212	154
1860533	4932.YER165W	1207	464
1862973	4932.YLR259C	1160	458
1862669	4932.YLL050C	1153	149
1861209	4932.YGR209C	1120	96
1860618	4932.YFL045C	1117	204
1859398	4932.YDL014W	1105	168
1859528	4932.YDL137W	1088	146
1863860	4932.YNL135C	1066	97
1862826	4932.YLR134W	1043	700
1861473	4932.YHR089C	1038	56
1859688	4932.YDR037W	1036	250
1864218	4932.YOL058W	1027	206
1859519	4932.YDL130W	1021	102
1862889	4932.YLR179C	1006	108
1862210	4932.YJR105W	990	315
1860961	4932.YGL245W	984	416
1861151	4932.YGR159C	977	176
1862467	4932.YKL182W	968	1216
1861240	4932.YGR240C	968	632
1864309	4932.YOL143C	967	96
1859330	4932.YCR053W	967	322
1863800	4932.YNL079C	963	62
1862121	4932.YJR016C	951	349
1861184	4932.YGR185C	948	161
1861790	4932.YIL148W	946	148
1862605	4932.YKR094C	946	148
1865000	4932.YPL231W	931	1032
1863012	4932.YLR293C	929	243
1859580	4932.YDL185W	927	721
1864691	4932.YOR332W	922	111
1863783	4932.YNL064C	902	145
1864737	4932.YOR375C	901	287
1864534	4932.YOR185C	894	241
1865134	4932.YPR074C	875	458
1858954	4932.YBR082C	868	26
1859142	4932.YBR249C	860	246
1858981	4932.YBR106W	836	126
1862227	4932.YJR121W	833	357
1860339	4932.YER009W	829	72
1860028	4932.YDR353W	826	187
1863583	4932.YMR205C	816	381
1862907	4932.YLR197W	779	218
1864366	4932.YOR027W	774	222
1859813	4932.YDR158W	769	183
1862748	4932.YLR058C	755	278
1862890	4932.YLR180W	752	321
1862847	4932.YLR153C	721	210
1865235	4932.YPR163C	710	102
1860291	4932.YEL046C	709	182
1861570	4932.YHR179W	709	172
1860817	4932.YGL105W	708	147
1861115	4932.YGR124W	689	274
1861900	4932.YJL034W	684	365
1864342	4932.YOR007C	683	134
1861384	4932.YHR020W	674	264
1863604	4932.YMR226C	669	84
1865101	4932.YPR041W	661	112
1864986	4932.YPL218W	653	97
1862635	4932.YLL018C	651	173
1862042	4932.YJL167W	639	131
1861073	4932.YGR086C	636	130
1864810	4932.YPL048W	628	176
1860466	4932.YER110C	625	435
1864466	4932.YOR122C	622	61
1860364	4932.YER031C	617	49
1861234	4932.YGR234W	615	144
1859241	4932.YCL043C	607	230
1859647	4932.YDR002W	606	45
1864926	4932.YPL160W	604	409
1863514	4932.YMR146C	601	118
1858998	4932.YBR121C	600	274
1861284	4932.YGR282C	599	103
1863445	4932.YMR083W	599	220
1864358	4932.YOR020C	599	36
1858847	4932.YBL099W	595	182
1864765	4932.YPL004C	593	98
1863695	4932.YMR307W	592	198
1859603	4932.YDL208W	573	18
1859470	4932.YDL084W	567	172
1859249	4932.YCL050C	562	97
1860736	4932.YGL026C	561	244
1863345	4932.YML126C	550	135
1861587	4932.YHR193C	549	106
1860016	4932.YDR341C	548	180
1863324	4932.YML106W	546	78
1858893	4932.YBR025C	537	133
1860403	4932.YER062C	537	226
1864557	4932.YOR204W	533	288
1860593	4932.YFL022C	531	112
1861179	4932.YGR180C	521	94
1864666	4932.YOR310C	511	139
1859679	4932.YDR032C	506	58
1858823	4932.YBL076C	501	300
1861383	4932.YHR019C	498	216
1862175	4932.YJR070C	492	85
1860459	4932.YER103W	489	642
1865129	4932.YPR069C	479	121
1863472	4932.YMR108W	476	182
1858822	4932.YBL075C	468	710
1858950	4932.YBR078W	465	111
1862716	4932.YLR027C	465	108
1860237	4932.YEL001C	460	11
1859515	4932.YDL126C	454	241
1863164	4932.YLR432W	435	307
1863595	4932.YMR217W	433	173
1864789	4932.YPL028W	428	120
1860331	4932.YER003C	423	92
1865210	4932.YPR145W	422	181
1863984	4932.YNL255C	419	36
1862309	4932.YKL035W	415	135
1861875	4932.YJL008C	412	108
1860818	4932.YGL106W	405	24
1861673	4932.YIL041W	403	96
1864694	4932.YOR335C	402	245
1861081	4932.YGR094W	385	244
1864091	4932.YNR016C	383	572
1864563	4932.YOR210W	383	7
1861715	4932.YIL078W	379	162
1861257	4932.YGR256W	377	236
1859110	4932.YBR221C	376	75
1862750	4932.YLR060W	374	125
1863937	4932.YNL208W	372	54
1865258	4932.YPR183W	370	78
1860678	4932.YFR032C-A	365	3
1858771	4932.YBL030C	364	105
1860861	4932.YGL148W	364	98
1862343	4932.YKL067W	362	30
1863267	4932.YML056C	361	251
1864920	4932.YPL154C	360	75
1865094	4932.YPR035W	356	54
1860138	4932.YDR454C	356	42
1860196	4932.YDR510W	354	21
1859238	4932.YCL040W	354	75
1859513	4932.YDL124W	353	75
1859898	4932.YDR233C	352	78
1859025	4932.YBR143C	351	88
1862926	4932.YLR216C	344	91
1859303	4932.YCR028C-A	343	22
1863118	4932.YLR390W-A	343	57
1862494	4932.YKL210W	340	176
1861452	4932.YHR072W-A	336	8
1860917	4932.YGL202W	335	106
1860437	4932.YER087C-B	331	19
1859680	4932.YDR033W	330	61
1863724	4932.YNL007C	329	52
1861488	4932.YHR104W	326	78
1865179	4932.YPR118W	324	44
1861779	4932.YIL138C	323	15
1862357	4932.YKL080W	320	77
1863727	4932.YNL010W	318	45
1860693	4932.YFR044C	317	87
1862047	4932.YJL172W	314	55
1859686	4932.YDR035W	308	59
1860921	4932.YGL206C	306	259
1860390	4932.YER052C	304	76
1862115	4932.YJR010W	301	85
1862398	4932.YKL117W	298	34
1864723	4932.YOR361C	297	97
1860950	4932.YGL234W	296	115
1863973	4932.YNL244C	292	21
1862002	4932.YJL130C	291	392
1865112	4932.YPR052C	289	9
1860369	4932.YER036C	288	115
1863213	4932.YML008C	280	73
1859534	4932.YDL143W	278	44
1862977	4932.YLR262C-A	277	5
1864880	4932.YPL117C	273	41
1860611	4932.YFL038C	271	23
1860319	4932.YEL071W	269	90
1861892	4932.YJL026W	268	61
1859157	4932.YBR263W	265	56
1863603	4932.YMR225C	261	18
1863828	4932.YNL104C	260	101
1860444	4932.YER090W	260	66
1862287	4932.YKL016C	258	16
1863837	4932.YNL113W	257	29
1864305	4932.YOL139C	257	34
1859738	4932.YDR086C	254	14
1862902	4932.YLR192C	254	30
1861281	4932.YGR279C	251	40
1860477	4932.YER120W	251	65
1863083	4932.YLR359W	248	57
1862280	4932.YKL009W	247	35
1864586	4932.YOR232W	247	18
1863731	4932.YNL014W	245	326
1859452	4932.YDL066W	244	80
1862182	4932.YJR077C	244	64
1863433	4932.YMR072W	243	11
1863709	4932.YMR318C	242	64
1863680	4932.YMR295C	239	14
1863024	4932.YLR304C	238	75
1862214	4932.YJR109C	238	155
1862297	4932.YKL024C	236	27
1859739	4932.YDR087C	232	25
1860548	4932.YER178W	230	77
1863230	4932.YML022W	229	21
1862910	4932.YLR200W	229	22
1862374	4932.YKL096W	227	37
1862256	4932.YJR148W	226	100
1864681	4932.YOR323C	224	65
1862885	4932.YLR175W	221	51
1863732	4932.YNL015W	219	8
1858634	4932.YAL016W	218	49
1861204	4932.YGR204W	215	126
1859785	4932.YDR129C	215	89
1861512	4932.YHR128W	214	33
1865003	4932.YPL234C	211	9
1863153	4932.YLR421C	209	20
1859877	4932.YDR212W	209	59
1863641	4932.YMR260C	204	14
1859722	4932.YDR071C	204	35
1859180	4932.YBR286W	203	54
1864260	4932.YOL097C	202	49
1865092	4932.YPR033C	199	73
1861879	4932.YJL012C	199	29
1858780	4932.YBL039C	199	54
1863836	4932.YNL112W	199	64
1861950	4932.YJL080C	197	153
1859407	4932.YDL022W	196	68
1863856	4932.YNL131W	193	19
1861159	4932.YGR162W	190	66
1862658	4932.YLL039C	187	138
1860720	4932.YGL011C	186	44
1859974	4932.YDR304C	184	25
1863697	4932.YMR309C	184	71
1861490	4932.YHR106W	181	58
1860080	4932.YDR397C	179	13
1859047	4932.YBR164C	179	19
1862111	4932.YJR007W	178	40
1858702	4932.YAR002C-A	178	29
1860358	4932.YER025W	176	41
1863703	4932.YMR315W	175	32
1864486	4932.YOR142W	173	35
1862329	4932.YKL054C	172	39
1863890	4932.YNL162W	172	4
1861529	4932.YHR141C	172	4
1859208	4932.YCL009C	170	43
1863620	4932.YMR241W	168	25
1863021	4932.YLR301W	167	31
1860703	4932.YFR053C	166	73
1863306	4932.YML092C	166	22
1860397	4932.YER057C	166	19
1862033	4932.YJL158C	166	33
1858963	4932.YBR089C-A	165	5
1859228	4932.YCL030C	163	74
1858658	4932.YAL035W	163	84
1860052	4932.YDR372C	161	30
1865087	4932.YPR028W	160	23
1861560	4932.YHR170W	159	24
1861382	4932.YHR018C	157	57
1863792	4932.YNL071W	155	33
1863702	4932.YMR314W	154	20
1863970	4932.YNL241C	153	48
1864120	4932.YNR043W	152	39
1864219	4932.YOL059W	151	52
1859361	4932.YCR088W	151	49
1861429	4932.YHR055C	149	10
1861426	4932.YHR053C	149	10
1858951	4932.YBR079C	146	76
1860172	4932.YDR487C	146	22
1860113	4932.YDR429C	144	24
1863859	4932.YNL134C	144	38
1858773	4932.YBL032W	143	29
1859391	4932.YDL007W	143	34
1863441	4932.YMR079W	143	32
1861620	4932.YHR216W	142	135
1862362	4932.YKL085W	140	29
1859897	4932.YDR232W	140	25
1860766	4932.YGL055W	138	31
1863072	4932.YLR348C	136	15
1862942	4932.YLR229C	136	18
1865044	4932.YPL271W	135	10
1860870	4932.YGL157W	135	32
1864167	4932.YOL012C	135	44
1861047	4932.YGR061C	135	122
1863287	4932.YML074C	134	27
1860765	4932.YGL054C	132	9
1863580	4932.YMR202W	132	12
1863181	4932.YLR447C	131	31
1864583	4932.YOR230W	131	44
1861784	4932.YIL142W	131	49
1861265	4932.YGR264C	129	61
1862558	4932.YKR048C	128	23
1859235	4932.YCL037C	128	35
1861207	4932.YGR207C	128	18
1861341	4932.YHL034C	128	27
1860273	4932.YEL030W	127	133
1858735	4932.YAR073W	127	104
1861391	4932.YHR025W	126	23
1861372	4932.YHR008C	126	15
1861665	4932.YIL033C	124	17
1862510	4932.YKR001C	124	52
1858670	4932.YAL044C	123	8
1859052	4932.YBR169C	123	142
1860417	4932.YER073W	123	49
1864709	4932.YOR347C	123	138
1860700	4932.YFR051C	121	16
1863419	4932.YMR058W	121	27
1865214	4932.YPR149W	121	14
1864853	4932.YPL091W	121	35
1864197	4932.YOL038W	117	24
1860429	4932.YER081W	116	17
1861706	4932.YIL070C	116	6
1862482	4932.YKL196C	115	12
1861444	4932.YHR068W	114	28
1863291	4932.YML078W	113	12
1864503	4932.YOR157C	113	7
1860490	4932.YER133W	110	24
1860292	4932.YEL047C	109	35
1863821	4932.YNL098C	108	29
1862174	4932.YJR069C	108	8
1859521	4932.YDL131W	108	61
1864559	4932.YOR206W	107	33
1863097	4932.YLR370C	106	7
1860450	4932.YER094C	106	12
1859593	4932.YDL198C	105	16
1863581	4932.YMR203W	105	26
1864638	4932.YOR285W	105	12
1863070	4932.YLR347C	105	38
1859576	4932.YDL182W	104	59
1861868	4932.YJL001W	101	12
1864452	4932.YOR108W	99.6	49
1862575	4932.YKR065C	98.2	6
1865067	4932.YPR010C	95.8	44
1863064	4932.YLR342W	95.7	113
1860747	4932.YGL037C	95.3	19
1863183	4932.YLR449W	95.2	32
1861368	4932.YHR005C-A	94.5	7
1861713	4932.YIL076W	93.5	12
1864533	4932.YOR184W	90.9	22
1862553	4932.YKR043C	90.7	11
1860674	4932.YFR030W	88.4	52
1864840	4932.YPL078C	88.3	8
1861730	4932.YIL094C	88.0	21
1863283	4932.YML070W	87.7	29
1861412	4932.YHR042W	87.7	35
1864995	4932.YPL226W	87.5	65
1864562	4932.YOR209C	86.7	25
1860199	4932.YDR513W	86.7	7
1860571	4932.YFL005W	86.0	15
1860168	4932.YDR483W	85.7	20
1861040	4932.YGR054W	85.2	28
1859278	4932.YCR009C	85.0	11
1860494	4932.YER136W	85.0	27
1861881	4932.YJL014W	84.9	29
1859031	4932.YBR149W	84.8	21
1862957	4932.YLR244C	84.7	32
1861862	4932.YIR037W	84.7	2
1860047	4932.YDR368W	84.5	13
1861584	4932.YHR190W	84.4	11
1859829	4932.YDR172W	84.3	40
1863719	4932.YNL002C	83.9	8
1859273	4932.YCR004C	83.7	16
1860020	4932.YDR345C	83.5	26
1865006	4932.YPL237W	83.1	10
1864724	4932.YOR362C	82.8	11
1864994	4932.YPL225W	82.6	12
1864623	4932.YOR270C	81.5	44
1859514	4932.YDL125C	81.2	10
1863682	4932.YMR297W	81.0	18
1858764	4932.YBL024W	80.8	35
1863949	4932.YNL220W	80.3	22
1864461	4932.YOR117W	80.2	22
1861000	4932.YGR020C	80.1	5
1864614	4932.YOR261C	79.9	20
1859480	4932.YDL092W	79.6	6
1858902	4932.YBR034C	79.4	12
1859044	4932.YBR162C	78.9	18
1861634	4932.YIL008W	77.8	7
1863172	4932.YLR438W	77.4	20
1861069	4932.YGR082W	77.1	9
1859871	4932.YDR210C-C	76.9	305
1863485	4932.YMR120C	76.0	30
1865171	4932.YPR110C	75.8	18
1861164	4932.YGR167W	75.8	6
1864499	4932.YOR153W	75.5	71
1863863	4932.YNL138W	75.2	33
1859464	4932.YDL078C	74.9	15
1859107	4932.YBR218C	74.8	83
1860588	4932.YFL018C	74.0	25
1863020	4932.YLR300W	73.9	21
1863005	4932.YLR287C	73.7	9
1859488	4932.YDL100C	73.6	17
1865035	4932.YPL262W	73.2	17
1863845	4932.YNL121C	72.7	24
1863763	4932.YNL044W	72.0	5
1864380	4932.YOR039W	71.8	7
1859848	4932.YDR188W	71.5	17
1860219	4932.YDR529C	70.8	6
1863976	4932.YNL247W	70.7	20
1864874	4932.YPL111W	70.2	20
1860269	4932.YEL027W	69.3	6
1860335	4932.YER006W	68.6	25
1862384	4932.YKL104C	67.9	41
1863282	4932.YML069W	67.8	26
1865122	4932.YPR062W	67.5	8
1862170	4932.YJR065C	67.3	20
1858987	4932.YBR111C	66.9	8
1864685	4932.YOR327C	66.1	5
1862244	4932.YJR137C	65.6	54
1864629	4932.YOR276W	65.4	7
1863423	4932.YMR062C	65.2	20
1861149	4932.YGR157W	65.1	19
1863367	4932.YMR012W	64.8	58
1861666	4932.YIL034C	64.1	7
1864675	4932.YOR317W	63.7	32
1859387	4932.YDL004W	63.3	6
1862817	4932.YLR125W	63.2	8
1861552	4932.YHR163W	62.4	7
1860773	4932.YGL062W	62.3	83
1862645	4932.YLL026W	62.0	32
1859631	4932.YDL236W	61.6	13
1864074	4932.YNR001C	61.2	13
1862401	4932.YKL120W	60.3	18
1865256	4932.YPR181C	59.1	40
1859743	4932.YDR091C	59.1	20
1859850	4932.YDR190C	59.0	20
1861981	4932.YJL111W	58.7	27
1859831	4932.YDR174W	58.6	8
1858799	4932.YBL056W	58.5	9
1865095	4932.YPR036W	58.5	19
1859437	4932.YDL051W	58.3	9
1862169	4932.YJR064W	58.1	13
1865074	4932.YPR016C	58.1	7
1860262	4932.YEL020W-A	57.7	2
1864537	4932.YOR187W	57.7	15
1860356	4932.YER023W	57.3	10
1861424	4932.YHR052W	56.0	12
1860414	4932.YER070W	55.5	41
1863733	4932.YNL016W	55.0	12
1862918	4932.YLR208W	54.9	16
1864402	4932.YOR061W	54.6	11
1861090	4932.YGR103W	54.3	13
1864127	4932.YNR050C	54.2	15
1860886	4932.YGL173C	53.5	32
1862523	4932.YKR014C	53.2	9
1860759	4932.YGL048C	53.1	11
1862252	4932.YJR144W	52.7	8
1864185	4932.YOL027C	52.7	9
1859982	4932.YDR312W	52.6	22
1864289	4932.YOL123W	52.6	12
1859783	4932.YDR127W	52.4	54
1858958	4932.YBR085C-A	52.3	2
1859210	4932.YCL011C	52.2	7
1860910	4932.YGL195W	51.7	88
1861748	4932.YIL109C	51.4	24
1861126	4932.YGR135W	51.3	9
1862307	4932.YKL033W-A	51.0	7
1860332	4932.YER004W	51.0	12
1864011	4932.YNL281W	51.0	3
1862496	4932.YKL212W	50.9	25
1859590	4932.YDL195W	50.8	41
1861442	4932.YHR066W	50.6	22
1858922	4932.YBR054W	50.5	22
1864577	4932.YOR224C	50.0	5
1860915	4932.YGL200C	50.0	10
1863867	4932.YNL141W	49.9	7
1863099	4932.YLR372W	49.8	11
1860385	4932.YER048C	49.8	8
1865004	4932.YPL235W	48.5	17
1859755	4932.YDR101C	48.0	25
1863659	4932.YMR276W	47.6	5
1863673	4932.YMR290C	47.5	18
1863220	4932.YML012W	47.5	9
1861517	4932.YHR132C	47.3	12
1865008	4932.YPL239W	47.2	5
1861675	4932.YIL043C	46.9	9
1864980	4932.YPL212C	46.8	12
1863214	4932.YML009C	46.6	1
1860282	4932.YEL037C	46.5	8
1861108	4932.YGR119C	46.4	11
1864317	4932.YOL151W	46.2	11
1864160	4932.YOL005C	46.1	3
1865163	4932.YPR103W	46.0	8
1859536	4932.YDL145C	45.8	30
1862119	4932.YJR014W	45.7	5
1859538	4932.YDL147W	45.7	10
1865266	4932.YPR191W	45.7	12
1862441	4932.YKL157W	45.6	29
1861211	4932.YGR211W	45.6	11
1859042	4932.YBR160W	45.4	4
1860071	4932.YDR388W	45.2	11
1865149	4932.YPR088C	45.2	13
1860274	4932.YEL031W	45.1	32
1864736	4932.YOR374W	45.0	21
1859510	4932.YDL121C	44.9	3
1860958	4932.YGL242C	44.5	4
1858736	4932.YAR075W	44.3	10
1862906	4932.YLR196W	44.2	18
1862271	4932.YKL001C	43.5	5
1859553	4932.YDL160C	43.3	15
1864039	4932.YNL307C	42.9	7
1858959	4932.YBR085W	42.8	30
1862944	4932.YLR231C	42.8	12
1864517	4932.YOR168W	42.7	21
1860575	4932.YFL010C	42.7	4
1862284	4932.YKL013C	42.7	4
1859177	4932.YBR283C	42.5	10
1862992	4932.YLR276C	42.5	15
1863105	4932.YLR378C	41.8	10
1860161	4932.YDR476C	41.8	6
1860082	4932.YDR399W	41.4	5
1863462	4932.YMR099C	41.2	11
1858766	4932.YBL026W	41.1	2
1860059	4932.YDR378C	41.1	2
1861711	4932.YIL074C	41.1	14
1862302	4932.YKL029C	40.7	17
1858975	4932.YBR101C	40.1	6
1858710	4932.YAR015W	39.9	7
1859466	4932.YDL080C	39.3	61
1863696	4932.YMR308C	38.9	18
1858788	4932.YBL045C	38.4	11
1859903	4932.YDR238C	38.1	23
1860508	4932.YER146W	38.0	1
1859970	4932.YDR300C	38.0	6
1863397	4932.YMR038C	37.8	5
1863491	4932.YMR125W	37.8	17
1861420	4932.YHR049W	37.7	6
1862181	4932.YJR076C	37.6	10
1861167	4932.YGR169C-A	37.5	1
1862589	4932.YKR078W	37.3	10
1863299	4932.YML085C	36.5	13
1864607	4932.YOR254C	36.2	18
1858814	4932.YBL069W	36.0	8
1860435	4932.YER086W	36.0	16
1858967	4932.YBR092C	35.9	12
1861015	4932.YGR032W	35.8	55
1862986	4932.YLR270W	35.8	8
1859112	4932.YBR222C	35.7	12
1861208	4932.YGR208W	35.1	7
1865190	4932.YPR129W	35.0	8
1860297	4932.YEL051W	34.8	6
1859036	4932.YBR154C	34.7	5
1862034	4932.YJL159W	34.6	44
1861286	4932.YGR284C	34.5	12
1864771	4932.YPL010W	34.5	3
1859816	4932.YDR161W	34.2	9
1861254	4932.YGR253C	34.0	9
1865237	4932.YPR165W	33.8	7
1864513	4932.YOR164C	33.6	8
1859233	4932.YCL035C	33.5	3
1860794	4932.YGL082W	33.4	4
1864882	4932.YPL119C	32.8	47
1863614	4932.YMR235C	32.7	13
1858962	4932.YBR088C	32.4	6
1860285	4932.YEL040W	32.1	14
1858737	4932.YBL001C	32.1	1
1862314	4932.YKL040C	32.0	4
1859725	4932.YDR074W	31.8	13
1862046	4932.YJL171C	31.8	8
1858689	4932.YAL062W	31.7	31
1864097	4932.YNR022C	31.6	2
1863888	4932.YNL160W	31.4	6
1859141	4932.YBR248C	31.4	12
1859511	4932.YDL122W	31.3	10
1862048	4932.YJL173C	31.2	3
1864304	4932.YOL138C	31.1	22
1860394	4932.YER055C	31.0	7
1863417	4932.YMR056C	30.7	26
1863918	4932.YNL189W	30.5	9
1861231	4932.YGR231C	30.2	4
1860769	4932.YGL058W	30.1	2
1863152	4932.YLR420W	29.9	7
1859820	4932.YDR165W	29.9	9
1859565	4932.YDL171C	29.6	32
1864821	4932.YPL059W	29.6	3
1862466	4932.YKL181W	29.2	6
1864825	4932.YPL063W	29.2	8
1860729	4932.YGL019W	29.1	5
1860606	4932.YFL034C-A	29.1	6
1860884	4932.YGL171W	28.8	6
1863513	4932.YMR145C	28.8	4
1859000	4932.YBR122C	28.7	2
1864019	4932.YNL287W	28.7	17
1862711	4932.YLR022C	28.4	2
1858784	4932.YBL041W	28.3	4
1863348	4932.YML129C	28.2	2
1861829	4932.YIR012W	28.2	8
1861505	4932.YHR121W	28.1	3
1859996	4932.YDR322C-A	28.0	1
1858944	4932.YBR072W	27.9	7
1860482	4932.YER125W	27.8	10
1865142	4932.YPR081C	27.8	22
1865046	4932.YPL273W	27.7	5
1861407	4932.YHR038W	27.6	1
1861765	4932.YIL125W	27.6	22
1859027	4932.YBR145W	27.2	21
1865223	4932.YPR158C-C	27.2	303
1859928	4932.YDR261C-C	27.2	303
1862970	4932.YLR256W-A	27.2	303
1860496	4932.YER137C-A	27.2	303
1858708	4932.YAR010C	27.2	303
1862939	4932.YLR227W-A	27.2	303
1862131	4932.YJR026W	27.2	303
1862133	4932.YJR028W	27.2	303
1862860	4932.YLR157C-A	27.2	303
1865029	4932.YPL257W-A	27.2	303
1860043	4932.YDR365W-A	27.2	303
1861008	4932.YGR027W-A	27.2	303
1865199	4932.YPR137C-A	27.2	303
1863249	4932.YML040W	27.2	303
1864268	4932.YOL103W-A	27.0	299
1860652	4932.YFR010W	26.8	8
1860922	4932.YGL207W	26.7	14
1861441	4932.YHR065C	26.5	5
1861202	4932.YGR203W	26.5	3
1861993	4932.YJL123C	26.4	10
1863161	4932.YLR429W	26.4	10
1864387	4932.YOR046C	26.1	11
1864236	4932.YOL077C	26.0	5
1863607	4932.YMR229C	26.0	24
1859240	4932.YCL042W	25.9	2
1864701	4932.YOR341W	25.6	26
1860767	4932.YGL056C	25.6	7
1859226	4932.YCL028W	25.5	7
1859005	4932.YBR126W-A	25.5	2
1859041	4932.YBR159W	25.4	6
1861869	4932.YJL002C	25.3	7
1864525	4932.YOR176W	25.3	4
1864604	4932.YOR251C	25.2	6
1861188	4932.YGR189C	25.2	8
1859776	4932.YDR120C	25.2	8
1863002	4932.YLR285W	25.2	2
1864937	4932.YPL171C	25.1	21
1864606	4932.YOR253W	25.0	2
1860111	4932.YDR427W	24.8	5
1861652	4932.YIL022W	24.8	6
1863254	4932.YML045W-A	24.7	291
1859751	4932.YDR098C-A	24.7	291
1860526	4932.YER159C-A	24.7	291
1861022	4932.YGR038C-A	24.7	291
1863411	4932.YMR051C	24.7	291
1859987	4932.YDR316W-A	24.7	291
1861154	4932.YGR161C-C	24.7	291
1863685	4932.YMR300C	24.4	9
1864480	4932.YOR136W	24.3	7
1864430	4932.YOR086C	24.2	15
1861712	4932.YIL075C	24.2	15
1860238	4932.YEL002C	24.2	11
1859415	4932.YDL029W	24.1	6
1864674	4932.YOR316C-A	24.1	1
1862178	4932.YJR073C	24.1	4
1864639	4932.YOR286W	24.1	1
1860790	4932.YGL078C	23.9	8
1861863	4932.YIR038C	23.8	2
1859834	4932.YDR177W	23.7	3
1861119	4932.YGR128C	23.6	9
1863726	4932.YNL009W	23.5	15
1864910	4932.YPL145C	23.2	6
1858808	4932.YBL064C	23.2	2
1860780	4932.YGL068W	23.2	1
1858642	4932.YAL023C	23.0	20
1864487	4932.YOR142W-A	22.7	279
1858879	4932.YBR012W-A	22.7	279
1865226	4932.YPR158W-A	22.7	279
1864975	4932.YPL207W	22.7	11
1864550	4932.YOR197W	22.5	4
1860832	4932.YGL120C	22.4	14
1862584	4932.YKR074W	22.3	3
1863075	4932.YLR351C	22.1	7
1863285	4932.YML072C	21.9	16
1864618	4932.YOR265W	21.9	1
1859800	4932.YDR145W	21.9	2
1863593	4932.YMR215W	21.7	9
1860021	4932.YDR346C	21.6	5
1864855	4932.YPL093W	21.4	6
1862576	4932.YKR066C	21.3	4
1861906	4932.YJL041W	21.1	6
1863774	4932.YNL054W-A	20.9	254
1864188	4932.YOL030W	20.9	7
1858644	4932.YAL025C	20.8	4
1863300	4932.YML086C	20.7	7
1861192	4932.YGR193C	20.7	6
1861700	4932.YIL066C	20.5	25
1860850	4932.YGL137W	20.4	12
1864612	4932.YOR259C	20.4	4
1863616	4932.YMR237W	20.1	9
1862495	4932.YKL211C	20.0	4
1861614	4932.YHR214C-C	19.9	291
1861847	4932.YIR024C	19.9	1
1858659	4932.YAL036C	19.7	6
1860642	4932.YFR001W	19.7	1
1864208	4932.YOL049W	19.7	3
1863796	4932.YNL075W	19.6	2
1861987	4932.YJL117W	19.5	5
1862346	4932.YKL069W	19.4	6
1861456	4932.YHR074W	19.2	8
1863558	4932.YMR183C	19.2	5
1863780	4932.YNL061W	19.1	7
1861186	4932.YGR187C	19.1	6
1861637	4932.YIL010W	19.0	2
1858680	4932.YAL054C	18.9	20
1860511	4932.YER148W	18.9	1
1860342	4932.YER012W	18.9	3
1861967	4932.YJL097W	18.8	2
1861070	4932.YGR083C	18.8	3
1859969	4932.YDR299W	18.8	7
1859525	4932.YDL134C	18.7	5
1859803	4932.YDR148C	18.7	5
1859060	4932.YBR177C	18.6	6
1862896	4932.YLR186W	18.6	3
1860077	4932.YDR394W	18.6	5
1860782	4932.YGL070C	18.6	1
1858872	4932.YBR006W	18.6	6
1861246	4932.YGR245C	18.4	8
1863627	4932.YMR246W	18.3	9
1863615	4932.YMR236W	18.3	1
1864432	4932.YOR089C	18.2	3
1859600	4932.YDL205C	18.0	3
1860350	4932.YER019C-A	17.8	1
1862717	4932.YLR028C	17.8	10
1859334	4932.YCR060W	17.7	2
1858827	4932.YBL080C	17.7	5
1860621	4932.YFL048C	17.7	6
1859483	4932.YDL095W	17.4	9
1862884	4932.YLR174W	17.4	14
1859750	4932.YDR098C	17.3	3
1860954	4932.YGL238W	17.2	10
1859995	4932.YDR321W	17.2	5
1863038	4932.YLR316C	17.1	8
1862916	4932.YLR206W	17.1	4
1861860	4932.YIR036C	17.1	4
1859872	4932.YDR210C-D	17.1	315
1859159	4932.YBR265W	16.9	3
1859596	4932.YDL201W	16.9	3
1864392	4932.YOR051C	16.9	4
1860699	4932.YFR050C	16.7	3
1861393	4932.YHR027C	16.6	12
1860760	4932.YGL049C	16.6	17
1862811	4932.YLR120C	16.6	1
1859712	4932.YDR061W	16.5	3
1859823	4932.YDR168W	16.3	4
1863328	4932.YML110C	16.1	3
1860353	4932.YER021W	16.1	7
1862333	4932.YKL058W	15.9	1
1862592	4932.YKR081C	15.8	3
1860838	4932.YGL125W	15.8	6
1860668	4932.YFR024C-A	15.8	5
1862498	4932.YKL214C	15.7	1
1864360	4932.YOR021C	15.6	1
1863805	4932.YNL084C	15.6	3
1860182	4932.YDR497C	15.6	6
1864967	4932.YPL199C	15.6	2
1864491	4932.YOR145C	15.5	3
1863755	4932.YNL037C	15.4	4
1862035	4932.YJL160C	15.3	31
1858838	4932.YBL091C	15.2	5
1864605	4932.YOR252W	15.2	1
1860078	4932.YDR395W	15.1	8
1861643	4932.YIL015W	14.9	5
1858992	4932.YBR115C	14.8	13
1862448	4932.YKL164C	14.7	31
1860702	4932.YFR052W	14.4	3
1859137	4932.YBR244W	14.3	1
1859708	4932.YDR057W	14.3	6
1860653	4932.YFR010W-A	14.1	1
1861508	4932.YHR124W	14.1	8
1858668	4932.YAL042W	14.1	4
1863857	4932.YNL132W	14.1	10
1862129	4932.YJR024C	14.1	3
1863972	4932.YNL243W	14.1	6
1861475	4932.YHR091C	14.0	18
1864613	4932.YOR260W	13.8	3
1864311	4932.YOL145C	13.7	7
1864077	4932.YNR003C	13.5	3
1863258	4932.YML048W	13.5	5
1864112	4932.YNR035C	13.5	3
1863344	4932.YML125C	13.4	2
1863455	4932.YMR092C	13.4	7
1861114	4932.YGR123C	13.4	2
1865194	4932.YPR133C	13.4	4
1862168	4932.YJR063W	13.3	1
1859621	4932.YDL226C	13.1	3
1863343	4932.YML124C	13.1	7
1858921	4932.YBR053C	13.0	3
1862603	4932.YKR092C	12.9	1
1862408	4932.YKL127W	12.9	9
1862749	4932.YLR059C	12.8	3
1860442	4932.YER089C	12.8	3
1863975	4932.YNL246W	12.7	1
1863479	4932.YMR115W	12.7	3
1859531	4932.YDL140C	12.7	16
1859696	4932.YDR045C	12.6	1
1864096	4932.YNR021W	12.6	4
1864624	4932.YOR271C	12.5	2
1863585	4932.YMR207C	12.4	42
1862130	4932.YJR025C	12.4	1
1859585	4932.YDL190C	12.3	4
1859572	4932.YDL178W	12.3	3
1862961	4932.YLR248W	12.2	3
1859744	4932.YDR092W	12.1	1
1863052	4932.YLR330W	12.1	4
1860413	4932.YER069W	12.1	6
1861492	4932.YHR108W	12.1	4
1863217	4932.YML010W	12.0	7
1863960	4932.YNL231C	11.8	2
1860003	4932.YDR328C	11.8	1
1863036	4932.YLR314C	11.8	3
1861729	4932.YIL093C	11.7	1
1861696	4932.YIL062C	11.7	1
1863010	4932.YLR291C	11.7	5
1861144	4932.YGR152C	11.7	2
1861885	4932.YJL020C	11.7	5
1861336	4932.YHL030W	11.6	14
1861535	4932.YHR146W	11.6	3
1860395	4932.YER056C	11.6	1
1862478	4932.YKL192C	11.5	1
1862447	4932.YKL163W	11.5	31
1864442	4932.YOR099W	11.5	3
1859474	4932.YDL086W	11.4	2
1860589	4932.YFL019C	11.4	1
1865207	4932.YPR143W	11.4	1
1864200	4932.YOL041C	11.3	3
1861472	4932.YHR088W	11.2	2
1859203	4932.YCL004W	11.0	5
1861127	4932.YGR136W	11.0	1
1863977	4932.YNL248C	11.0	2
1862783	4932.YLR093C	10.9	1
1861889	4932.YJL024C	10.9	2
1858623	4932.YAL007C	10.9	1
1862595	4932.YKR084C	10.8	5
1862411	4932.YKL130C	10.8	1
1859899	4932.YDR234W	10.8	4
1862076	4932.YJL200C	10.7	5
1864514	4932.YOR165W	10.7	4
1863409	4932.YMR049C	10.6	4
1862833	4932.YLR141W	10.5	1
1862014	4932.YJL140W	10.5	1
1858744	4932.YBL006C	10.4	1
1863434	4932.YMR073C	10.4	1
1860067	4932.YDR384C	10.3	1
1861046	4932.YGR060W	10.2	3
1860387	4932.YER049W	10.2	5
1860811	4932.YGL099W	10.2	4
1861995	4932.YJL125C	10.1	2
1859491	4932.YDL103C	10.1	5
1862017	4932.YJL143W	10.1	1
1862882	4932.YLR172C	10.0	3
1858907	4932.YBR039W	10.0	2
1862180	4932.YJR075W	9.97	2
1864217	4932.YOL057W	9.96	4
1863384	4932.YMR027W	9.74	3
1864497	4932.YOR151C	9.69	6
1865147	4932.YPR086W	9.59	2
1861010	4932.YGR028W	9.58	1
1863968	4932.YNL239W	9.53	3
1861518	4932.YHR132W-A	9.47	1
1863111	4932.YLR384C	9.47	7
1860987	4932.YGR007W	9.44	3
1860981	4932.YGR001C	9.43	1
1859495	4932.YDL107W	9.32	1
1863881	4932.YNL153C	9.27	1
1864056	4932.YNL324W	9.26	1
1862059	4932.YJL184W	9.25	1
1864493	4932.YOR147W	9.22	2
1860118	4932.YDR434W	9.22	2
1858903	4932.YBR035C	9.2	1
1860203	4932.YDR517W	9.18	1
1864648	4932.YOR294W	9.16	1
1863882	4932.YNL154C	9.15	3
1863985	4932.YNL256W	9.14	2
1859417	4932.YDL031W	9.13	3
1859876	4932.YDR211W	9.07	4
1861390	4932.YHR024C	9.05	2
1858793	4932.YBL050W	8.99	2
1863847	4932.YNL123W	8.97	4
1860999	4932.YGR019W	8.95	2
1863676	4932.YMR292W	8.88	1
1864475	4932.YOR131C	8.87	1
1859439	4932.YDL053C	8.84	1
1859607	4932.YDL212W	8.77	1
1860022	4932.YDR347W	8.76	2
1859562	4932.YDL168W	8.73	4
1862932	4932.YLR222C	8.71	3
1865121	4932.YPR061C	8.69	1
1864446	4932.YOR103C	8.68	1
1864773	4932.YPL012W	8.64	5
1860377	4932.YER042W	8.57	1
1860308	4932.YEL060C	8.55	3
1864434	4932.YOR091W	8.52	1
1863618	4932.YMR239C	8.51	1
1858968	4932.YBR093C	8.48	4
1860404	4932.YER063W	8.41	1
1858853	4932.YBL102W	8.34	2
1862974	4932.YLR260W	8.29	3
1862821	4932.YLR129W	8.27	5
1861698	4932.YIL064W	8.26	2
1862477	4932.YKL191W	8.24	2
1860302	4932.YEL055C	8.24	6
1860708	4932.YGL001C	8.2	1
1864253	4932.YOL090W	8.2	6
1862809	4932.YLR118C	8.16	1
1863625	4932.YMR244W	8.15	1
1863252	4932.YML043C	8.13	1
1859614	4932.YDL219W	8.13	1
1860649	4932.YFR008W	8.12	1
1861631	4932.YIL005W	8.1	3
1863945	4932.YNL216W	8.1	4
1863321	4932.YML103C	8.1	7
1861123	4932.YGR132C	8.07	1
1860382	4932.YER046W	8.06	1
1860948	4932.YGL232W	8.03	1
1860650	4932.YFR009W	8.01	3
1860880	4932.YGL167C	8.0	3
1860018	4932.YDR343C	7.95	4
1860017	4932.YDR342C	7.95	4
1863586	4932.YMR208W	7.95	2
1858734	4932.YAR071W	7.95	4
1859807	4932.YDR152W	7.89	1
1864985	4932.YPL217C	7.88	4
1862791	4932.YLR100W	7.85	2
1859630	4932.YDL235C	7.8	1
1863307	4932.YML093W	7.75	4
1863288	4932.YML075C	7.71	4
1861667	4932.YIL035C	7.69	2
1864130	4932.YNR053C	7.68	2
1865174	4932.YPR113W	7.65	1
1864438	4932.YOR095C	7.65	2
1863567	4932.YMR192W	7.52	3
1861438	4932.YHR063C	7.5	3
1863262	4932.YML052W	7.45	2
1861671	4932.YIL039W	7.44	1
1861747	4932.YIL108W	7.4	3
1860755	4932.YGL043W	7.39	1
1863545	4932.YMR173W	7.35	1
1861805	4932.YIL161W	7.35	1
1861282	4932.YGR280C	7.27	1
1859150	4932.YBR256C	7.27	1
1864938	4932.YPL172C	7.25	1
1862207	4932.YJR102C	7.18	1
1859356	4932.YCR084C	7.17	3
1862422	4932.YKL140W	7.17	2
1863720	4932.YNL003C	7.16	1
1863653	4932.YMR272C	7.15	2
1864306	4932.YOL140W	7.1	1
1864472	4932.YOR128C	7.08	4
1859450	4932.YDL064W	7.06	1
1862887	4932.YLR177W	7.04	2
1864644	4932.YOR291W	7.01	3
1864729	4932.YOR367W	6.99	1
1859710	4932.YDR059C	6.93	1
1860965	4932.YGL249W	6.92	4
1861756	4932.YIL116W	6.89	2
1863889	4932.YNL161W	6.89	1
1860379	4932.YER044C	6.88	1
1861250	4932.YGR249W	6.85	1
1862223	4932.YJR117W	6.85	3
1859010	4932.YBR130C	6.84	1
1862710	4932.YLR021W	6.84	1
1863598	4932.YMR220W	6.83	2
1864161	4932.YOL006C	6.83	1
1859929	4932.YDR261C-D	6.8	313
1863087	4932.YLR362W	6.78	2
1862424	4932.YKL142W	6.74	1
1862746	4932.YLR056W	6.71	1
1862861	4932.YLR157C-B	6.69	314
1865030	4932.YPL257W-B	6.69	314
1861414	4932.YHR044C	6.63	3
1861245	4932.YGR244C	6.6	2
1861787	4932.YIL145C	6.59	1
1865115	4932.YPR055W	6.59	4
1860645	4932.YFR004W	6.59	1
1858746	4932.YBL007C	6.57	4
1859915	4932.YDR249C	6.57	1
1862433	4932.YKL150W	6.53	1
1862383	4932.YKL103C	6.52	2
1861413	4932.YHR043C	6.48	3
1860831	4932.YGL119W	6.47	1
1862535	4932.YKR026C	6.39	1
1860498	4932.YER138C	6.35	314
1863248	4932.YML039W	6.34	314
1860809	4932.YGL097W	6.33	1
1864010	4932.YNL280C	6.33	1
1864269	4932.YOL103W-B	6.32	310
1862730	4932.YLR040C	6.3	1
1859004	4932.YBR126C	6.3	2
1860251	4932.YEL013W	6.3	2
1861931	4932.YJL063C	6.27	1
1862132	4932.YJR027W	6.27	314
1860044	4932.YDR365W-B	6.24	313
1863477	4932.YMR113W	6.22	1
1863834	4932.YNL110C	6.21	1
1862940	4932.YLR227W-B	6.2	313
1860336	4932.YER007C-A	6.18	1
1865224	4932.YPR158C-D	6.15	313
1863929	4932.YNL200C	6.15	1
1863187	4932.YLR453C	6.14	1
1862084	4932.YJL208C	6.07	1
1862804	4932.YLR113W	6.02	2
1865186	4932.YPR125W	6.01	1
1860461	4932.YER105C	6.01	5
1865200	4932.YPR137C-B	6.01	313
1859826	4932.YDR170C	6.0	10
1862838	4932.YLR146C	5.98	1
1859854	4932.YDR194C	5.97	1
1862134	4932.YJR029W	5.95	313
1861009	4932.YGR027W-B	5.93	313
1864458	4932.YOR114W	5.88	1
1863422	4932.YMR061W	5.87	4
1859389	4932.YDL006W	5.87	1
1860789	4932.YGL077C	5.86	1
1860528	4932.YER161C	5.84	1
1863474	4932.YMR110C	5.82	2
1858957	4932.YBR084W	5.79	8
1858971	4932.YBR096W	5.79	1
1861023	4932.YGR038C-B	5.78	301
1859752	4932.YDR098C-B	5.78	301
1859632	4932.YDL237W	5.78	1
1861210	4932.YGR210C	5.77	1
1861761	4932.YIL121W	5.77	3
1863323	4932.YML105C	5.72	1
1865001	4932.YPL232W	5.72	3
1861714	4932.YIL077C	5.72	1
1858794	4932.YBL051C	5.71	1
1859567	4932.YDL173W	5.69	1
1858801	4932.YBL058W	5.69	1
1860936	4932.YGL221C	5.67	1
1862152	4932.YJR047C	5.67	3
1859988	4932.YDR316W-B	5.66	301
1861833	4932.YIR016W	5.62	1
1861071	4932.YGR084C	5.61	1
1864040	4932.YNL308C	5.59	2
1861823	4932.YIR006C	5.56	3
1863205	4932.YML001W	5.56	1
1859405	4932.YDL021W	5.51	1
1862506	4932.YKL222C	5.51	2
1863410	4932.YMR050C	5.5	301
1859583	4932.YDL188C	5.49	2
1859103	4932.YBR214W	5.45	2
1862546	4932.YKR036C	5.44	2
1863253	4932.YML045W	5.44	301
1860647	4932.YFR006W	5.42	2
1864958	4932.YPL190C	5.42	3
1864135	4932.YNR058W	5.4	1
1861155	4932.YGR161C-D	5.4	301
1861326	4932.YHL020C	5.38	1
1863398	4932.YMR039C	5.38	1
1860527	4932.YER160C	5.36	301
1859140	4932.YBR247C	5.31	2
1861506	4932.YHR122W	5.3	1
1863994	4932.YNL265C	5.25	2
1862457	4932.YKL172W	5.24	1
1864564	4932.YOR211C	5.22	2
1860136	4932.YDR452W	5.22	2
1863861	4932.YNL136W	5.21	1
1862715	4932.YLR026C	5.2	1
1862905	4932.YLR195C	5.19	1
1861613	4932.YHR214C-B	5.1	301
1860484	4932.YER127W	5.07	1
1864488	4932.YOR142W-B	5.07	289
1864216	4932.YOL056W	5.05	1
1858626	4932.YAL010C	5.03	1
1865227	4932.YPR158W-B	5.02	289
1861651	4932.YIL021W	5.0	1
1860873	4932.YGL160W	4.99	2
1864221	4932.YOL061W	4.99	2
1864015	4932.YNL284C-A	4.97	56
1858880	4932.YBR012W-B	4.97	289
1860024	4932.YDR349C	4.94	1
1858677	4932.YAL049C	4.94	1
1859175	4932.YBR281C	4.93	1
1861991	4932.YJL121C	4.92	1
1864944	4932.YPL178W	4.83	1
1863722	4932.YNL005C	4.82	1
1861858	4932.YIR034C	4.8	1
1862278	4932.YKL007W	4.8	1
1860515	4932.YER151C	4.8	3
1862834	4932.YLR142W	4.75	1
1861771	4932.YIL131C	4.73	1
1863371	4932.YMR014W	4.72	1
1862471	4932.YKL185W	4.72	1
1864489	4932.YOR143C	4.71	1
1861396	4932.YHR029C	4.69	1
1863623	4932.YMR243C	4.64	1
1860749	4932.YGL039W	4.62	1
1861365	4932.YHR003C	4.6	1
1858894	4932.YBR026C	4.59	1
1860137	4932.YDR453C	4.55	2
1863764	4932.YNL045W	4.53	2
1861136	4932.YGR145W	4.48	1
1862648	4932.YLL029W	4.48	2
1865102	4932.YPR042C	4.46	4
1859713	4932.YDR062W	4.44	1
1861758	4932.YIL118W	4.43	1
1863336	4932.YML117W	4.42	2
1862773	4932.YLR083C	4.42	2
1864875	4932.YPL112C	4.4	1
1861716	4932.YIL079C	4.36	1
1858897	4932.YBR029C	4.33	2
1861482	4932.YHR098C	4.28	2
1861497	4932.YHR113W	4.27	1
1863478	4932.YMR114C	4.26	1
1864072	4932.YNL339W-A	4.26	1
1865055	4932.YPL283W-A	4.26	1
1861298	4932.YGR296C-A	4.26	1
1860562	4932.YER190C-A	4.26	1
1863353	4932.YML133W-A	4.26	1
1858757	4932.YBL017C	4.25	5
1863665	4932.YMR282C	4.22	2
1863149	4932.YLR417W	4.22	1
1863468	4932.YMR105C	4.2	4
1860585	4932.YFL016C	4.2	1
1860106	4932.YDR422C	4.18	2
1860287	4932.YEL042W	4.17	1
1862231	4932.YJR125C	4.16	1
1861951	4932.YJL081C	4.15	2
1864022	4932.YNL290W	4.14	1
1861764	4932.YIL124W	4.13	1
1860089	4932.YDR406W	4.09	14
1858920	4932.YBR052C	4.09	1
1864997	4932.YPL228W	4.07	2
1861375	4932.YHR011W	4.05	1
1861105	4932.YGR116W	4.04	3
1864793	4932.YPL032C	4.04	2
1863534	4932.YMR163C	4.03	2
1859328	4932.YCR051W	4.02	1
1859666	4932.YDR019C	4.01	1
1861100	4932.YGR111W	4.01	1
1858705	4932.YAR007C	3.99	2
1864257	4932.YOL094C	3.96	1
1860960	4932.YGL244W	3.95	1
1864890	4932.YPL126W	3.94	3
1861899	4932.YJL033W	3.91	2
1860008	4932.YDR333C	3.9	1
1860640	4932.YFL067W	3.9	1
1864429	4932.YOR085W	3.88	1
1863743	4932.YNL025C	3.86	1
1860681	4932.YFR034C	3.86	1
1861178	4932.YGR179C	3.84	1
1861916	4932.YJL050W	3.83	3
1860204	4932.YDR518W	3.82	1
1864978	4932.YPL210C	3.81	1
1864379	4932.YOR038C	3.81	3
1864467	4932.YOR123C	3.8	1
1859861	4932.YDR200C	3.78	1
1859657	4932.YDR011W	3.78	2
1860329	4932.YER001W	3.76	2
1863686	4932.YMR301C	3.75	1
1864686	4932.YOR328W	3.73	14
1865229	4932.YPR159W	3.7	1
1861556	4932.YHR166C	3.68	1
1858606	4932.Q0120	3.67	1
1865107	4932.YPR047W	3.67	1
1861797	4932.YIL155C	3.63	1
1863456	4932.YMR093W	3.6	1
1861478	4932.YHR094C	3.59	1
1859271	4932.YCR002C	3.57	1
1865168	4932.YPR108W	3.48	1
1862511	4932.YKR002W	3.48	1
1859886	4932.YDR221W	3.48	1
1862551	4932.YKR041W	3.46	1
1863138	4932.YLR409C	3.45	2
1859262	4932.YCL064C	3.45	2
1859485	4932.YDL097C	3.43	2
1862432	4932.YKL149C	3.43	1
1861503	4932.YHR119W	3.42	1
1862703	4932.YLR014C	3.41	1
1863272	4932.YML059C	3.4	3
1860931	4932.YGL216W	3.4	1
1864732	4932.YOR370C	3.38	2
1860226	4932.YDR536W	3.37	1
1860807	4932.YGL095C	3.36	1
1858703	4932.YAR002W	3.35	2
1860993	4932.YGR013W	3.35	1
1863677	4932.YMR293C	3.35	1
1863826	4932.YNL103W	3.34	1
1863766	4932.YNL047C	3.33	1
1859964	4932.YDR294C	3.31	1
1864653	4932.YOR298W	3.28	1
1862339	4932.YKL064W	3.27	1
1863822	4932.YNL099C	3.26	1
1861591	4932.YHR196W	3.25	1
1859243	4932.YCL045C	3.25	1
1861491	4932.YHR107C	3.24	1
1861927	4932.YJL060W	3.23	1
1861849	4932.YIR026C	3.22	1
1862527	4932.YKR018C	3.22	2
1861791	4932.YIL149C	3.22	1
1861199	4932.YGR200C	3.21	3
1865188	4932.YPR127W	3.2	1
1864192	4932.YOL034W	3.2	2
1859154	4932.YBR260C	3.16	1
1863389	4932.YMR031C	3.14	2
1864444	4932.YOR101W	3.13	1
1863843	4932.YNL119W	3.12	1
1860521	4932.YER156C	3.12	1
1860750	4932.YGL040C	3.11	1
1864501	4932.YOR155C	3.09	1
1862951	4932.YLR238W	3.09	1
1861936	4932.YJL068C	3.07	1
1863107	4932.YLR380W	3.06	1
1860944	4932.YGL228W	3.05	1
1861315	4932.YHL011C	3.05	1
1864427	4932.YOR083W	3.04	1
1863497	4932.YMR131C	2.99	1
1864848	4932.YPL086C	2.99	1
1859024	4932.YBR142W	2.94	1
1859012	4932.YBR131W	2.94	1
1863316	4932.YML100W	2.93	2
1864322	4932.YOL156W	2.93	1
1861303	4932.YHL002W	2.91	1
1863587	4932.YMR209C	2.91	1
1861362	4932.YHR001W	2.9	1
1859629	4932.YDL234C	2.89	1
1863806	4932.YNL085W	2.88	1
1864457	4932.YOR113W	2.88	1
1861445	4932.YHR069C	2.87	1
1864811	4932.YPL049C	2.85	1
1859641	4932.YDL245C	2.83	2
1862266	4932.YJR158W	2.83	2
1860359	4932.YER026C	2.83	1
1859104	4932.YBR215W	2.82	1
1864684	4932.YOR326W	2.8	2
1860170	4932.YDR485C	2.79	1
1863564	4932.YMR189W	2.78	1
1864857	4932.YPL095C	2.78	1
1861486	4932.YHR102W	2.75	1
1861041	4932.YGR055W	2.75	1
1862028	4932.YJL154C	2.74	2
1862211	4932.YJR106W	2.73	1
1859494	4932.YDL106C	2.71	1
1862267	4932.YJR159W	2.71	1
1858983	4932.YBR108W	2.66	1
1860620	4932.YFL047W	2.65	1
1862073	4932.YJL197W	2.65	1
1860925	4932.YGL210W	2.65	2
1863642	4932.YMR261C	2.64	2
1862251	4932.YJR143C	2.64	1
1859166	4932.YBR272C	2.63	1
1861029	4932.YGR043C	2.62	1
1859642	4932.YDL246C	2.62	1
1861965	4932.YJL095W	2.61	1
1862238	4932.YJR132W	2.6	1
1864105	4932.YNR030W	2.58	1
1859905	4932.YDR240C	2.57	1
1861979	4932.YJL109C	2.54	3
1863710	4932.YMR319C	2.54	1
1860023	4932.YDR348C	2.52	1
1864530	4932.YOR181W	2.5	1
1860597	4932.YFL026W	2.49	1
1859399	4932.YDL015C	2.49	1
1860039	4932.YDR363W	2.49	1
1859192	4932.YBR297W	2.49	1
1865246	4932.YPR171W	2.48	1
1863909	4932.YNL180C	2.46	1
1860580	4932.YFL013C	2.46	1
1864045	4932.YNL313C	2.45	1
1863753	4932.YNL035C	2.44	1
1864224	4932.YOL064C	2.42	1
1860804	4932.YGL092W	2.41	1
1860523	4932.YER158C	2.4	1
1860428	4932.YER080W	2.4	1
1861347	4932.YHL039W	2.38	1
1863229	4932.YML021C	2.37	1
1861481	4932.YHR097C	2.37	1
1864942	4932.YPL176C	2.36	1
1863349	4932.YML130C	2.34	1
1862285	4932.YKL014C	2.34	2
1864866	4932.YPL103C	2.34	1
1864109	4932.YNR033W	2.33	1
1862257	4932.YJR149W	2.33	1
1861185	4932.YGR186W	2.33	1
1859558	4932.YDL164C	2.3	1
1861463	4932.YHR080C	2.3	1
1861283	4932.YGR281W	2.3	2
1863950	4932.YNL221C	2.27	1
1861148	4932.YGR156W	2.26	1
1860737	4932.YGL027C	2.21	1
1864006	4932.YNL277W	2.2	1
1864147	4932.YNR070W	2.2	1
1859120	4932.YBR229C	2.2	1
1862619	4932.YLL001W	2.19	1
1859790	4932.YDR135C	2.17	4
1862637	4932.YLL019C	2.17	1
1864254	4932.YOL091W	2.14	1
1863842	4932.YNL118C	2.13	1
1863150	4932.YLR418C	2.13	1
1860010	4932.YDR335W	2.12	1
1858952	4932.YBR080C	2.12	1
1862536	4932.YKR027W	2.12	1
1860343	4932.YER013W	2.11	1
1859193	4932.YBR298C	2.1	1
1862805	4932.YLR114C	2.09	1
1862350	4932.YKL073W	2.08	1
1864787	4932.YPL026C	2.08	1
1861969	4932.YJL099W	2.08	1
1860073	4932.YDR390C	2.06	1
1860264	4932.YEL022W	2.06	2
1859245	4932.YCL047C	2.06	1
1858795	4932.YBL052C	2.05	1
1861406	4932.YHR037W	2.04	1
1860454	4932.YER098W	2.03	1
1859505	4932.YDL116W	2.02	1
1863058	4932.YLR336C	2.02	2
1862627	4932.YLL008W	2.01	1
1860785	4932.YGL073W	2.01	1
1864115	4932.YNR038W	1.98	1
1863661	4932.YMR278W	1.98	1
1864781	4932.YPL020C	1.98	1
1864307	4932.YOL141W	1.96	1
1861915	4932.YJL049W	1.93	1
1864178	4932.YOL020W	1.93	1
1860114	4932.YDR430C	1.91	1
1861370	4932.YHR007C	1.91	1
1859071	4932.YBR187W	1.87	1
1860309	4932.YEL061C	1.87	1
1863465	4932.YMR102C	1.86	1
1861743	4932.YIL105C	1.85	1
1860375	4932.YER040W	1.84	1
1861218	4932.YGR218W	1.84	2
1862146	4932.YJR041C	1.84	1
1859997	4932.YDR322W	1.82	1
1865231	4932.YPR160W	1.81	1
1863814	4932.YNL093W	1.81	1
1862525	4932.YKR016W	1.8	1
1859827	4932.YDR170W-A	1.79	27
1861467	4932.YHR084W	1.76	1
1865151	4932.YPR091C	1.75	1
1859300	4932.YCR026C	1.75	1
1859425	4932.YDL040C	1.75	1
1858742	4932.YBL005W-A	1.74	27
1863405	4932.YMR046C	1.74	27
1862606	4932.YKR095W	1.74	2
1858854	4932.YBL103C	1.72	1
1861251	4932.YGR250C	1.71	1
1862085	4932.YJL209W	1.71	1
1859748	4932.YDR096W	1.69	1
1862410	4932.YKL129C	1.67	1
1863986	4932.YNL257C	1.67	1
1859924	4932.YDR258C	1.67	1
1860572	4932.YFL007W	1.65	2
1860038	4932.YDR362C	1.64	1
1862990	4932.YLR274W	1.6	1
1863176	4932.YLR442C	1.6	1
1862747	4932.YLR057W	1.59	1
1859814	4932.YDR159W	1.58	1
1859532	4932.YDL141W	1.58	1
1864963	4932.YPL195W	1.57	1
1859286	4932.YCR017C	1.56	1
1862377	4932.YKL098W	1.55	1
1864506	4932.YOR160W	1.55	1
1862667	4932.YLL048C	1.55	2
1862776	4932.YLR086W	1.52	1
1861454	4932.YHR073W	1.51	1
1861778	4932.YIL137C	1.5	1
1864331	4932.YOL164W	1.48	1
1861417	4932.YHR047C	1.46	1
1862650	4932.YLL031C	1.46	1
1859304	4932.YCR030C	1.46	1
1863690	4932.YMR304W	1.44	1
1859545	4932.YDL154W	1.43	1
1860486	4932.YER129W	1.42	1
1860448	4932.YER093C	1.42	1
1861310	4932.YHL008C	1.4	1
1863921	4932.YNL192W	1.4	1
1861515	4932.YHR131C	1.39	1
1861942	4932.YJL074C	1.38	1
1864355	4932.YOR017W	1.36	1
1861461	4932.YHR079C	1.36	1
1860162	4932.YDR477W	1.36	1
1862582	4932.YKR072C	1.35	1
1859307	4932.YCR033W	1.35	2
1859934	4932.YDR264C	1.33	1
1864399	4932.YOR058C	1.32	1
1864696	4932.YOR336W	1.31	1
1858679	4932.YAL053W	1.31	1
1858930	4932.YBR059C	1.3	1
1858883	4932.YBR015C	1.3	1
1862332	4932.YKL057C	1.29	1
1858747	4932.YBL008W	1.28	1
1858812	4932.YBL068W	1.27	1
1864016	4932.YNL284C-B	1.26	66
1860455	4932.YER099C	1.23	1
1860520	4932.YER155C	1.23	2
1863808	4932.YNL087W	1.22	1
1858826	4932.YBL079W	1.21	1
1860081	4932.YDR398W	1.2	1
1861177	4932.YGR178C	1.18	1
1859652	4932.YDR006C	1.18	1
1863154	4932.YLR422W	1.16	2
1860160	4932.YDR475C	1.15	1
1859256	4932.YCL057W	1.15	1
1859116	4932.YBR225W	1.12	1
1862449	4932.YKL165C	1.11	1
1858994	4932.YBR117C	1.09	1
1862621	4932.YLL003W	1.09	1
1862195	4932.YJR091C	1.06	1
1864395	4932.YOR054C	1.05	1
1861329	4932.YHL023C	1.05	1
1859917	4932.YDR251W	1.05	1
1864560	4932.YOR207C	1.04	1
1858909	4932.YBR041W	1.04	1
1861820	4932.YIR003W	1.03	1
1862032	4932.YJL157C	1.03	1
1863473	4932.YMR109W	1.03	1
1861680	4932.YIL047C	1.02	5
1861217	4932.YGR217W	1.0	1
1860001	4932.YDR326C	1.0	1
1859761	4932.YDR107C	0.998	1
1861803	4932.YIL159W	0.984	1
1863139	4932.YLR410W	0.983	1
1859675	4932.YDR028C	0.976	1
1861077	4932.YGR090W	0.967	1
1859444	4932.YDL058W	0.947	1
1862797	4932.YLR106C	0.938	3
1861905	4932.YJL039C	0.915	1
1863168	4932.YLR436C	0.913	1
1861661	4932.YIL030C	0.902	1
1861718	4932.YIL082W-A	0.887	2
1858790	4932.YBL047C	0.884	1
1860660	4932.YFR016C	0.875	1
1863825	4932.YNL102W	0.856	1
1861754	4932.YIL115C	0.841	1
1861098	4932.YGR109W-B	0.836	2
1862281	4932.YKL010C	0.817	1
1865183	4932.YPR122W	0.79	1
1864847	4932.YPL085W	0.783	2
1864902	4932.YPL137C	0.778	1
1860141	4932.YDR457W	0.759	1
1862208	4932.YJR103W	0.75	1
1864660	4932.YOR304W	0.734	1
1859691	4932.YDR040C	0.726	1
1861944	4932.YJL076W	0.694	1
1863671	4932.YMR288W	0.69	1
1863768	4932.YNL049C	0.686	1
1858740	4932.YBL004W	0.67	1
1858743	4932.YBL005W-B	0.664	37
1859138	4932.YBR245C	0.663	1
1863404	4932.YMR045C	0.644	37
1859690	4932.YDR039C	0.631	1
1858707	4932.YAR009C	0.627	7
1859689	4932.YDR038C	0.625	1
1858864	4932.YBL112C	0.589	1
1861623	4932.YHR218W-A	0.589	1
1864142	4932.YNR065C	0.573	1
1864029	4932.YNL297C	0.556	1
1859953	4932.YDR283C	0.544	1
1859805	4932.YDR150W	0.524	1
1862564	4932.YKR054C	0.499	1
1862487	4932.YKL203C	0.487	2
1864643	4932.YOR290C	0.457	1
1859021	4932.YBR140C	0.41	1
1862098	4932.YJL222W	0.389	1
1861814	4932.YIL173W	0.389	1
1862777	4932.YLR087C	0.266	1
1863096	4932.YLR369W	0.215	1
1862725	4932.YLR035C-A	0.211	6
1859216	4932.YCL019W	0.138	2
1861157	4932.YGR161W-B	0.137	2
1860567	4932.YFL002W-A	0.137	2
1859875	4932.YDR210W-B	0.136	2
1859931	4932.YDR261W-B	0.136	2
1863141	4932.YLR410W-B	0.135	2
1864544	4932.YOR192C-B	0.135	2
1859684	4932.YDR034C-D	0.12	1
1860639	4932.YFL066C	0.088	1
1865280	4932.YPR204W	0.043	1
1862688	4932.YLL067C	0.037	1
1862685	4932.YLL066C	0.036	1
1863352	4932.YML133C	0.032	1
1863202	4932.YLR466W	0.03	1
1860327	4932.YEL077C	0.029	1
1860564	4932.YER190W	0.025	1
1862102	4932.YJL225C	0.024	1
1861816	4932.YIL177C	0.024	1
1864761	4932.YOR396W	0.023	1
1860236	4932.YDR545W	0.023	1
1863204	4932.YLR467W	0.023	1
1865054	4932.YPL283C	0.022	1
1861300	4932.YGR296W	0.022	1
1864071	4932.YNL339C	0.022	1
1864705	4932.YOR343W-B	0.014	1
