#id: 1108208952
#name: E.coli - Whole organism, SC (Krug,mcp,2013)
#score: 15.77
#weight:  30%
#description: abundance based on Spectral counting, Interaction consistency score: 15.77, Coverage: 65
#organ: WHOLE_ORGANISM
#integrated: false
#coverage: 65
#link: http://www.ncbi.nlm.nih.gov/pubmed/23908556
#publication_year: 2013
#filename: 511145-Ecoli_Krug_2013.txt
#
#internal_id	string_external_id	abundance	raw_spectral_count
15200122	511145.b0957	14885	-306328118
15200783	511145.b1677	13210	372802254
15199922	511145.b0755	9589	-447731304
15201459	511145.b2414	9076	2062315408
15200446	511145.b1304	8801	1369694965
15202291	511145.b3339	8752	-1858773732
15202868	511145.b3980	8745	-1989981732
15199799	511145.b0605	8275	-1452057928
15200882	511145.b1779	7574	-2008437950
15202436	511145.b3495	7394	-1741870280
15202260	511145.b3308	7095	-1218333648
15200292	511145.b1136	6779	-1145860844
15200960	511145.b1857	6697	-213040328
15200602	511145.b1482	6554	-376801222
15202899	511145.b4015	6422	1428777802
15203079	511145.b4203	6353	-2009314888
15202269	511145.b3317	6237	-1506132734
15203258	511145.b4411	6070	-1145901888
15200404	511145.b1261	5971	-563125528
15202248	511145.b3296	5929	1720646744
15200250	511145.b1094	5886	1953044112
15202292	511145.b3340	5541	1753900506
15201909	511145.b2913	5354	1895410860
15202293	511145.b3341	5281	88150306
15202266	511145.b3314	5214	-1702122494
15202273	511145.b3321	5204	1082302624
15202693	511145.b3774	5192	1374286910
15201639	511145.b2600	5184	1791532473
15201596	511145.b2551	5182	-563569640
15201645	511145.b2606	5101	885506843
15201382	511145.b2323	5073	519500652
15203021	511145.b4142	5064	2138385120
15200068	511145.b0903	5059	1949567510
15202257	511145.b3305	4989	120247330
15199440	511145.b0197	4976	1456063052
15202271	511145.b3319	4903	1153528490
15199264	511145.b0014	4898	-1740678310
15202133	511145.b3165	4882	-1382130692
15202873	511145.b3985	4770	-1420086472
15202250	511145.b3298	4744	-1165104226
15201462	511145.b2417	4685	1076511742
15202874	511145.b3986	4625	-355515272
15200386	511145.b1243	4595	-1746005000
15199413	511145.b0170	4552	-1822058732
15203022	511145.b4143	4543	1413528328
15202872	511145.b3984	4503	-721238648
15202246	511145.b3294	4477	-890862184
15200403	511145.b1260	4371	-1345464944
15202152	511145.b3186	4309	-1468124780
15200076	511145.b0911	4298	-611808618
15202255	511145.b3303	4258	-1646589878
15201085	511145.b2007	4233	-1594569544
15201791	511145.b2779	4229	1201475064
15199981	511145.b0814	4227	-1046212054
15201920	511145.b2925	4206	1058555808
15201062	511145.b1973	4152	1764525668
15202263	511145.b3311	4124	-1145537592
15199412	511145.b0169	4077	886444644
15201921	511145.b2926	4027	241612998
15202201	511145.b3236	4022	1783994924
15202253	511145.b3301	4001	2051717124
15201934	511145.b2942	3953	-88727936
15202888	511145.b4000	3813	1386666816
15199759	511145.b0565	3698	-1092996036
15202808	511145.b3908	3579	910086820
15202265	511145.b3313	3547	-283272588
15199979	511145.b0812	3539	1309219809
15202196	511145.b3231	3398	1972507806
15202068	511145.b3092	3397	1609927664
15200406	511145.b1263	3329	-1395670252
15202195	511145.b3230	3318	1956955576
15201218	511145.b2153	3281	1672190224
15201648	511145.b2609	3184	631865408
15202272	511145.b3320	3170	-365220394
15200384	511145.b1241	3158	1597981828
15201106	511145.b2029	3150	1110442360
15202817	511145.b3919	3122	-2079423586
15200821	511145.b1716	3096	475645178
15201250	511145.b2185	3084	-1785300760
15199358	511145.b0114	3054	499891900
15202262	511145.b3310	2996	-1248779594
15201686	511145.b2665	2976	-674379972
15200220	511145.b1064	2929	389273649
15202247	511145.b3295	2918	1956305044
15200072	511145.b0907	2909	541606948
15202574	511145.b3637	2890	-1563046872
15200465	511145.b1324	2887	237079020
15200382	511145.b1237	2869	-1662096184
15201509	511145.b2464	2838	1026564562
15202074	511145.b3098	2821	59461478
15203053	511145.b4177	2811	1785786118
15202169	511145.b3203	2777	-1881588082
15202249	511145.b3297	2774	-1570008184
15199789	511145.b0595	2771	181194792
15202261	511145.b3309	2747	-38016988
15199360	511145.b0116	2741	1907374552
15200926	511145.b1823	2738	1235798212
15203121	511145.b4252	2735	1306964876
15200077	511145.b0912	2700	-168728592
15200326	511145.b1178	2697	1008896112
15201638	511145.b2599	2642	420693832
15200407	511145.b1264	2612	-2109433020
15202379	511145.b3433	2597	1795588034
15200782	511145.b1676	2578	-447750144
15201821	511145.b2809	2577	104414704
15201553	511145.b2508	2567	1455104426
15199259	511145.b0008	2502	1808974636
15201277	511145.b2215	2489	-1366142028
15202871	511145.b3983	2467	-745043984
15199649	511145.b0440	2429	-865617532
15200430	511145.b1288	2428	-1576410476
15202698	511145.b3781	2423	-1786853484
15200405	511145.b1262	2413	-693890256
15199645	511145.b0436	2410	2010840248
15199915	511145.b0741	2386	173876550
15200842	511145.b1739	2370	774522812
15202770	511145.b3870	2364	2052472694
15203076	511145.b4200	2337	645696912
15200727	511145.b1619	2316	-721713072
15200119	511145.b0954	2307	309513906
15199518	511145.b0296	2281	-1118827892
15201325	511145.b2266	2277	-880918708
15202663	511145.b3734	2234	1513221644
15201460	511145.b2415	2227	-1718170992
15202042	511145.b3065	2204	-1838245296
15200168	511145.b1004	2204	-351680550
15200062	511145.b0897	2200	1540251816
15202898	511145.b4014	2190	-2041615752
15202258	511145.b3306	2181	1219887512
15200323	511145.b1175	2176	-1527259970
15202661	511145.b3732	2169	1327263368
15199921	511145.b0754	2144	1120901758
15199359	511145.b0115	2136	-1949279038
15200054	511145.b0889	2133	-1772621234
15202738	511145.b3829	2118	-1865875536
15199635	511145.b0426	2110	495906816
15199727	511145.b0525	2085	47379312
15201461	511145.b2416	2063	-1341347555
15200818	511145.b1712	2044	1231617626
15202660	511145.b3731	2035	1117752704
15201056	511145.b1967	1949	-1755005080
15202301	511145.b3349	1944	437801704
15202259	511145.b3307	1935	-2045545566
15201651	511145.b2614	1932	-829874188
15201633	511145.b2592	1922	527479548
15199320	511145.b0073	1900	1616868520
15200093	511145.b0928	1887	-1604513600
15203234	511145.b4384	1860	-2072077808
15201521	511145.b2476	1850	111285020
15201919	511145.b2924	1845	822405520
15201510	511145.b2465	1841	529479614
15199272	511145.b0023	1815	100069694
15201917	511145.b2922	1812	844753512
15199616	511145.b0407	1811	-125264792
15200664	511145.b1550	1787	-1246913592
15199895	511145.b0720	1779	-1669222064
15202546	511145.b3609	1773	387746308
15200819	511145.b1713	1768	-1140247560
15203078	511145.b4202	1766	6248264
15201543	511145.b2498	1766	222905180
15201168	511145.b2097	1761	-12854276
15199409	511145.b0166	1760	-562571376
15203114	511145.b4243	1738	-2021282312
15200864	511145.b1761	1732	-795392564
15202573	511145.b3636	1725	2141721000
15199468	511145.b0237	1710	-1169066368
15199662	511145.b0453	1709	-1679408972
15200843	511145.b1740	1699	291529474
15199415	511145.b0172	1667	-533893472
15202909	511145.b4025	1667	-1112361960
15200749	511145.b1641	1625	-1152539188
15200363	511145.b1215	1622	890531816
15200823	511145.b1718	1622	1777282248
15199778	511145.b0584	1605	-872440460
15202264	511145.b3312	1580	-1205134305
15203251	511145.b4401	1577	-1307992304
15202309	511145.b3357	1575	-1142709570
15200287	511145.b1131	1569	-2021801576
15202267	511145.b3315	1564	2051361804
15202740	511145.b3831	1540	1195520952
15200248	511145.b1092	1537	-584380948
15202256	511145.b3304	1533	-748240216
15199421	511145.b0178	1518	1687269308
15200095	511145.b0930	1508	-32629872
15199321	511145.b0074	1485	-1071237474
15201353	511145.b2294	1485	583933712
15201928	511145.b2935	1477	1002968332
15203100	511145.b4226	1464	-235034038
15199646	511145.b0437	1450	1077700908
15203116	511145.b4245	1433	-217719390
15201993	511145.b3012	1411	-396673284
15201988	511145.b3006	1410	2082906048
15200820	511145.b1714	1405	-50796676
15202771	511145.b3871	1389	868642764
15201156	511145.b2080	1387	896739704
15200004	511145.b0838	1386	2057743912
15203233	511145.b4383	1375	-625816866
15202665	511145.b3736	1367	-1291556458
15200094	511145.b0929	1342	1933490024
15201987	511145.b3005	1341	-1909846092
15199378	511145.b0134	1322	219517408
15200886	511145.b1783	1321	1935732172
15202491	511145.b3553	1318	-112843688
15202812	511145.b3912	1295	597812708
15199341	511145.b0095	1293	261733028
15200689	511145.b1581	1256	1983408724
15202556	511145.b3619	1254	-2097870366
15201525	511145.b2480	1250	1972745587
15202814	511145.b3916	1230	1649237276
15200394	511145.b1251	1213	2055270000
15200743	511145.b1635	1191	10988312
15201552	511145.b2507	1183	-1672992872
15201096	511145.b2019	1181	1354521862
15199407	511145.b0163	1171	-1790276892
15199772	511145.b0578	1169	-1357298788
15200058	511145.b0893	1169	-830348866
15202928	511145.b4045	1167	-1881007316
15200049	511145.b0884	1147	-31142096
15202014	511145.b3035	1126	1571197020
15201640	511145.b2601	1125	559556816
15200558	511145.b1431	1124	553474152
15202132	511145.b3164	1121	1187285808
15199682	511145.b0474	1120	1903409938
15202870	511145.b3982	1102	-772451392
15201355	511145.b2296	1102	1901460112
15200816	511145.b1710	1091	-2038285688
15199437	511145.b0194	1089	-1735238249
15202497	511145.b3559	1078	1406971732
15200031	511145.b0865	1076	320333708
15202839	511145.b3941	1071	1697456786
15200381	511145.b1236	1069	867288112
15202483	511145.b3544	1065	-902864876
15200037	511145.b0871	1055	-200893980
15202699	511145.b3783	1050	2103067240
15199903	511145.b0729	1043	1880813742
15201697	511145.b2676	1040	-1135215888
15200578	511145.b1452	1038	1267684282
15200953	511145.b1850	1036	-435435192
15199787	511145.b0593	1035	-1284956144
15200369	511145.b1221	1035	-1182554592
15202008	511145.b3029	1034	-1495050686
15203048	511145.b4172	1032	-1852574692
15201974	511145.b2989	1018	-419029888
15200773	511145.b1667	1013	-1688661292
15202139	511145.b3172	1009	2094932720
15199681	511145.b0473	1009	-1169147178
15202214	511145.b3251	1001	715961202
15199885	511145.b0710	1000	1591480708
15202853	511145.b3956	997	-1668761656
15202194	511145.b3229	991	-1999524788
15201910	511145.b2914	986	-2054441492
15200377	511145.b1232	984	1691287618
15199901	511145.b0727	982	-402471528
15201523	511145.b2478	980	887739308
15200920	511145.b1817	978	1349655512
15201220	511145.b2155	965	-1631998798
15201185	511145.b2114	963	1291137578
15202336	511145.b3386	953	1617384204
15200955	511145.b1852	951	24351814
15202937	511145.b4054	949	-78547184
15202662	511145.b3733	942	879676512
15200401	511145.b1258	941	-1914368792
15202144	511145.b3178	935	1095547087
15202254	511145.b3302	902	1996598300
15200969	511145.b1866	895	-1935205602
15199671	511145.b0463	888	-1270811984
15201637	511145.b2597	888	297884024
15203026	511145.b4147	888	679673994
15203115	511145.b4244	886	1592291204
15200474	511145.b1333	884	-2097706998
15202942	511145.b4059	883	-1038896392
15201624	511145.b2579	880	-1162627282
15199370	511145.b0126	876	-817729202
15202364	511145.b3414	873	-1529891062
15202198	511145.b3233	869	-1738559292
15200655	511145.b1539	869	1448389704
15203051	511145.b4175	862	1096261858
15200249	511145.b1093	862	-546318232
15199934	511145.b0767	848	-716399292
15199902	511145.b0728	839	-286099694
15200247	511145.b1091	828	1100146298
15201682	511145.b2661	826	-105160758
15201563	511145.b2518	825	554370180
15201099	511145.b2022	824	1038751308
15201887	511145.b2890	823	1988314894
15203231	511145.b4381	813	1586553308
15199677	511145.b0469	812	-1724045606
15202334	511145.b3384	811	-1649726395
15202268	511145.b3316	799	-798290596
15199800	511145.b0606	793	1315005326
15201017	511145.b1920	792	-1264213688
15202549	511145.b3612	791	-1317427614
15202934	511145.b4051	791	-147286592
15202875	511145.b3987	789	-189615919
15202158	511145.b3192	785	1509623314
15203050	511145.b4174	784	-323709708
15199457	511145.b0222	783	-1171525892
15200205	511145.b1048	782	100046616
15200722	511145.b1614	778	-2040282880
15200770	511145.b1662	778	-1709942592
15202415	511145.b3472	774	-1218121304
15199868	511145.b0688	773	1619644006
15200745	511145.b1637	769	-1981417184
15201888	511145.b2891	761	1398523388
15202137	511145.b3169	755	-1164333814
15200053	511145.b0888	753	596286408
15199377	511145.b0133	740	748523508
15199833	511145.b0642	740	-1056861552
15201097	511145.b2020	733	151602708
15200355	511145.b1207	729	-1820882888
15202498	511145.b3560	728	846390108
15200710	511145.b1602	721	-333461292
15199858	511145.b0678	716	-512503265
15200218	511145.b1062	711	1835346488
15200824	511145.b1719	711	-1307579928
15200957	511145.b1854	709	1815902312
15202547	511145.b3610	707	-1613979296
15202457	511145.b3517	700	-709796872
15201294	511145.b2234	699	-1424384076
15202136	511145.b3168	699	-116640575
15202580	511145.b3644	699	-316232292
15202294	511145.b3342	696	-1919059296
15201118	511145.b2042	695	-1599358888
15200613	511145.b1493	694	-733253462
15203241	511145.b4391	693	893220716
15201706	511145.b2687	692	2061936704
15199949	511145.b0782	689	-814156992
15199860	511145.b0680	684	-900303584
15200712	511145.b1604	678	530515018
15201711	511145.b2697	674	1268532848
15201356	511145.b2297	673	-1502028080
15200447	511145.b1305	670	-1956935296
15199423	511145.b0180	669	1685052704
15199398	511145.b0154	668	1938845408
15202355	511145.b3405	665	-1931582002
15199411	511145.b0168	662	76271008
15201167	511145.b2096	655	1981286304
15199255	511145.b0004	652	-565370995
15201683	511145.b2662	648	2056421712
15201713	511145.b2699	647	923242718
15202642	511145.b3713	645	-377978806
15200788	511145.b1682	645	-461808482
15199985	511145.b0819	644	637663864
15200097	511145.b0932	642	342322514
15200130	511145.b0965	641	552493904
15203180	511145.b4322	638	-1767717668
15201765	511145.b2751	633	522640032
15200245	511145.b1089	631	1317255600
15199325	511145.b0078	630	-139558596
15199405	511145.b0161	628	-646095288
15200264	511145.b1108	628	956828154
15200286	511145.b1130	623	-479785592
15202146	511145.b3180	621	1937000500
15201098	511145.b2021	620	781710278
15201766	511145.b2752	610	-721438952
15199650	511145.b0441	606	2114334268
15200005	511145.b0839	606	-1009202138
15202020	511145.b3042	605	-1811093696
15200557	511145.b1430	603	-1769463892
15199624	511145.b0415	601	-1177315296
15199648	511145.b0439	598	-487933820
15199625	511145.b0416	597	75548904
15200265	511145.b1109	593	-439710288
15201710	511145.b2696	593	1087674000
15201895	511145.b2898	593	-1791539092
15202218	511145.b3256	587	-1328622498
15199823	511145.b0632	585	-695220288
15200512	511145.b1380	582	-1218652192
15201522	511145.b2477	579	-982433792
15201693	511145.b2672	578	-2003888676
15199420	511145.b0177	577	216872970
15202619	511145.b3687	577	-541280196
15200868	511145.b1765	574	1220639704
15201379	511145.b2320	573	-325794873
15202216	511145.b3253	570	-728880372
15201321	511145.b2262	569	1102975944
15199417	511145.b0174	568	1684181172
15202685	511145.b3764	565	-1982223006
15202243	511145.b3291	563	-903945696
15202439	511145.b3498	562	896273916
15201544	511145.b2499	560	-1787927192
15199867	511145.b0687	557	1120194704
15202618	511145.b3686	557	-1057083376
15202151	511145.b3185	555	1301966760
15203296	511145.b4506	550	240275069
15202548	511145.b3611	548	-619839626
15199253	511145.b0002	546	1767394660
15202142	511145.b3176	545	-679253888
15201561	511145.b2516	537	1134458364
15199851	511145.b0660	536	82922108
15200808	511145.b1702	536	-675383804
15201690	511145.b2669	536	-787420796
15202821	511145.b3923	533	-1442361796
15201696	511145.b2675	530	662082636
15199641	511145.b0432	527	1370233774
15202446	511145.b3506	527	-316753996
15202135	511145.b3167	527	-1186956916
15201104	511145.b2027	527	-1405697892
15199731	511145.b0529	523	1990162304
15200400	511145.b1257	522	68511275
15202664	511145.b3735	519	-17057096
15200257	511145.b1101	519	-878065522
15201559	511145.b2514	518	-1895272788
15199281	511145.b0032	516	-1159096032
15203082	511145.b4207	515	505381404
15201654	511145.b2617	514	1618630500
15202658	511145.b3729	512	-1285706748
15200612	511145.b1492	509	1186327204
15200637	511145.b1521	508	176786412
15201470	511145.b2425	505	1521923289
15200711	511145.b1603	503	-577856388
15199816	511145.b0623	502	-1825424096
15202270	511145.b3318	501	1944823620
15200967	511145.b1864	499	475023504
15201291	511145.b2231	497	-313166614
15202311	511145.b3359	495	-811144132
15203172	511145.b4314	494	1973335000
15202876	511145.b3988	494	-2072516728
15201016	511145.b1919	493	1746314714
15200322	511145.b1174	488	-1248658096
15201279	511145.b2217	487	556623504
15203304	511145.b4517	487	-1774306996
15203127	511145.b4258	483	-227254500
15202991	511145.b4111	483	-1956167002
15202537	511145.b3600	483	-1195441612
15201575	511145.b2530	480	1921249108
15203023	511145.b4144	479	1714482700
15202252	511145.b3300	475	706299319
15201362	511145.b2303	475	-741011996
15201626	511145.b2581	471	1002974804
15203129	511145.b4260	469	1018659838
15203041	511145.b4162	466	25377064
15202492	511145.b3554	462	-375631996
15199542	511145.b0325	461	-1189617392
15202820	511145.b3922	459	1524864210
15201100	511145.b2023	458	-31273196
15199403	511145.b0159	458	539316204
15202308	511145.b3356	458	-1621894596
15201102	511145.b2025	453	1834386904
15203089	511145.b4214	452	465857554
15199914	511145.b0740	451	-1461978992
15200243	511145.b1087	450	-800046926
15202596	511145.b3661	448	1354051704
15202837	511145.b3939	448	-1360348392
15201208	511145.b2143	448	343035304
15202141	511145.b3175	447	-1981207896
15203014	511145.b4135	447	51846834
15199700	511145.b0492	446	449919014
15201776	511145.b2762	443	1505957325
15199424	511145.b0181	443	2081967030
15200654	511145.b1538	440	-64516988
15200786	511145.b1680	439	1666058004
15199394	511145.b0150	438	1357508622
15199428	511145.b0185	437	2098413904
15202147	511145.b3181	437	-247958636
15202530	511145.b3592	437	-798660396
15200289	511145.b1133	436	299727404
15199940	511145.b0773	435	1740955400
15201986	511145.b3003	433	1789616284
15199369	511145.b0125	431	-692911396
15199365	511145.b0121	430	245620004
15201115	511145.b2039	430	-619987892
15202883	511145.b3995	429	1614286098
15200223	511145.b1067	429	114586704
15201558	511145.b2513	429	-353391706
15201609	511145.b2564	425	498667604
15202894	511145.b4006	422	-1236003060
15200688	511145.b1580	421	257737164
15199473	511145.b0243	420	1814615608
15199679	511145.b0471	418	-1793629392
15199788	511145.b0594	417	-822779192
15200922	511145.b1819	413	-1939141192
15202463	511145.b3523	409	-1242648296
15199822	511145.b0631	409	1553519000
15202045	511145.b3068	409	-771644396
15200999	511145.b1896	403	-1235512292
15200240	511145.b1084	402	-323703102
15199854	511145.b0674	401	1457558218
15200096	511145.b0931	401	-237941639
15200832	511145.b1729	400	2002403084
15199469	511145.b0238	399	-974563696
15199689	511145.b0481	398	-1340933176
15203009	511145.b4129	397	-1362336984
15199282	511145.b0033	396	1250708066
15200508	511145.b1376	395	-1336269096
15200912	511145.b1809	394	1351228000
15202298	511145.b3346	391	-1357210016
15201508	511145.b2463	391	-19689888
15200395	511145.b1252	389	-2124931876
15199364	511145.b0120	389	400211864
15202217	511145.b3255	388	-1858505996
15201989	511145.b3008	388	1807325344
15200032	511145.b0866	388	1667827000
15202003	511145.b3024	384	1952636000
15201992	511145.b3011	380	756558204
15201295	511145.b2235	380	-1921773702
15202694	511145.b3775	380	1497741856
15199509	511145.b0287	379	-1454350396
15200425	511145.b1283	377	276847000
15200073	511145.b0908	376	-533173412
15201157	511145.b2081	371	-1728791752
15202753	511145.b3847	370	-1515800892
15200826	511145.b1723	370	1012012104
15199344	511145.b0098	369	-1076817494
15202836	511145.b3938	369	1343374900
15201954	511145.b2962	369	-2035658646
15202121	511145.b3153	366	1996151400
15199368	511145.b0124	364	-1620215658
15201557	511145.b2512	363	604881484
15199923	511145.b0756	363	890272704
15199583	511145.b0369	361	833293774
15201898	511145.b2901	361	-378429092
15200030	511145.b0864	359	1891625834
15200409	511145.b1267	358	-333293096
15201792	511145.b2780	356	884493938
15202829	511145.b3931	355	-411391492
15202118	511145.b3150	354	-981623346
15201931	511145.b2938	353	712571578
15201973	511145.b2988	353	1698758718
15202739	511145.b3830	349	-1808301996
15199832	511145.b0641	348	-1641658796
15202175	511145.b3209	347	-1314713196
15200746	511145.b1638	347	-965280496
15202007	511145.b3028	346	-1731625116
15200542	511145.b1412	342	-1285400036
15200118	511145.b0953	339	869604300
15202441	511145.b3500	339	1619436284
15201778	511145.b2764	337	-2038683422
15199597	511145.b0386	337	-671221956
15200867	511145.b1764	334	-2034590252
15199633	511145.b0424	334	-1543892396
15202689	511145.b3770	333	-202362696
15201375	511145.b2316	333	-391819696
15202170	511145.b3204	329	-1811388686
15199972	511145.b0805	329	-401580472
15200721	511145.b1613	329	1547810394
15199790	511145.b0596	328	89743004
15201112	511145.b2036	328	2054508894
15200952	511145.b1849	327	-2076965262
15199349	511145.b0104	326	-910923241
15202628	511145.b3699	326	-2125049098
15203094	511145.b4219	325	-1925679696
15199976	511145.b0809	324	-1630259522
15201905	511145.b2908	322	1773800684
15199728	511145.b0526	321	1805662704
15199302	511145.b0053	320	845928860
15202765	511145.b3865	317	-737255896
15200764	511145.b1656	316	-1403754436
15199986	511145.b0820	316	-752136902
15200259	511145.b1103	315	1564910700
15200283	511145.b1127	315	1854027484
15200979	511145.b1876	314	1235655568
15200733	511145.b1625	312	1793011500
15199950	511145.b0783	312	1919907222
15199859	511145.b0679	310	543551104
15200575	511145.b1449	309	-171489296
15201842	511145.b2833	308	427076000
15201614	511145.b2569	308	-674084552
15201165	511145.b2094	307	2023810350
15203107	511145.b4235	307	-409717612
15201756	511145.b2742	306	-1664153396
15201836	511145.b2827	306	-1751958596
15199628	511145.b0419	306	1228309804
15203106	511145.b4234	306	1720600100
15201067	511145.b1982	304	921489844
15200414	511145.b1272	304	1057519224
15200930	511145.b1827	302	707973704
15201389	511145.b2330	302	-1787996766
15200164	511145.b1000	297	-1480286836
15202745	511145.b3836	297	1193621160
15199967	511145.b0800	295	513779714
15200852	511145.b1749	294	363713423
15199455	511145.b0220	294	-1785214776
15202338	511145.b3388	293	-838026616
15200337	511145.b1189	292	1450394104
15201612	511145.b2567	291	-1757364696
15200544	511145.b1414	291	-1080614196
15199280	511145.b0031	290	-346961866
15201598	511145.b2553	289	1802063860
15199472	511145.b0242	286	525971304
15202299	511145.b3347	285	-1287354696
15199907	511145.b0733	285	-74663286
15201079	511145.b2000	285	907061098
15200536	511145.b1406	285	-819116696
15202637	511145.b3708	284	1903714554
15201602	511145.b2557	283	1578787912
15201457	511145.b2412	282	-1834161496
15199661	511145.b0452	281	-1903130296
15202824	511145.b3926	280	-935680672
15200545	511145.b1415	280	-2014963912
15199640	511145.b0431	279	-90398396
15201816	511145.b2804	278	1367897000
15199780	511145.b0586	277	-1131888384
15200883	511145.b1780	276	-512762196
15201248	511145.b2183	275	-1774145596
15200921	511145.b1818	275	1273300000
15201388	511145.b2329	275	-939936726
15203097	511145.b4222	275	1143714000
15199857	511145.b0677	275	26998304
15201443	511145.b2392	274	-1046775496
15200475	511145.b1334	273	1226069210
15202742	511145.b3833	272	-1096707796
15202403	511145.b3460	272	-951683436
15199414	511145.b0171	271	-1445133356
15199725	511145.b0523	271	1778638000
15199908	511145.b0734	271	2005221000
15200784	511145.b1678	271	-1359209006
15200357	511145.b1209	269	-1341681146
15202397	511145.b3454	267	-1449868266
15202029	511145.b3052	267	1449578704
15199900	511145.b0726	266	1663636229
15200268	511145.b1112	265	642342500
15202584	511145.b3648	265	-2144036196
15200017	511145.b0851	265	-1685712196
15201939	511145.b2947	261	-281004396
15200448	511145.b1306	261	1053251800
15200799	511145.b1693	261	-351704196
15199422	511145.b0179	260	1938777600
15199602	511145.b0391	259	635570000
15199265	511145.b0015	258	-500474976
15200166	511145.b1002	258	467172734
15202634	511145.b3705	257	397449504
15200934	511145.b1831	257	2064873360
15202171	511145.b3205	255	-410755286
15202159	511145.b3193	252	-2043275596
15201632	511145.b2587	252	71459334
15202940	511145.b4057	251	1345110100
15199254	511145.b0003	250	2109419700
15202893	511145.b4005	250	-268964856
15200251	511145.b1095	248	-1352451112
15202697	511145.b3780	248	1308262512
15199442	511145.b0199	248	-986422966
15201707	511145.b2688	247	723683204
15202406	511145.b3463	247	2082235940
15200766	511145.b1658	245	413890204
15203181	511145.b4323	244	-1827614222
15200810	511145.b1704	243	-732560499
15199331	511145.b0085	243	190654764
15202626	511145.b3697	243	-1494042086
15202353	511145.b3403	242	1650080604
15202376	511145.b3430	242	668519434
15202178	511145.b3212	242	2090369852
15201141	511145.b2065	242	1730448520
15199968	511145.b0801	241	-1330501396
15200418	511145.b1276	241	1751733804
15201843	511145.b2834	241	-1538179375
15202199	511145.b3234	240	-493319896
15202407	511145.b3464	239	887353784
15202044	511145.b3067	239	-302842144
15200423	511145.b1281	239	-1711571946
15201636	511145.b2595	239	-652592296
15200750	511145.b1642	238	1695995270
15200346	511145.b1198	238	749651904
15199801	511145.b0607	237	1638887670
15202830	511145.b3932	237	1301219920
15199620	511145.b0411	235	-1504344296
15199444	511145.b0207	234	-1367688996
15199603	511145.b0393	234	-1293350750
15203105	511145.b4233	233	-356700196
15202149	511145.b3183	230	-1174385196
15202671	511145.b3742	229	789597000
15199855	511145.b0675	228	-1578185296
15200348	511145.b1200	228	-1054393136
15200428	511145.b1286	228	-1434108572
15203104	511145.b4232	228	-884360466
15199849	511145.b0658	226	-1444719426
15202857	511145.b3960	226	180590024
15202536	511145.b3599	223	497375
15200716	511145.b1608	223	-1395332576
15199786	511145.b0592	223	-2076424296
15200128	511145.b0963	223	896525280
15202167	511145.b3201	221	-1550416086
15202764	511145.b3863	220	730523868
15201577	511145.b2532	220	2041253210
15201897	511145.b2900	220	1159829500
15200190	511145.b1033	219	-1074139556
15199303	511145.b0054	218	827945608
15200759	511145.b1651	218	1245642800
15199647	511145.b0438	216	811222204
15202451	511145.b3511	216	972650000
15202630	511145.b3701	215	-1117277406
15201951	511145.b2959	214	1354864000
15201556	511145.b2511	214	444256348
15200885	511145.b1782	213	-1606947896
15199342	511145.b0096	212	-1247892506
15202340	511145.b3390	212	-2070799286
15202065	511145.b3089	211	-1885506396
15203055	511145.b4179	211	-97429072
15200202	511145.b1045	211	2063414300
15202526	511145.b3588	210	334132394
15201930	511145.b2937	210	-1924851506
15200036	511145.b0870	209	-922615516
15202078	511145.b3102	208	-787422296
15202085	511145.b3113	208	1508381000
15200192	511145.b1035	208	1710470300
15200755	511145.b1647	206	-1781273846
15202046	511145.b3070	206	1722416490
15202179	511145.b3213	206	269550884
15201911	511145.b2916	205	-2140074026
15200244	511145.b1088	205	1414302500
15202897	511145.b4013	205	-1413198096
15200933	511145.b1830	205	-2018361672
15199338	511145.b0092	203	-1389567996
15199324	511145.b0077	203	792434584
15201566	511145.b2521	203	-1888676896
15199710	511145.b0506	203	-1910085286
15201236	511145.b2171	202	1157470300
15201440	511145.b2388	202	-1798915926
15202398	511145.b3455	202	-1486245636
15200417	511145.b1275	201	-1128366696
15202155	511145.b3189	201	-92423936
15199439	511145.b0196	200	1390106575
15201635	511145.b2594	200	-2048358553
15202375	511145.b3429	199	-481775796
15203018	511145.b4139	199	-170208346
15199275	511145.b0026	198	338748708
15202810	511145.b3910	198	-2033816896
15199670	511145.b0462	197	-630197482
15199946	511145.b0779	196	1508524934
15199898	511145.b0723	196	606365436
15200048	511145.b0882	195	-1584987732
15199971	511145.b0804	194	1872931775
15201292	511145.b2232	194	-1966487936
15203246	511145.b4396	193	1948609000
15200083	511145.b0918	193	-2005074096
15202680	511145.b3751	193	-1232814296
15200258	511145.b1102	192	-2120484042
15199939	511145.b0772	190	-1635577996
15200328	511145.b1180	189	1476914800
15202067	511145.b3091	188	-340981346
15199334	511145.b0088	187	-1794930296
15199328	511145.b0082	187	-1681897896
15200762	511145.b1654	187	1174107130
15201463	511145.b2418	186	-1782680496
15201943	511145.b2951	186	-762899006
15200769	511145.b1661	186	12302604
15202156	511145.b3190	186	452772500
15201649	511145.b2610	185	-528364746
15201047	511145.b1955	184	-1905593176
15201807	511145.b2795	184	3986604
15202542	511145.b3605	183	-532741096
15200411	511145.b1269	182	1978784450
15202715	511145.b3803	180	-747843846
15203232	511145.b4382	180	-77579186
15202856	511145.b3959	179	1837016700
15202339	511145.b3389	179	-1032769226
15201025	511145.b1928	179	1354605050
15199592	511145.b0381	179	-1208545596
15202952	511145.b4069	178	716907880
15202240	511145.b3288	178	-1744947376
15199730	511145.b0528	177	950300000
15201907	511145.b2910	177	912490820
15202233	511145.b3279	176	1985933750
15202384	511145.b3440	176	-1274758196
15200572	511145.b1446	176	412812900
15199257	511145.b0006	175	2033789420
15202163	511145.b3197	175	2106968630
15199337	511145.b0091	175	-1488312126
15202209	511145.b3244	174	-1288077896
15199952	511145.b0785	174	882649000
15201476	511145.b2431	173	-1863876846
15200421	511145.b1279	173	296842000
15203247	511145.b4397	172	1024657100
15201200	511145.b2133	172	656833257
15200208	511145.b1051	172	500501000
15199692	511145.b0484	172	384055374
15200809	511145.b1703	172	-2025819996
15202759	511145.b3858	172	762603900
15199617	511145.b0408	170	1509513844
15200279	511145.b1123	169	-1478659196
15201103	511145.b2026	169	1015949170
15201576	511145.b2531	168	1172194800
15201657	511145.b2620	167	1036765790
15200829	511145.b1726	166	355027930
15202838	511145.b3940	164	2140795814
15199340	511145.b0094	162	-1898107796
15200075	511145.b0910	162	1463150600
15200351	511145.b1203	162	-1251792496
15203081	511145.b4206	161	1151227800
15199993	511145.b0827	161	-2083584396
15199988	511145.b0822	161	-2118097996
15200692	511145.b1584	161	1874612910
15201234	511145.b2169	161	-1822594196
15202373	511145.b3426	160	330095624
15199332	511145.b0086	159	-1861610556
15201578	511145.b2533	159	-1712504296
15201101	511145.b2024	158	1420522000
15199941	511145.b0774	157	-1603709996
15202667	511145.b3738	157	789997000
15200653	511145.b1537	156	1584483830
15200828	511145.b1725	156	-1970904796
15201568	511145.b2523	156	-597455596
15199458	511145.b0223	156	1988375600
15200126	511145.b0961	156	540163800
15201940	511145.b2948	155	1696886700
15202145	511145.b3179	155	1320771390
15202822	511145.b3924	155	1233456300
15199643	511145.b0434	154	1495556000
15203125	511145.b4256	154	1116556000
15202381	511145.b3437	154	738395070
15201378	511145.b2319	153	2026337400
15200426	511145.b1284	153	-2078497196
15200324	511145.b1176	152	1621295990
15202750	511145.b3844	152	1984500400
15200327	511145.b1179	152	662955330
15200964	511145.b1861	151	684681680
15203109	511145.b4238	151	-352650066
15202013	511145.b3034	150	1442576000
15201014	511145.b1917	150	1336841354
15201117	511145.b2041	150	-1681669786
15200789	511145.b1683	150	-670124276
15202539	511145.b3602	149	514287100
15199371	511145.b0127	149	-1978469046
15200935	511145.b1832	149	1329185200
15199864	511145.b0684	149	829353130
15201094	511145.b2016	149	1976517718
15200509	511145.b1377	149	934365408
15199599	511145.b0388	148	1082340300
15200413	511145.b1271	148	1805925700
15201068	511145.b1983	148	1335414000
15201630	511145.b2585	148	-1286146366
15202510	511145.b3572	147	-1331795406
15201806	511145.b2794	147	1657611600
15202124	511145.b3156	146	842606800
15200215	511145.b1059	146	-1516305896
15202357	511145.b3407	146	684187368
15200167	511145.b1003	144	726962200
15199911	511145.b0737	144	1195318240
15201155	511145.b2079	143	1669295700
15201116	511145.b2040	142	1749270050
15202031	511145.b3054	142	-1536006196
15200787	511145.b1681	142	-1596274706
15203331	511145.b4558	141	527936200
15202367	511145.b3417	141	1641609554
15202086	511145.b3114	141	386725397
15201764	511145.b2750	140	1325264300
15200261	511145.b1105	138	1056892000
15201618	511145.b2573	138	1012643190
15203039	511145.b4160	137	1673232054
15201184	511145.b2113	137	1630824280
15200345	511145.b1197	137	-899206216
15201178	511145.b2107	137	613163410
15202606	511145.b3671	137	-1039466896
15203328	511145.b4554	137	486640000
15202545	511145.b3608	136	1984521200
15200282	511145.b1126	136	-1980241402
15202161	511145.b3195	135	1427570760
15199850	511145.b0659	135	293000000
15201251	511145.b2186	134	-2033908496
15202827	511145.b3929	134	1400062000
15201072	511145.b1990	132	1896077460
15202553	511145.b3616	132	1578702000
15200973	511145.b1870	132	1951639000
15200890	511145.b1787	131	905035840
15202735	511145.b3826	130	1174770300
15203225	511145.b4375	129	-1076646416
15199297	511145.b0048	129	647978400
15200088	511145.b0923	129	1535608300
15199945	511145.b0778	128	1014629230
15201952	511145.b2960	128	1168793200
15200029	511145.b0863	126	1322107840
15200284	511145.b1128	126	1319709400
15199926	511145.b0759	126	1772225710
15202885	511145.b3997	125	1741701200
15202840	511145.b3942	125	193467294
15202659	511145.b3730	125	1935318900
15201613	511145.b2568	125	1654255800
15200219	511145.b1063	125	1010935100
15203044	511145.b4168	124	981980000
15202434	511145.b3493	124	1045464660
15199916	511145.b0742	124	978558340
15199754	511145.b0557	123	534000000
15202571	511145.b3634	123	999056700
15202016	511145.b3038	122	1959857100
15200132	511145.b0967	122	1821476720
15202654	511145.b3725	122	1712024224
15201359	511145.b2300	122	821725100
15199618	511145.b0409	122	1269211500
15201946	511145.b2954	121	632869836
15200677	511145.b1563	121	436237430
15202859	511145.b3962	120	-1821609786
15200599	511145.b1479	120	-1278621846
15200785	511145.b1679	119	962447070
15201204	511145.b2137	118	1055616286
15200895	511145.b1792	118	693194960
15203028	511145.b4149	118	1223853200
15202374	511145.b3428	116	-175886366
15199693	511145.b0485	116	778827300
15201546	511145.b2501	115	428687124
15201114	511145.b2038	114	1190628900
15202554	511145.b3617	113	1844066020
15199718	511145.b0515	113	914434000
15199962	511145.b0795	113	1769798060
15202854	511145.b3957	113	1662533500
15202858	511145.b3961	113	1663257730
15200835	511145.b1732	111	-766666306
15202670	511145.b3741	111	-1924960606
15201805	511145.b2793	111	589853200
15200270	511145.b1114	111	-1490516536
15202313	511145.b3361	111	1176837480
15202788	511145.b3888	111	1661229820
15199969	511145.b0802	111	452224000
15201360	511145.b2301	110	953710510
15202410	511145.b3467	110	682451130
15199702	511145.b0494	110	1524481000
15199824	511145.b0633	109	510950490
15201802	511145.b2790	108	746454300
15201005	511145.b1905	108	839435290
15200367	511145.b1219	108	466598000
15203056	511145.b4180	108	1219252630
15199327	511145.b0081	108	806944000
15203049	511145.b4173	107	-1825590156
15202855	511145.b3958	107	1412801200
15201024	511145.b1927	107	-1544358486
15200133	511145.b0968	106	399597150
15200117	511145.b0952	106	786309000
15199389	511145.b0145	106	721220300
15200273	511145.b1117	106	852661536
15201466	511145.b2421	105	1535122500
15199912	511145.b0738	105	481042000
15202467	511145.b3527	105	-2116374296
15202756	511145.b3850	105	1053018870
15202138	511145.b3170	105	822049420
15199775	511145.b0581	104	1625486919
15201449	511145.b2400	104	-2007452996
15202544	511145.b3607	104	1446867400
15202032	511145.b3055	104	1056053000
15201000	511145.b1897	104	1598943736
15200830	511145.b1727	103	1370063100
15203101	511145.b4227	103	1238848859
15201050	511145.b1958	103	742060780
15201621	511145.b2576	103	2128781620
15201516	511145.b2471	102	605729741
15203242	511145.b4392	102	-871637976
15202164	511145.b3198	101	857771000
15199846	511145.b0655	99.9	1106990440
15201060	511145.b1971	99.3	1915256940
15201524	511145.b2479	99.0	598028400
15200822	511145.b1717	99.0	146353000
15200222	511145.b1066	98.5	1051245000
15201363	511145.b2304	98.4	1344250530
15202924	511145.b4041	98.3	-141274076
15202115	511145.b3147	98.2	-1365038476
15200206	511145.b1049	98.0	-1398569082
15201403	511145.b2346	97.8	1254586200
15201142	511145.b2066	96.9	1149421200
15200110	511145.b0945	96.7	2130363520
15202347	511145.b3397	96.6	1048179000
15200356	511145.b1208	96.3	1169935090
15199600	511145.b0389	95.7	191461800
15202635	511145.b3706	95.6	-1957675596
15199470	511145.b0239	95.3	-1757393386
15202202	511145.b3237	95.2	484130650
15199887	511145.b0712	95.2	1186432250
15203240	511145.b4390	94.8	2050644110
15202166	511145.b3200	94.7	524225300
15202939	511145.b4056	94.6	518103500
15199300	511145.b0051	94.6	1019496675
15199362	511145.b0118	93.9	-207930818
15201900	511145.b2903	93.9	-1138225776
15203226	511145.b4376	93.8	820019590
15203043	511145.b4167	93.5	1700931480
15200365	511145.b1217	93.4	274917038
15202714	511145.b3802	93.4	1325758857
15202605	511145.b3670	93.3	652986000
15202235	511145.b3281	93.3	911894060
15199804	511145.b0611	93.1	1007281000
15199886	511145.b0711	93.1	434597000
15201166	511145.b2095	92.8	1651152090
15199353	511145.b0109	92.6	1378695300
15199782	511145.b0588	92.4	836244100
15201345	511145.b2286	91.9	-1190860479
15202826	511145.b3928	91.9	287285300
15203132	511145.b4263	91.8	-1978686536
15199866	511145.b0686	91.5	1310084160
15201215	511145.b2150	91.4	2041580720
15202643	511145.b3714	91.4	570815930
15202746	511145.b3838	91.2	769510347
15200774	511145.b1668	91.0	1668434610
15203245	511145.b4395	89.6	1100195000
15199367	511145.b0123	89.1	-1762697466
15200416	511145.b1274	88.4	-901912321
15202128	511145.b3160	87.7	1227445990
15202867	511145.b3974	87.4	1102531180
15201087	511145.b2009	86.7	501983200
15202335	511145.b3385	86.5	686497000
15202785	511145.b3885	86.5	1030692000
15202690	511145.b3771	86.5	-2104217146
15203254	511145.b4406	85.9	266816400
15199260	511145.b0009	85.9	808436530
15199697	511145.b0489	84.8	1190116900
15200600	511145.b1480	84.6	130701000
15202378	511145.b3432	84.4	-1171042346
15201110	511145.b2034	84.2	1674490620
15202383	511145.b3439	84.2	829081400
15203207	511145.b4354	84.0	1992991400
15202288	511145.b3336	83.8	842413300
15200194	511145.b1037	83.7	1126434820
15203131	511145.b4262	83.7	1120856790
15201963	511145.b2976	83.4	-1498161256
15199928	511145.b0761	83.4	742809220
15201616	511145.b2571	83.4	1104470860
15201757	511145.b2743	83.1	699384800
15199274	511145.b0025	82.9	1140341340
15199553	511145.b0337	82.8	978912440
15200254	511145.b1098	82.1	1109430400
15202886	511145.b3998	82.0	1031881300
15202095	511145.b3125	81.8	1041509000
15200496	511145.b1356	81.7	425590010
15199347	511145.b0102	81.5	1093492340
15201647	511145.b2608	81.3	829225200
15203086	511145.b4211	81.0	855940080
15202143	511145.b3177	80.9	900357478
15202015	511145.b3037	80.7	491913220
15202075	511145.b3099	80.3	598883290
15199688	511145.b0480	80.3	-2104191666
15200961	511145.b1858	80.1	1085620300
15200691	511145.b1583	79.7	305382710
15202749	511145.b3843	79.0	1312288680
15202168	511145.b3202	78.4	1346646800
15202223	511145.b3261	78.3	159203629
15201777	511145.b2763	78.0	-2117389736
15200067	511145.b0902	77.9	982897284
15201224	511145.b2159	77.9	885020700
15201433	511145.b2381	77.9	895833400
15202210	511145.b3247	77.8	2021715840
15200256	511145.b1100	77.8	940978110
15203244	511145.b4394	77.7	632237500
15201890	511145.b2893	77.6	549069600
15201346	511145.b2287	77.6	851330200
15201368	511145.b2309	77.5	1038323610
15199910	511145.b0736	76.9	627679100
15201611	511145.b2566	76.9	1005844870
15199794	511145.b0600	76.5	883801900
15201467	511145.b2422	76.4	1029117161
15202720	511145.b3809	76.2	598679000
15199530	511145.b0312	76.1	1296512900
15199395	511145.b0151	75.9	960352800
15201326	511145.b2267	75.7	514018200
15200932	511145.b1829	75.6	774610800
15201308	511145.b2249	75.5	1283620100
15200464	511145.b1323	75.1	1774122750
15201572	511145.b2527	74.9	479080610
15200419	511145.b1277	73.5	587901840
15200470	511145.b1329	73.5	1958679360
15202863	511145.b3966	73.4	-2020467296
15199644	511145.b0435	73.3	313408370
15201350	511145.b2291	73.3	644596800
15202577	511145.b3640	73.2	492571180
15199791	511145.b0597	73.2	498248570
15202114	511145.b3146	72.9	956836160
15202723	511145.b3812	72.2	856933700
15201838	511145.b2829	72.1	-1418924482
15199996	511145.b0830	72.0	1582244800
15201617	511145.b2572	71.7	400951300
15199632	511145.b0423	71.7	1416217360
15200870	511145.b1767	71.7	1015125400
15200747	511145.b1639	71.6	408375610
15202462	511145.b3522	71.2	813257600
15201352	511145.b2293	71.1	535568700
15201703	511145.b2684	71.0	517922340
15200781	511145.b1675	70.6	148414150
15200939	511145.b1836	70.6	199400200
15201369	511145.b2310	70.5	1122624210
15201760	511145.b2746	70.1	438843900
15202947	511145.b4064	70.0	668074700
15200792	511145.b1686	69.0	366741540
15199432	511145.b0189	68.9	211109300
15201365	511145.b2306	68.5	651946614
15201397	511145.b2340	68.5	266075250
15202528	511145.b3590	68.3	-1995675166
15199623	511145.b0414	68.2	1295520100
15199615	511145.b0406	68.2	1303227180
15200079	511145.b0914	68.2	1980751624
15200909	511145.b1806	68.1	763578000
15202701	511145.b3785	67.6	944685910
15200388	511145.b1245	67.2	344560580
15202018	511145.b3040	67.0	266331000
15201689	511145.b2668	67.0	334283600
15199610	511145.b0401	66.9	606668200
15199927	511145.b0760	66.8	1414676280
15201560	511145.b2515	66.7	1308160850
15202725	511145.b3816	66.7	909178100
15202221	511145.b3259	66.7	484864900
15200511	511145.b1379	66.5	510951720
15199601	511145.b0390	66.4	424971000
15199419	511145.b0176	66.0	1187751400
15203243	511145.b4393	66.0	327118130
15201164	511145.b2093	65.9	261083500
15202390	511145.b3447	65.9	1663654830
15202702	511145.b3786	65.8	934851900
15202117	511145.b3149	65.8	340283100
15202307	511145.b3355	65.7	602132300
15200719	511145.b1611	65.6	1363489710
15199978	511145.b0811	65.4	881468870
15200044	511145.b0878	65.0	1174544900
15199877	511145.b0699	65.0	289573000
15201232	511145.b2167	64.8	979792290
15199918	511145.b0751	64.6	194772600
15202815	511145.b3917	64.5	1140139460
15202251	511145.b3299	64.1	18279000
15202405	511145.b3462	64.1	1085024282
15200554	511145.b1427	64.1	572208700
15199856	511145.b0676	64.0	1572790100
15199430	511145.b0187	63.9	317854500
15203221	511145.b4371	63.8	1045832300
15199570	511145.b0354	63.8	383818410
15202925	511145.b4042	63.5	425775190
15200928	511145.b1825	63.4	190839250
15202865	511145.b3972	63.4	1022530400
15199393	511145.b0149	63.4	-1601422206
15199546	511145.b0329	63.2	244411700
15202453	511145.b3513	63.2	978295210
15200633	511145.b1517	63.2	910649000
15200089	511145.b0924	63.1	99158949
15201984	511145.b3001	62.8	1042530770
15203124	511145.b4255	62.7	200195800
15201361	511145.b2302	62.7	535229500
15202392	511145.b3449	62.6	826727112
15202391	511145.b3448	62.6	398964472
15199828	511145.b0637	62.6	392527400
15200276	511145.b1120	62.6	645665200
15203016	511145.b4137	62.5	276076730
15201902	511145.b2905	62.4	898679500
15200020	511145.b0854	62.4	996616100
15202653	511145.b3724	62.4	818114160
15200055	511145.b0890	62.3	-1826639356
15203017	511145.b4138	62.1	901567200
15199306	511145.b0059	62.1	-1443479096
15199336	511145.b0090	61.6	962317120
15200191	511145.b1034	61.5	619648310
15201755	511145.b2741	61.3	765832300
15199387	511145.b0143	61.2	1291367100
15199363	511145.b0119	61.0	267762900
15200732	511145.b1624	60.9	792957286
15202242	511145.b3290	60.8	905437695
15201371	511145.b2312	60.7	1436457170
15199301	511145.b0052	60.6	857864700
15199924	511145.b0757	60.2	718378600
15199899	511145.b0724	60.0	866077080
15199454	511145.b0219	59.9	732558000
15201477	511145.b2432	59.4	405627473
15202831	511145.b3933	59.1	676929920
15200021	511145.b0855	59.0	944141990
15200352	511145.b1204	58.7	637926573
15200134	511145.b0969	58.3	245014300
15202464	511145.b3524	57.9	1747824160
15201998	511145.b3019	57.8	1763852350
15201374	511145.b2315	57.7	1184391175
15200114	511145.b0949	57.7	1438441690
15200212	511145.b1056	57.7	606230438
15202684	511145.b3755	57.6	420915200
15202063	511145.b3087	57.4	614841530
15200340	511145.b1192	57.3	870350350
15202576	511145.b3639	57.3	1000470200
15201219	511145.b2154	57.2	726198700
15200347	511145.b1199	57.1	819505700
15201540	511145.b2495	56.9	261830500
15201431	511145.b2379	56.8	987495300
15202359	511145.b3409	56.7	1511104620
15201646	511145.b2607	56.7	683186600
15202729	511145.b3820	56.5	482399500
15199589	511145.b0378	56.3	817944530
15201199	511145.b2132	56.2	-2062493056
15199779	511145.b0585	56.0	1206531100
15201278	511145.b2216	55.6	-1902143786
15199449	511145.b0212	55.5	559934335
15200553	511145.b1426	55.5	60958073
15202165	511145.b3199	55.5	358148100
15199930	511145.b0763	55.2	737815900
15203238	511145.b4388	55.0	1046472590
15199882	511145.b0707	54.9	665168980
15200910	511145.b1807	54.8	520380200
15202351	511145.b3401	54.5	621157700
15201823	511145.b2811	54.5	418229200
15199852	511145.b0661	54.5	-2069246796
15200288	511145.b1132	54.3	570679000
15200739	511145.b1631	54.1	619024780
15203123	511145.b4254	54.1	1268123510
15202120	511145.b3152	54.0	409569100
15201565	511145.b2520	54.0	-248314818
15201625	511145.b2580	53.7	823382800
15200706	511145.b1598	53.6	545017998
15202430	511145.b3487	53.5	891480180
15199523	511145.b0304	53.5	1162197000
15199818	511145.b0627	53.5	257889163
15201495	511145.b2450	53.4	723397440
15200121	511145.b0956	53.3	422536060
15200869	511145.b1766	53.1	1316502340
15201159	511145.b2085	52.9	315680120
15199277	511145.b0028	52.7	232718394
15199724	511145.b0522	52.7	833150200
15202030	511145.b3053	52.4	1995437950
15202691	511145.b3772	52.4	1332244500
15201714	511145.b2700	52.3	466186760
15201404	511145.b2347	52.3	442995710
15199319	511145.b0072	52.3	922061600
15199593	511145.b0382	52.2	269567400
15201458	511145.b2413	52.1	276792700
15199634	511145.b0425	51.9	715164600
15201407	511145.b2351	51.9	781518600
15200514	511145.b1382	51.8	217051200
15199608	511145.b0399	51.6	425795780
15201456	511145.b2411	51.5	1635117390
15202131	511145.b3163	51.5	683150720
15200635	511145.b1519	51.5	548883000
15201429	511145.b2377	51.5	13180000
15200051	511145.b0886	51.4	918664100
15202669	511145.b3740	51.4	668182900
15201619	511145.b2574	51.4	1315202700
15202657	511145.b3728	51.3	828229715
15201444	511145.b2393	50.8	955292000
15202707	511145.b3791	50.7	756553000
15201517	511145.b2472	50.5	909960720
15201421	511145.b2369	50.4	530901700
15202903	511145.b4019	50.4	-1067416146
15202862	511145.b3965	50.3	932555290
15202843	511145.b3945	50.2	645631710
15200056	511145.b0891	50.2	637419265
15202069	511145.b3093	50.2	370006090
15199994	511145.b0828	49.7	807694400
15201349	511145.b2290	49.6	694709060
15202761	511145.b3860	49.6	524978050
15201957	511145.b2965	49.6	1346874780
15202512	511145.b3574	49.5	654321300
15202569	511145.b3632	49.4	637822910
15199410	511145.b0167	49.3	-1741523766
15199356	511145.b0112	49.2	437912650
15201547	511145.b2502	49.2	1443497320
15202787	511145.b3887	49.1	471419600
15202719	511145.b3807	49.1	270269300
15200389	511145.b1246	49.0	881409520
15200387	511145.b1244	49.0	613689000
15199853	511145.b0662	48.8	802598000
15202176	511145.b3210	48.8	1863489790
15201401	511145.b2344	48.6	827796300
15202887	511145.b3999	48.6	656444430
15202377	511145.b3431	48.5	1309885790
15201545	511145.b2500	48.4	494091600
15202932	511145.b4049	48.3	980859400
15201010	511145.b1913	48.2	1575041540
15203128	511145.b4259	48.2	265944900
15202993	511145.b4113	48.0	350007200
15203083	511145.b4208	47.9	632702699
15200066	511145.b0901	47.6	387218680
15201400	511145.b2343	47.4	241124370
15201830	511145.b2821	46.9	1967183540
15202239	511145.b3287	46.8	425618200
15202076	511145.b3100	46.8	263141110
15201715	511145.b2701	46.7	634389000
15200415	511145.b1273	46.6	219476800
15200390	511145.b1247	46.5	853592270
15202153	511145.b3187	46.4	639687770
15202382	511145.b3438	46.4	1164810400
15201574	511145.b2529	46.2	312856732
15200392	511145.b1249	46.1	1152251400
15201938	511145.b2946	45.9	594073400
15203095	511145.b4220	45.8	1302206950
15203019	511145.b4140	45.8	163085200
15200336	511145.b1188	45.8	771798970
15200429	511145.b1287	45.7	982471620
15200092	511145.b0927	45.7	444897300
15202350	511145.b3400	45.4	131127000
15199614	511145.b0405	45.2	587072660
15200015	511145.b0849	45.1	112854260
15202717	511145.b3805	45.1	681482670
15200290	511145.b1134	45.0	441610200
15200112	511145.b0947	44.9	654930990
15202705	511145.b3789	44.8	1015694400
15200116	511145.b0951	44.8	1011221390
15201759	511145.b2745	44.7	895390022
15203174	511145.b4316	44.5	518783900
15202587	511145.b3651	44.4	456940900
15201512	511145.b2467	44.2	330163120
15202041	511145.b3064	44.1	695613400
15202241	511145.b3289	44.0	720817600
15202440	511145.b3499	43.9	818252500
15202591	511145.b3655	43.8	1116029760
15200977	511145.b1874	43.8	619901800
15201652	511145.b2615	43.7	561916900
15202869	511145.b3981	43.6	402026250
15201985	511145.b3002	43.6	269856600
15200242	511145.b1086	43.6	584277371
15203130	511145.b4261	43.5	579538490
15203205	511145.b4352	43.4	714084960
15200113	511145.b0948	43.3	1464168069
15203040	511145.b4161	43.2	577957880
15203228	511145.b4378	43.1	480053600
15202852	511145.b3955	43.0	1018896020
15202081	511145.b3105	42.9	683150190
15201343	511145.b2284	42.8	971469000
15199703	511145.b0495	42.7	535184100
15201634	511145.b2593	42.7	618994350
15199441	511145.b0198	42.6	325232000
15202529	511145.b3591	42.3	1217675180
15200380	511145.b1235	42.2	582355800
15199843	511145.b0652	42.1	339608614
15200272	511145.b1116	42.1	647983180
15201140	511145.b2064	41.8	1303042544
15200043	511145.b0877	41.7	950649850
15200951	511145.b1848	41.7	174112290
15202401	511145.b3458	41.3	752428120
15200274	511145.b1118	41.3	546470240
15201066	511145.b1981	41.2	443502300
15200841	511145.b1738	41.2	240679320
15201233	511145.b2168	41.2	501098352
15199659	511145.b0450	41.0	280548200
15201009	511145.b1912	41.0	390104000
15202768	511145.b3868	40.6	897136530
15200682	511145.b1570	40.6	263649950
15202236	511145.b3282	40.4	482030270
15199318	511145.b0071	40.0	352745100
15201108	511145.b2032	40.0	898002150
15203154	511145.b4295	40.0	616568000
15202926	511145.b4043	39.9	416519700
15202935	511145.b4052	39.5	1053965256
15201864	511145.b2865	39.5	432293600
15202412	511145.b3469	39.5	842886500
15201997	511145.b3018	39.4	379259700
15203214	511145.b4361	39.4	484051800
15202047	511145.b3071	39.4	369625660
15202424	511145.b3481	39.4	157886300
15202578	511145.b3641	39.3	321627800
15199951	511145.b0784	39.3	146814100
15202466	511145.b3526	39.3	373876335
15200974	511145.b1871	39.2	622407029
15200052	511145.b0887	38.6	905689880
15202211	511145.b3248	38.6	357912300
15199471	511145.b0241	38.4	-734927596
15200028	511145.b0862	38.4	225870600
15201340	511145.b2281	38.3	317697600
15200224	511145.b1068	37.9	378218650
15199375	511145.b0131	37.9	126645810
15202724	511145.b3813	37.9	1105043610
15200552	511145.b1424	37.8	1258755500
15201695	511145.b2674	37.6	198003869
15202033	511145.b3056	37.5	824580610
15201418	511145.b2366	37.5	685472400
15201390	511145.b2331	37.3	260132290
15200978	511145.b1875	37.3	390956200
15200391	511145.b1248	37.2	108109700
15199629	511145.b0420	37.1	1010788874
15202585	511145.b3649	37.1	155928000
15200178	511145.b1015	37.1	508643100
15203285	511145.b4479	37.1	314951600
15203253	511145.b4403	37.0	410506260
15199933	511145.b0766	36.6	417076000
15201015	511145.b1918	36.3	357008430
15201605	511145.b2560	36.1	400897020
15200026	511145.b0860	36.0	449439960
15203202	511145.b4349	35.9	1057847407
15202304	511145.b3352	35.8	1177927254
15199348	511145.b0103	35.8	285267000
15201109	511145.b2033	35.6	310612800
15202010	511145.b3031	35.5	173853400
15201484	511145.b2439	35.5	183948000
15202758	511145.b3857	35.3	308690300
15199995	511145.b0829	35.2	1161238940
15199698	511145.b0490	35.0	362612210
15200300	511145.b1145	34.8	314140874
15199386	511145.b0142	34.7	179201160
15200057	511145.b0892	34.7	892323620
15199630	511145.b0421	34.7	358627680
15202710	511145.b3794	34.5	442625210
15200998	511145.b1895	34.4	305629660
15202193	511145.b3228	34.2	222742000
15199957	511145.b0790	34.2	410609300
15199326	511145.b0080	34.1	590677500
15203047	511145.b4171	34.0	596028500
15202696	511145.b3779	34.0	795437500
15199443	511145.b0200	33.8	244224700
15199304	511145.b0055	33.8	504900750
15200585	511145.b1462	33.8	299393081
15202157	511145.b3191	33.7	192942080
15201827	511145.b2818	33.7	633485480
15203112	511145.b4241	33.6	473917780
15202402	511145.b3459	33.5	213390600
15199435	511145.b0192	33.4	366530170
15200958	511145.b1855	33.4	475988010
15201298	511145.b2239	33.3	578349900
15201064	511145.b1976	33.2	230164700
15201824	511145.b2812	33.1	192384950
15201698	511145.b2677	33.0	366540600
15200246	511145.b1090	32.9	455894601
15200714	511145.b1606	32.9	295039980
15200889	511145.b1786	32.7	846075100
15202303	511145.b3351	32.6	273767880
15199357	511145.b0113	32.6	290697000
15199573	511145.b0357	32.5	148714596
15203186	511145.b4328	32.5	473282950
15202320	511145.b3368	32.5	655657290
15200263	511145.b1107	32.4	459249180
15202459	511145.b3519	32.3	898029940
15199798	511145.b0604	32.2	518968274
15201373	511145.b2314	32.1	247960260
15199451	511145.b0214	32.0	330812000
15202197	511145.b3232	32.0	686419800
15199298	511145.b0049	31.8	462522143
15200790	511145.b1684	31.8	217735700
15200069	511145.b0904	31.7	195715800
15202314	511145.b3362	31.6	33538330
15201342	511145.b2283	31.6	1219828066
15200087	511145.b0922	31.6	923584000
15199793	511145.b0599	31.5	324256830
15203286	511145.b4480	31.3	337426960
15200699	511145.b1591	31.2	305819800
15202009	511145.b3030	31.1	974842725
15200812	511145.b1706	31.1	593248580
15201849	511145.b2840	30.9	415625000
15202730	511145.b3821	30.9	556645530
15201089	511145.b2011	30.9	731841690
15199991	511145.b0825	30.7	267168700
15199639	511145.b0430	30.7	101251700
15200827	511145.b1724	30.4	128255800
15201191	511145.b2124	30.4	180622520
15201347	511145.b2288	30.3	204065410
15202315	511145.b3363	30.2	189446790
15202408	511145.b3465	30.1	228889600
15202823	511145.b3925	30.1	555093934
15202356	511145.b3406	30.0	237180200
15200396	511145.b1253	29.6	160858080
15200280	511145.b1124	29.5	135373000
15201761	511145.b2747	29.4	309007300
15200412	511145.b1270	29.3	235298700
15202631	511145.b3702	29.2	765565050
15203054	511145.b4178	29.2	149270430
15200587	511145.b1464	29.0	256339923
15201599	511145.b2554	28.8	647448440
15203150	511145.b4291	28.8	858202490
15201048	511145.b1956	28.8	721114100
15203151	511145.b4292	28.7	500348230
15201202	511145.b2135	28.6	97051700
15201479	511145.b2434	28.6	241653700
15200916	511145.b1813	28.5	236118400
15201011	511145.b1914	28.5	422268300
15203063	511145.b4187	28.5	752626710
15202718	511145.b3806	28.4	1159124500
15201486	511145.b2441	28.4	702842400
15202621	511145.b3689	28.4	1125478830
15200574	511145.b1448	28.3	237271950
15201906	511145.b2909	28.3	119489900
15200772	511145.b1664	28.3	563644700
15200070	511145.b0905	28.3	664743700
15199497	511145.b0273	28.2	906573810
15202213	511145.b3250	28.2	499320240
15200466	511145.b1325	28.2	339062360
15202134	511145.b3166	28.1	442064100
15201271	511145.b2209	28.1	243353890
15202477	511145.b3538	28.0	413753700
15200754	511145.b1646	27.9	223551920
15200144	511145.b0980	27.9	582336300
15202675	511145.b3746	27.8	662409220
15201681	511145.b2660	27.7	411430620
15201074	511145.b1992	27.7	259868610
15199673	511145.b0465	27.7	1200061117
15199821	511145.b0630	27.7	258089900
15203299	511145.b4511	27.6	94270000
15202908	511145.b4024	27.6	537979950
15199621	511145.b0412	27.6	188019000
15200006	511145.b0840	27.6	285430150
15201150	511145.b2074	27.5	499144330
15202864	511145.b3967	27.5	524124750
15199299	511145.b0050	27.2	164198000
15202366	511145.b3416	27.2	803647460
15199487	511145.b0261	27.2	367539730
15202766	511145.b3866	27.2	226079730
15201105	511145.b2028	27.2	580279593
15201221	511145.b2156	26.8	206209500
15203287	511145.b4481	26.5	224144910
15202019	511145.b3041	26.5	317213860
15201747	511145.b2733	26.4	1098144580
15200359	511145.b1211	26.3	408602200
15200566	511145.b1440	26.3	575931450
15199685	511145.b0477	26.3	513541980
15200046	511145.b0880	26.3	87930000
15199595	511145.b0384	26.2	167672892
15199963	511145.b0796	26.2	359611310
15199446	511145.b0209	26.2	244874550
15199848	511145.b0657	26.2	668935840
15200771	511145.b1663	26.0	206085179
15203004	511145.b4124	26.0	259908750
15202130	511145.b3162	26.0	738957610
15202754	511145.b3848	25.9	493616100
15203316	511145.b4536	25.8	126768020
15202914	511145.b4030	25.7	152997100
15201847	511145.b2838	25.6	381086180
15199456	511145.b0221	25.6	1003313940
15200543	511145.b1413	25.6	1794660283
15201796	511145.b2784	25.5	973722410
15202190	511145.b3225	25.5	315747740
15201176	511145.b2105	25.5	125682700
15203066	511145.b4190	25.3	347128820
15202988	511145.b4108	25.2	125213700
15200449	511145.b1307	25.2	80715630
15200937	511145.b1834	25.1	1108722560
15199445	511145.b0208	25.1	481081370
15201964	511145.b2977	25.1	78258600
15200335	511145.b1187	24.8	404797800
15202562	511145.b3625	24.8	180487200
15202695	511145.b3778	24.7	822073288
15199701	511145.b0493	24.7	285668700
15201562	511145.b2517	24.7	458450110
15200253	511145.b1097	24.7	338924500
15202325	511145.b3375	24.7	276025260
15200949	511145.b1846	24.6	202325854
15202490	511145.b3552	24.6	179371290
15201845	511145.b2836	24.5	1025555490
15202129	511145.b3161	24.5	218650000
15203046	511145.b4170	24.4	641175350
15202936	511145.b4053	24.4	478075200
15200334	511145.b1186	24.3	468068900
15200551	511145.b1423	24.1	504693000
15200871	511145.b1768	24.1	220100030
15201794	511145.b2782	24.0	156263070
15201935	511145.b2943	24.0	251803600
15199771	511145.b0577	24.0	440521070
15199652	511145.b0443	23.8	158560000
15200900	511145.b1797	23.7	107929230
15201160	511145.b2086	23.7	285645350
15202000	511145.b3021	23.6	209473960
15201571	511145.b2526	23.5	620148680
15200013	511145.b0847	23.5	426571700
15201803	511145.b2791	23.5	413826313
15201818	511145.b2806	23.3	410428160
15200657	511145.b1541	23.2	66993640
15201257	511145.b2195	23.1	156447100
15203239	511145.b4389	23.1	581889829
15201198	511145.b2131	23.1	247276860
15200720	511145.b1612	23.0	803838720
15201073	511145.b1991	22.9	281231106
15202337	511145.b3387	22.8	277219930
15201252	511145.b2187	22.8	124847300
15199541	511145.b0324	22.7	479537680
15201758	511145.b2744	22.7	232412500
15199686	511145.b0478	22.6	351153470
15203065	511145.b4189	22.5	100127320
15199366	511145.b0122	22.5	96821400
15202362	511145.b3412	22.3	310582580
15199953	511145.b0786	22.3	104694100
15201485	511145.b2440	22.2	260857670
15200748	511145.b1640	22.2	244058800
15202148	511145.b3182	22.1	475260961
15201253	511145.b2188	22.1	513163300
15199295	511145.b0046	22.0	157613260
15202557	511145.b3620	22.0	448523880
15201903	511145.b2906	22.0	440029100
15199863	511145.b0683	22.0	149254400
15202811	511145.b3911	21.9	557470750
15201344	511145.b2285	21.9	132450630
15199872	511145.b0694	21.7	313385470
15200873	511145.b1770	21.4	277734070
15202001	511145.b3022	21.3	102723800
15201722	511145.b2708	21.3	352581050
15201929	511145.b2936	21.2	237831500
15199390	511145.b0146	21.2	244949670
15202906	511145.b4022	21.1	256825090
15202923	511145.b4040	21.1	156983000
15200424	511145.b1282	20.9	72630100
15202866	511145.b3973	20.9	360732300
15201358	511145.b2299	20.9	183074400
15202716	511145.b3804	20.8	219645000
15202604	511145.b3669	20.7	187054120
15200483	511145.b1342	20.7	212593300
15200001	511145.b0835	20.7	323157190
15203220	511145.b4367	20.7	276873600
15200010	511145.b0844	20.7	278077340
15200127	511145.b0962	20.7	780034274
15199626	511145.b0417	20.6	276167800
15200436	511145.b1294	20.5	666076100
15201839	511145.b2830	20.4	128776500
15199425	511145.b0182	20.3	376957150
15199416	511145.b0173	20.3	412481035
15203088	511145.b4213	20.3	634618373
15202191	511145.b3226	20.2	293536710
15203323	511145.b4547	20.2	47253750
15203215	511145.b4362	20.2	122812500
15199329	511145.b0083	20.1	104746100
15199418	511145.b0175	20.1	115340000
15201539	511145.b2494	20.0	303866120
15200652	511145.b1536	20.0	111469830
15200398	511145.b1255	19.9	125158720
15202550	511145.b3613	19.9	385059920
15199896	511145.b0721	19.8	163233700
15201941	511145.b2949	19.8	124887600
15202071	511145.b3095	19.7	127688000
15200963	511145.b1860	19.5	311407600
15201192	511145.b2125	19.5	304365100
15202748	511145.b3842	19.5	155328100
15202813	511145.b3915	19.4	151092300
15201518	511145.b2473	19.4	145511400
15200291	511145.b1135	19.3	172921110
15202818	511145.b3920	19.3	186721860
15200731	511145.b1623	19.1	263747000
15202672	511145.b3743	19.0	163871500
15199691	511145.b0483	18.9	93080200
15202555	511145.b3618	18.9	248291610
15200760	511145.b1652	18.8	158550900
15200887	511145.b1784	18.8	271081066
15200330	511145.b1182	18.8	283969580
15202418	511145.b3475	18.7	68009430
15203096	511145.b4221	18.6	1145587210
15200179	511145.b1018	18.5	360563910
15202586	511145.b3650	18.5	589953612
15199676	511145.b0468	18.4	123120000
15199913	511145.b0739	18.4	215939957
15203015	511145.b4136	18.4	349840680
15199977	511145.b0810	18.2	314650500
15203029	511145.b4150	18.1	355987930
15200379	511145.b1234	18.0	282695100
15202489	511145.b3551	17.8	585893900
15201996	511145.b3017	17.8	429111450
15202160	511145.b3194	17.8	186591990
15200851	511145.b1748	17.6	305107010
15201945	511145.b2953	17.6	81494000
15199572	511145.b0356	17.6	251897670
15199773	511145.b0579	17.5	117325700
15202099	511145.b3129	17.5	115797830
15202703	511145.b3787	17.4	333648990
15201799	511145.b2787	17.3	384961320
15201554	511145.b2509	17.3	405882422
15201238	511145.b2173	17.1	310709400
15201680	511145.b2659	17.1	326061970
15200678	511145.b1564	17.1	70348942
15199429	511145.b0186	17.1	497693370
15201318	511145.b2259	17.0	58109800
15201922	511145.b2927	17.0	252494330
15201538	511145.b2493	17.0	159061710
15202907	511145.b4023	16.9	54328000
15201549	511145.b2504	16.8	74220300
15200393	511145.b1250	16.8	200789596
15201950	511145.b2958	16.7	192393402
15201811	511145.b2799	16.7	294414243
15202987	511145.b4107	16.6	176396780
15202502	511145.b3564	16.6	376430100
15201721	511145.b2707	16.6	193698080
15202312	511145.b3360	16.5	129849300
15202399	511145.b3456	16.5	276852000
15199333	511145.b0087	16.5	207949680
15202346	511145.b3396	16.5	733124701
15201320	511145.b2261	16.4	170129335
15202480	511145.b3541	16.4	305401900
15200090	511145.b0925	16.4	341699423
15202589	511145.b3653	16.4	156459198
15202469	511145.b3529	16.3	615913490
15201012	511145.b1915	16.2	43174600
15203317	511145.b4537	16.1	59144940
15202900	511145.b4016	16.0	527842230
15199355	511145.b0111	16.0	317564500
15202784	511145.b3884	16.0	260052200
15200793	511145.b1687	16.0	999079606
15202972	511145.b4089	15.9	226812680
15202204	511145.b3239	15.9	94658000
15200718	511145.b1610	15.9	218882680
15201255	511145.b2193	15.9	357926450
15200120	511145.b0955	15.8	367298560
15202435	511145.b3494	15.8	90948800
15201053	511145.b1961	15.8	434601630
15200045	511145.b0879	15.8	432195930
15203033	511145.b4154	15.7	453634470
15199904	511145.b0730	15.6	162428580
15200972	511145.b1869	15.5	83705230
15199431	511145.b0188	15.5	293280510
15200197	511145.b1040	15.4	248180200
15200420	511145.b1278	15.3	180599030
15200626	511145.b1508	15.2	79405400
15201704	511145.b2685	15.2	307129360
15200954	511145.b1851	15.2	249662913
15200481	511145.b1340	15.1	117432404
15200730	511145.b1622	15.0	300846890
15200034	511145.b0868	15.0	184087720
15200903	511145.b1800	15.0	316267500
15201901	511145.b2904	15.0	52096760
15199660	511145.b0451	15.0	67937100
15200333	511145.b1185	15.0	146448500
15203113	511145.b4242	15.0	458447410
15199974	511145.b0807	14.9	115336538
15202568	511145.b3631	14.9	226614650
15200432	511145.b1290	14.9	214335350
15202620	511145.b3688	14.8	50906000
15200726	511145.b1618	14.8	202386850
15201606	511145.b2561	14.8	112691270
15202468	511145.b3528	14.7	123433800
15199830	511145.b0639	14.7	183471400
15202026	511145.b3049	14.6	36231000
15201139	511145.b2063	14.6	251850440
15201003	511145.b1902	14.5	344001761
15203182	511145.b4324	14.5	165875230
15202828	511145.b3930	14.5	62825300
15202365	511145.b3415	14.4	274384170
15202721	511145.b3810	14.4	165868600
15200846	511145.b1743	14.4	91930480
15200791	511145.b1685	14.3	53538000
15201762	511145.b2748	14.3	65864580
15202101	511145.b3131	14.3	162571417
15202296	511145.b3344	14.2	102334500
15199947	511145.b0780	14.2	212601000
15199792	511145.b0598	14.2	231409630
15200701	511145.b1593	14.2	88331560
15202200	511145.b3235	14.1	255377100
15201511	511145.b2466	14.1	253997500
15202681	511145.b3752	14.1	179740480
15201597	511145.b2552	14.1	278527600
15200260	511145.b1104	14.1	73082800
15200468	511145.b1327	14.1	253578600
15201222	511145.b2157	14.0	195484180
15200338	511145.b1190	14.0	328650540
15200917	511145.b1814	14.0	249618561
15202494	511145.b3556	13.9	95786770
15202004	511145.b3025	13.9	135838250
15199486	511145.b0260	13.9	178789470
15203223	511145.b4373	13.9	107208500
15199813	511145.b0620	13.8	141814750
15200758	511145.b1650	13.8	206317830
15199305	511145.b0058	13.7	107380640
15203168	511145.b4310	13.7	237125360
15200740	511145.b1632	13.7	102281750
15199919	511145.b0752	13.7	68477770
15201376	511145.b2317	13.7	70169960
15202479	511145.b3540	13.6	191115410
15203194	511145.b4336	13.6	290458950
15199943	511145.b0776	13.6	196973224
15203067	511145.b4191	13.5	145792800
15201026	511145.b1929	13.5	249960920
15200463	511145.b1322	13.5	176102490
15202760	511145.b3859	13.4	228468700
15201280	511145.b2218	13.4	758342375
15200862	511145.b1759	13.4	33689300
15201273	511145.b2211	13.4	340089451
15200717	511145.b1609	13.3	348426590
15202938	511145.b4055	13.2	134272300
15202565	511145.b3628	13.2	248929550
15200176	511145.b1013	13.1	147410400
15199496	511145.b0272	13.1	184710300
15202096	511145.b3126	13.1	187345930
15201541	511145.b2496	13.0	126209020
15201377	511145.b2318	12.9	190858350
15201789	511145.b2777	12.9	130649500
15202700	511145.b3784	12.9	108618100
15202396	511145.b3453	12.9	262140530
15201600	511145.b2555	12.8	171916160
15202100	511145.b3130	12.8	59808380
15199495	511145.b0271	12.8	306715210
15203032	511145.b4153	12.8	131908600
15201336	511145.b2277	12.8	131823000
15199827	511145.b0636	12.7	126089000
15201542	511145.b2497	12.7	112241000
15202297	511145.b3345	12.7	46943870
15200704	511145.b1596	12.7	125738600
15199653	511145.b0444	12.7	167068900
15200047	511145.b0881	12.7	100376260
15200339	511145.b1191	12.6	150562680
15200267	511145.b1111	12.6	95693604
15202454	511145.b3514	12.6	456005002
15203268	511145.b4461	12.5	199707089
15202673	511145.b3744	12.5	171103560
15200275	511145.b1119	12.4	136185174
15202884	511145.b3996	12.3	200520339
15200641	511145.b1525	12.3	294760750
15201348	511145.b2289	12.3	142012630
15200033	511145.b0867	12.2	154357610
15199664	511145.b0456	12.2	78913150
15202751	511145.b3845	12.2	222845700
15199956	511145.b0789	12.2	244188070
15200042	511145.b0876	12.2	364591340
15199339	511145.b0093	12.2	132184540
15200281	511145.b1125	12.1	158975900
15201650	511145.b2611	12.1	83979320
15202049	511145.b3073	12.1	259570790
15202633	511145.b3704	12.1	49460330
15202678	511145.b3749	12.0	321130250
15200970	511145.b1867	12.0	80650090
15201942	511145.b2950	11.8	233954000
15202769	511145.b3869	11.8	180024910
15203034	511145.b4155	11.8	177373640
15201825	511145.b2813	11.8	146919840
15201426	511145.b2374	11.7	393828500
15202570	511145.b3633	11.7	248976080
15200086	511145.b0921	11.7	143660750
15202017	511145.b3039	11.6	112008000
15202734	511145.b3825	11.6	238450280
15202704	511145.b3788	11.6	329544350
15203236	511145.b4386	11.6	168185022
15200027	511145.b0861	11.6	98078300
15202752	511145.b3846	11.5	353474670
15199917	511145.b0750	11.4	175055140
15201170	511145.b2099	11.3	158519800
15199522	511145.b0303	11.3	27938900
15200614	511145.b1494	11.3	534883180
15201851	511145.b2842	11.3	158819770
15200948	511145.b1845	11.2	384318190
15201793	511145.b2781	11.2	117622860
15200383	511145.b1238	11.2	112679940
15201196	511145.b2129	11.2	195500414
15202122	511145.b3154	11.2	67610310
15200210	511145.b1054	11.1	187528680
15202560	511145.b3623	11.1	202651448
15200856	511145.b1753	11.0	130417900
15200570	511145.b1444	11.0	246510630
15200467	511145.b1326	11.0	80618210
15200615	511145.b1495	11.0	413418260
15200658	511145.b1542	10.9	618213700
15199438	511145.b0195	10.9	119256700
15201692	511145.b2671	10.9	93001500
15201820	511145.b2808	10.8	153068150
15202348	511145.b3398	10.8	298130470
15200884	511145.b1781	10.7	106513200
15202543	511145.b3606	10.7	108965000
15201209	511145.b2144	10.6	103763400
15202449	511145.b3509	10.6	48908000
15202588	511145.b3652	10.6	281258210
15199998	511145.b0832	10.5	119020000
15201300	511145.b2241	10.5	335279900
15199404	511145.b0160	10.5	241710050
15199392	511145.b0148	10.4	792676027
15203144	511145.b4280	10.4	150947580
15199278	511145.b0029	10.3	166536400
15200744	511145.b1636	10.3	129683780
15201822	511145.b2810	10.2	203168700
15202692	511145.b3773	10.2	162927300
15202795	511145.b3895	10.2	109764320
15200433	511145.b1291	10.2	172889540
15203248	511145.b4398	10.2	85122900
15201027	511145.b1930	10.1	29754000
15202743	511145.b3834	10.1	89540478
15199961	511145.b0794	10.1	300651447
15201846	511145.b2837	10.1	173326180
15200285	511145.b1129	9.9	244278420
15202188	511145.b3223	9.82	132812000
15199762	511145.b0568	9.73	742791390
15201744	511145.b2730	9.72	210413500
15200445	511145.b1303	9.68	153062404
15200476	511145.b1335	9.66	103041340
15203120	511145.b4251	9.65	82971410
15200370	511145.b1222	9.64	269594190
15200252	511145.b1096	9.62	132145760
15202295	511145.b3343	9.59	56438430
15202905	511145.b4021	9.58	100289300
15200085	511145.b0920	9.56	101374360
15199550	511145.b0334	9.54	391609611
15203152	511145.b4293	9.51	71157160
15200640	511145.b1524	9.51	155728820
15201408	511145.b2352	9.5	264682463
15201808	511145.b2796	9.49	123883241
15201272	511145.b2210	9.48	224424540
15200794	511145.b1688	9.48	84011000
15200035	511145.b0869	9.4	225511120
15200702	511145.b1594	9.4	185289420
15202043	511145.b3066	9.39	261427060
15203237	511145.b4387	9.37	81597032
15200461	511145.b1320	9.36	126280500
15201454	511145.b2409	9.36	167869350
15199678	511145.b0470	9.34	307470664
15199579	511145.b0365	9.29	137828550
15202103	511145.b3133	9.24	46539100
15199612	511145.b0403	9.24	298821750
15199873	511145.b0695	9.22	316094820
15202904	511145.b4020	9.19	173536825
15201471	511145.b2426	9.16	134842521
15202070	511145.b3094	9.16	129230527
15202452	511145.b3512	9.11	79492560
15199758	511145.b0564	9.06	163135490
15202732	511145.b3823	9.05	77394600
15201513	511145.b2468	9.0	405380500
15202747	511145.b3839	9.0	35588610
15200485	511145.b1344	8.91	129689810
15200857	511145.b1754	8.9	152149989
15202413	511145.b3470	8.9	35059600
15201481	511145.b2436	8.89	132904624
15199765	511145.b0571	8.84	92804800
15201904	511145.b2907	8.82	168109120
15199834	511145.b0643	8.81	70175400
15203118	511145.b4248	8.73	42571200
15201473	511145.b2428	8.65	136880070
15201058	511145.b1969	8.65	99925922
15201263	511145.b2201	8.61	52949600
15200834	511145.b1731	8.54	42061000
15201570	511145.b2525	8.53	34591900
15199354	511145.b0110	8.52	75071120
15201655	511145.b2618	8.51	52110430
15200725	511145.b1617	8.49	185281424
15201324	511145.b2265	8.44	207857220
15201341	511145.b2282	8.43	117041100
15203093	511145.b4218	8.17	152829370
15201092	511145.b2014	8.16	109752350
15201327	511145.b2268	8.14	109447000
15200177	511145.b1014	8.12	484373470
15202676	511145.b3747	8.11	214469898
15201837	511145.b2828	8.05	127816100
15199997	511145.b0831	8.04	98685200
15200422	511145.b1280	8.04	177488646
15199695	511145.b0487	8.01	43997400
15199658	511145.b0449	7.99	315989100
15199819	511145.b0628	7.99	124462370
15201383	511145.b2324	7.97	249547264
15200159	511145.b0995	7.94	81743490
15199399	511145.b0155	7.83	140463090
15200442	511145.b1300	7.82	170425094
15199865	511145.b0685	7.76	24498700
15201749	511145.b2735	7.68	71011166
15200313	511145.b1162	7.64	98153400
15201129	511145.b2053	7.64	83080780
15200471	511145.b1330	7.62	80873353
15199561	511145.b0345	7.6	136373290
15200915	511145.b1812	7.57	151010960
15200434	511145.b1292	7.49	53851680
15199704	511145.b0496	7.48	263150486
15201828	511145.b2819	7.44	220984840
15199582	511145.b0368	7.44	84382240
15199726	511145.b0524	7.39	117377410
15200860	511145.b1757	7.36	147937100
15202036	511145.b3059	7.33	44347300
15201338	511145.b2279	7.31	19402000
15199683	511145.b0475	7.31	78176500
15202767	511145.b3867	7.31	187404840
15202561	511145.b3624	7.29	127183800
15201699	511145.b2678	7.28	28912130
15200985	511145.b1882	7.27	48450000
15200938	511145.b1835	7.25	146276500
15200080	511145.b0915	7.21	100623430
15201301	511145.b2242	7.2	113407700
15199552	511145.b0336	7.18	40654820
15202051	511145.b3075	7.17	119129520
15201154	511145.b2078	7.14	205458000
15200896	511145.b1793	7.14	29487200
15202737	511145.b3828	7.14	109026691
15201245	511145.b2180	7.11	210854310
15199777	511145.b0583	7.1	75521650
15199883	511145.b0708	7.09	202126990
15201831	511145.b2822	7.06	358135530
15199269	511145.b0020	7.05	101092840
15199400	511145.b0156	7.01	44449700
15200510	511145.b1378	6.99	339857166
15199983	511145.b0817	6.97	65073340
15201908	511145.b2912	6.9	51918500
15201367	511145.b2308	6.77	45901200
15202918	511145.b4034	6.77	153130308
15201399	511145.b2342	6.71	135322880
15200532	511145.b1400	6.7	72549200
15202450	511145.b3510	6.7	9842400
15201829	511145.b2820	6.57	432424099
15203002	511145.b4122	6.54	351503600
15201944	511145.b2952	6.53	70659000
15201172	511145.b2101	6.52	112603470
15202208	511145.b3243	6.51	116588080
15199975	511145.b0808	6.48	160446300
15200195	511145.b1038	6.46	40599620
15202781	511145.b3881	6.42	69239100
15202400	511145.b3457	6.4	37374403
15202627	511145.b3698	6.39	22585900
15201237	511145.b2172	6.36	488199597
15201955	511145.b2963	6.36	99145700
15201432	511145.b2380	6.36	420980800
15199631	511145.b0422	6.33	31498200
15199897	511145.b0722	6.33	34096040
15202832	511145.b3934	6.32	93647700
15202744	511145.b3835	6.31	193588750
15201494	511145.b2449	6.27	47732000
15202997	511145.b4117	6.25	229342029
15202564	511145.b3627	6.24	145750060
15202119	511145.b3151	6.19	77903000
15199396	511145.b0152	6.16	94911470
15202579	511145.b3642	6.07	80622790
15199842	511145.b0651	6.06	71608210
15201886	511145.b2889	6.03	33924200
15203031	511145.b4152	6.02	40343560
15201242	511145.b2177	6.01	176377740
15202538	511145.b3601	6.0	34183060
15202125	511145.b3157	5.99	70046400
15199964	511145.b0797	5.99	137587620
15202438	511145.b3497	5.99	70567864
15199588	511145.b0377	5.98	88275500
15201567	511145.b2522	5.97	31469800
15201700	511145.b2679	5.94	59978110
15199598	511145.b0387	5.93	58181090
15201144	511145.b2068	5.93	123939790
15201730	511145.b2716	5.91	77746238
15200399	511145.b1256	5.9	56678400
15200742	511145.b1634	5.85	95615730
15201641	511145.b2602	5.85	21864600
15202393	511145.b3450	5.81	100276400
15200919	511145.b1816	5.76	92972660
15202951	511145.b4068	5.73	28969000
15201947	511145.b2955	5.73	82319130
15201569	511145.b2524	5.73	15565900
15201337	511145.b2278	5.71	98718200
15199611	511145.b0402	5.71	48140470
15202186	511145.b3221	5.71	33517233
15201240	511145.b2175	5.68	21089410
15199829	511145.b0638	5.66	27675890
15199539	511145.b0321	5.6	88879570
15200580	511145.b1454	5.59	30466390
15202433	511145.b3492	5.59	108068940
15199690	511145.b0482	5.58	53515900
15200907	511145.b1804	5.52	141993930
15200607	511145.b1487	5.5	137403420
15202371	511145.b3424	5.49	41453720
15201370	511145.b2311	5.49	61727980
15201889	511145.b2892	5.45	238296230
15199296	511145.b0047	5.44	125480971
15199533	511145.b0315	5.43	111391050
15201469	511145.b2424	5.42	33499700
15201798	511145.b2786	5.41	233572895
15203278	511145.b4472	5.39	350816165
15202482	511145.b3543	5.37	62819760
15202567	511145.b3630	5.36	63310590
15199461	511145.b0226	5.3	32389815
15200018	511145.b0852	5.3	65319520
15202973	511145.b4090	5.25	42880500
15199604	511145.b0394	5.24	80406250
15202833	511145.b3935	5.22	229029880
15199492	511145.b0268	5.22	42822358
15200947	511145.b1844	5.2	62377000
15202385	511145.b3441	5.19	50548090
15200815	511145.b1709	5.18	54402110
15202082	511145.b3106	5.14	74078470
15203227	511145.b4377	5.14	59717110
15201580	511145.b2535	5.14	85118300
15202590	511145.b3654	5.13	21648000
15201380	511145.b2321	5.07	86413560
15202922	511145.b4039	5.05	46167100
15203204	511145.b4351	5.04	98981592
15200255	511145.b1099	4.99	85495130
15200610	511145.b1490	4.97	133172660
15201057	511145.b1968	4.94	101463900
15202851	511145.b3954	4.91	88843770
15202503	511145.b3565	4.9	123431172
15202060	511145.b3084	4.89	94566350
15200341	511145.b1193	4.88	50644660
15200462	511145.b1321	4.87	104073110
15199675	511145.b0467	4.86	34156990
15201588	511145.b2543	4.85	33917000
15203133	511145.b4264	4.83	27529900
15203011	511145.b4131	4.8	199710484
15199959	511145.b0792	4.78	45163613
15202757	511145.b3856	4.76	31924506
15203175	511145.b4317	4.75	184647867
15199450	511145.b0213	4.74	60199305
15201163	511145.b2091	4.74	51679930
15202540	511145.b3603	4.71	107626100
15201814	511145.b2802	4.71	122870430
15199761	511145.b0567	4.7	109695546
15201810	511145.b2798	4.7	50837540
15201732	511145.b2718	4.69	17835000
15200364	511145.b1216	4.69	58361800
15200427	511145.b1285	4.67	260923770
15199665	511145.b0457	4.67	100520300
15201282	511145.b2220	4.66	147779643
15202493	511145.b3555	4.65	22279496
15199825	511145.b0634	4.64	53486800
15199672	511145.b0464	4.64	54124700
15200555	511145.b1428	4.62	49947780
15199433	511145.b0190	4.61	56896600
15200632	511145.b1516	4.6	55407290
15203222	511145.b4372	4.58	33413600
15202228	511145.b3266	4.56	304701090
15202975	511145.b4093	4.55	24924200
15199888	511145.b0713	4.45	30259400
15201724	511145.b2710	4.45	53252440
15203138	511145.b4269	4.42	66161430
15202741	511145.b3832	4.4	125742447
15199388	511145.b0144	4.34	112102950
15200752	511145.b1644	4.32	62480320
15201882	511145.b2883	4.31	83814052
15201239	511145.b2174	4.29	52682800
15200908	511145.b1805	4.29	101318130
15202481	511145.b3542	4.29	29297440
15200517	511145.b1385	4.25	66441050
15202920	511145.b4036	4.25	94396800
15201629	511145.b2584	4.24	136458920
15200435	511145.b1293	4.23	48538500
15200135	511145.b0970	4.23	6562000
15200956	511145.b1853	4.22	62534040
15203270	511145.b4464	4.2	130083010
15201455	511145.b2410	4.17	44603820
15202960	511145.b4077	4.16	80487500
15201999	511145.b3020	4.16	98676310
15202089	511145.b3117	4.14	254480000
15199826	511145.b0635	4.14	138315237
15201779	511145.b2765	4.11	26249620
15200154	511145.b0990	4.1	39327000
15201892	511145.b2895	4.09	27844380
15200002	511145.b0836	4.06	12706500
15199622	511145.b0413	4.04	25645490
15202354	511145.b3404	4.03	94102500
15200757	511145.b1649	4.03	48852560
15200968	511145.b1865	4.01	41086300
15199784	511145.b0590	3.98	57903500
15202816	511145.b3918	3.96	65699170
15199699	511145.b0491	3.91	46392150
15200942	511145.b1839	3.87	23285000
15201385	511145.b2326	3.86	27389600
15202999	511145.b4119	3.85	74199600
15199345	511145.b0099	3.84	25588200
15202088	511145.b3116	3.81	32826620
15200550	511145.b1422	3.8	64156650
15199666	511145.b0458	3.79	22179050
15202358	511145.b3408	3.78	16027000
15202437	511145.b3496	3.77	45497350
15199276	511145.b0027	3.76	23093800
15201088	511145.b2010	3.74	216090000
15200859	511145.b1756	3.72	26446770
15201731	511145.b2717	3.72	22850500
15199460	511145.b0225	3.71	18691300
15199532	511145.b0314	3.7	85496420
15200576	511145.b1450	3.69	37546300
15199609	511145.b0400	3.68	56703377
15201876	511145.b2877	3.67	22298260
15201243	511145.b2178	3.67	35952990
15202173	511145.b3207	3.66	38988619
15201797	511145.b2785	3.62	79712870
15200022	511145.b0856	3.6	34066250
15201366	511145.b2307	3.6	50276580
15199567	511145.b0351	3.59	41561350
15201472	511145.b2427	3.58	59041840
15202786	511145.b3886	3.58	38438680
15201446	511145.b2395	3.58	125746020
15201841	511145.b2832	3.57	38546000
15200741	511145.b1633	3.57	35034550
15200203	511145.b1046	3.51	84777120
15203212	511145.b4359	3.51	104556090
15199571	511145.b0355	3.48	44094270
15199465	511145.b0232	3.47	19688670
15199785	511145.b0591	3.46	34482000
15203135	511145.b4266	3.44	50282500
15201712	511145.b2698	3.42	24046290
15201990	511145.b3009	3.42	19608100
15200531	511145.b1399	3.41	62376680
15201991	511145.b3010	3.41	49158990
15203045	511145.b4169	3.41	43324120
15202429	511145.b3486	3.39	151168540
15201354	511145.b2295	3.38	9251734
15201190	511145.b2123	3.36	36284800
15199656	511145.b0447	3.33	29985900
15202102	511145.b3132	3.32	205230050
15202941	511145.b4058	3.32	150768950
15201398	511145.b2341	3.31	113810049
15202227	511145.b3265	3.3	252070000
15200441	511145.b1299	3.3	32881200
15202558	511145.b3621	3.29	50634740
15202971	511145.b4088	3.28	30692300
15201620	511145.b2575	3.28	25358800
15200003	511145.b0837	3.25	56115020
15200513	511145.b1381	3.25	155061288
15201412	511145.b2360	3.24	31283170
15201723	511145.b2709	3.24	84964130
15202064	511145.b3088	3.23	38579654
15201223	511145.b2158	3.21	27114527
15199657	511145.b0448	3.21	81907840
15203038	511145.b4159	3.2	176247814
15203149	511145.b4290	3.19	39296560
15200944	511145.b1841	3.18	8578100
15201151	511145.b2075	3.18	107686780
15202444	511145.b3503	3.16	25244010
15201979	511145.b2994	3.15	111452902
15201194	511145.b2127	3.15	35547890
15202368	511145.b3418	3.15	140869850
15199932	511145.b0765	3.13	57695674
15199844	511145.b0653	3.12	32543000
15202215	511145.b3252	3.11	101333690
15200082	511145.b0917	3.04	18308780
15201059	511145.b1970	3.03	15013220
15202411	511145.b3468	3.02	10173000
15201427	511145.b2375	2.98	24289510
15200577	511145.b1451	2.97	87820250
15201615	511145.b2570	2.95	10690210
15203025	511145.b4146	2.92	53249780
15201688	511145.b2667	2.91	16698240
15201608	511145.b2563	2.89	25621329
15200811	511145.b1705	2.89	9261540
15201214	511145.b2149	2.88	97173652
15200565	511145.b1439	2.85	56725700
15200598	511145.b1478	2.82	48763370
15202825	511145.b3927	2.82	18489400
15201201	511145.b2134	2.81	43062050
15200625	511145.b1507	2.78	61829540
15199279	511145.b0030	2.78	39337620
15202656	511145.b3727	2.76	23104890
15201978	511145.b2993	2.75	28561300
15201241	511145.b2176	2.75	83562252
15201384	511145.b2325	2.74	11983500
15202447	511145.b3507	2.73	15878040
15200163	511145.b0999	2.72	6271200
15200659	511145.b1544	2.71	26688200
15201284	511145.b2222	2.71	20644900
15201213	511145.b2148	2.7	22108430
15201075	511145.b1993	2.7	13473619
15201205	511145.b2140	2.69	62151690
15202992	511145.b4112	2.67	52015844
15202187	511145.b3222	2.66	29683200
15201335	511145.b2276	2.66	44480000
15202034	511145.b3057	2.66	43465150
15200084	511145.b0919	2.66	44468400
15203201	511145.b4348	2.64	85827739
15201217	511145.b2152	2.62	55551840
15200507	511145.b1375	2.62	26688200
15200703	511145.b1595	2.62	36730550
15201070	511145.b1987	2.59	57078000
15202011	511145.b3032	2.57	39612646
15202948	511145.b4065	2.56	42854200
15201314	511145.b2255	2.56	97330210
15202601	511145.b3666	2.55	18976920
15201804	511145.b2792	2.55	19905900
15202902	511145.b4018	2.55	42510500
15199744	511145.b0546	2.51	27614160
15202617	511145.b3685	2.49	54032680
15200111	511145.b0946	2.47	21917390
15201247	511145.b2182	2.46	11881800
15200556	511145.b1429	2.43	24868200
15202892	511145.b4004	2.41	55061100
15199667	511145.b0459	2.39	24353000
15201145	511145.b2069	2.37	45652459
15202566	511145.b3629	2.37	48143870
15200397	511145.b1254	2.36	16604210
15201372	511145.b2313	2.35	21394100
15200897	511145.b1794	2.35	40969900
15199743	511145.b0545	2.33	12417800
15201891	511145.b2894	2.31	40132800
15202706	511145.b3790	2.28	26613640
15201502	511145.b2457	2.22	15955550
15199519	511145.b0298	2.21	27962980
15201161	511145.b2088	2.21	27962980
15199585	511145.b0373	2.21	27962980
15200188	511145.b1027	2.21	27962980
15199739	511145.b0540	2.21	27962980
15202640	511145.b3711	2.19	28451400
15200902	511145.b1799	2.17	45450910
15201844	511145.b2835	2.17	23243200
15200628	511145.b1512	2.16	36527364
15202611	511145.b3676	2.15	13651200
15199845	511145.b0654	2.13	19751620
15201274	511145.b2212	2.12	36435200
15199335	511145.b0089	2.12	50764668
15201924	511145.b2929	2.11	23399450
15200925	511145.b1822	2.09	35295106
15200131	511145.b0966	2.08	3286100
15201049	511145.b1957	2.06	6337900
15199663	511145.b0454	2.05	13847000
15200196	511145.b1039	2.04	9126800
15201095	511145.b2017	2.04	9409000
15200836	511145.b1733	2.04	34768100
15203178	511145.b4320	2.04	15598570
15200644	511145.b1528	2.04	32256000
15202448	511145.b3508	2.02	11549000
15200737	511145.b1629	2.02	59210920
15201601	511145.b2556	2.02	48587590
15200861	511145.b1758	2.01	9756415
15202162	511145.b3196	2.0	92531000
15199987	511145.b0821	2.0	53404750
15201515	511145.b2470	1.97	56341249
15199330	511145.b0084	1.97	55879860
15201216	511145.b2151	1.97	44924800
15202563	511145.b3626	1.96	36092750
15200966	511145.b1863	1.95	17289540
15201852	511145.b2843	1.94	28231100
15203091	511145.b4216	1.93	19444910
15201323	511145.b2264	1.9	50184630
15202035	511145.b3058	1.9	14527500
15199568	511145.b0352	1.89	26644270
15201207	511145.b2142	1.89	11416000
15203322	511145.b4546	1.88	10088600
15199711	511145.b0507	1.88	29859870
15201331	511145.b2272	1.88	14858700
15201002	511145.b1901	1.87	32560540
15200408	511145.b1266	1.87	12400700
15203156	511145.b4297	1.87	44087212
15199999	511145.b0833	1.85	94101240
15200825	511145.b1722	1.84	11264800
15201206	511145.b2141	1.83	7819200
15202106	511145.b3138	1.82	11679600
15201709	511145.b2690	1.81	14563480
15201953	511145.b2961	1.8	29843110
15199942	511145.b0775	1.79	28802516
15203291	511145.b4485	1.78	41894240
15201020	511145.b1923	1.76	54063827
15199307	511145.b0060	1.75	73115260
15201871	511145.b2872	1.75	23087130
15201468	511145.b2423	1.74	13438500
15201848	511145.b2839	1.74	33313500
15199402	511145.b0158	1.69	32327480
15203108	511145.b4237	1.69	10161000
15202238	511145.b3284	1.68	10200820
15202629	511145.b3700	1.66	22438090
15200616	511145.b1496	1.66	33400222
15201694	511145.b2673	1.65	9603820
15199268	511145.b0019	1.64	21764700
15200767	511145.b1659	1.64	23723670
15200971	511145.b1868	1.63	25964546
15200630	511145.b1514	1.62	18617500
15200378	511145.b1233	1.62	42092400
15203161	511145.b4302	1.62	12844000
15199654	511145.b0445	1.62	93809880
15202711	511145.b3795	1.61	38130260
15201152	511145.b2076	1.6	76238106
15202484	511145.b3546	1.58	45736120
15202417	511145.b3474	1.58	12866910
15201297	511145.b2237	1.57	12276290
15203235	511145.b4385	1.56	25262420
15199566	511145.b0350	1.56	19439200
15202005	511145.b3026	1.56	38914310
15200866	511145.b1763	1.55	62923097
15202733	511145.b3824	1.55	14747100
15202275	511145.b3323	1.54	26457560
15201604	511145.b2559	1.53	15493781
15200803	511145.b1697	1.52	17096100
15203284	511145.b4478	1.52	28843500
15201302	511145.b2243	1.52	38208666
15201008	511145.b1908	1.52	16665083
15199925	511145.b0758	1.51	31245190
15202220	511145.b3258	1.5	21077410
15201319	511145.b2260	1.5	27471120
15200125	511145.b0960	1.5	43424510
15202598	511145.b3663	1.5	13269200
15201656	511145.b2619	1.49	12714525
15202944	511145.b4061	1.48	51454960
15201405	511145.b2349	1.48	29031470
15202655	511145.b3726	1.47	12629900
15201203	511145.b2136	1.46	13065500
15199427	511145.b0184	1.46	105407115
15202310	511145.b3358	1.45	48496090
15199707	511145.b0503	1.44	25114300
15200225	511145.b1069	1.44	33059430
15202921	511145.b4037	1.44	7843200
15199966	511145.b0799	1.41	40075340
15199960	511145.b0793	1.4	29435300
15199391	511145.b0147	1.39	17390500
15200561	511145.b1434	1.37	9932780
15200091	511145.b0926	1.37	14947134
15202919	511145.b4035	1.37	27546390
15199982	511145.b0815	1.35	37612290
15201899	511145.b2902	1.35	15812700
15199931	511145.b0764	1.34	17837500
15202773	511145.b3873	1.33	27733500
15202763	511145.b3862	1.33	22096390
15202305	511145.b3353	1.32	21422470
15200368	511145.b1220	1.31	30592760
15201589	511145.b2544	1.3	13741990
15200849	511145.b1746	1.3	31148010
15202890	511145.b4002	1.29	8416300
15200011	511145.b0845	1.29	15202090
15202679	511145.b3750	1.27	12295000
15200854	511145.b1751	1.27	19211650
15199764	511145.b0570	1.27	40988840
15201684	511145.b2663	1.27	24340330
15203345	511145.b4595	1.26	1606900
15200634	511145.b1518	1.26	6926900
15200636	511145.b1520	1.25	20413410
15201728	511145.b2714	1.25	20545520
15203289	511145.b4483	1.25	16237300
15199831	511145.b0640	1.24	18854030
15199889	511145.b0714	1.24	15587100
15200693	511145.b1585	1.23	11417270
15199871	511145.b0693	1.22	116037000
15201313	511145.b2254	1.22	18344010
15200050	511145.b0885	1.22	20916080
15200950	511145.b1847	1.21	6590880
15203249	511145.b4399	1.2	27121800
15199504	511145.b0281	1.2	28049720
15202470	511145.b3530	1.2	73728340
15203250	511145.b4400	1.19	14413580
15202174	511145.b3208	1.19	14233730
15202234	511145.b3280	1.17	4491770
15203077	511145.b4201	1.17	8497490
15201416	511145.b2364	1.16	19659198
15203224	511145.b4374	1.14	14362400
15202844	511145.b3946	1.14	19977660
15203176	511145.b4318	1.14	6629330
15203099	511145.b4225	1.13	3147300
15201171	511145.b2100	1.13	14511600
15201299	511145.b2240	1.13	20439890
15201310	511145.b2251	1.11	6289800
15201812	511145.b2800	1.1	9869100
15199992	511145.b0826	1.1	17696700
15202778	511145.b3878	1.1	33359140
15201013	511145.b1916	1.09	11362100
15200000	511145.b0834	1.08	23012799
15202488	511145.b3550	1.06	9836500
15201949	511145.b2957	1.05	21302360
15199802	511145.b0608	1.04	21072830
15199875	511145.b0697	1.04	24161210
15201086	511145.b2008	1.03	12664270
15202404	511145.b3461	1.02	16457070
15202519	511145.b3581	1.02	7606260
15199770	511145.b0576	1.01	9727700
15200962	511145.b1859	1.01	5297000
15201001	511145.b1900	0.998	19955412
15202302	511145.b3350	0.991	26348320
15201866	511145.b2867	0.984	16758900
15200646	511145.b1530	0.98	5725800
15201259	511145.b2197	0.977	8048340
15199815	511145.b0622	0.976	7955480
15199494	511145.b0270	0.976	11299110
15200019	511145.b0853	0.97	7720900
15201422	511145.b2370	0.969	60703640
15202485	511145.b3547	0.967	14022370
15200217	511145.b1061	0.949	5109400
15200618	511145.b1498	0.942	19979620
15200321	511145.b1172	0.933	5513500
15201312	511145.b2253	0.93	18555120
15201091	511145.b2013	0.925	9102100
15199311	511145.b0064	0.925	12920800
15200768	511145.b1660	0.923	3923660
15203272	511145.b4466	0.922	69184706
15201868	511145.b2869	0.922	26620697
15200923	511145.b1820	0.914	4840800
15200736	511145.b1628	0.905	9717580
15200180	511145.b1019	0.903	16720590
15199687	511145.b0479	0.895	8616300
15202896	511145.b4012	0.89	6663300
15200354	511145.b1206	0.884	11623340
15201425	511145.b2373	0.881	32095530
15201304	511145.b2245	0.88	5664500
15199717	511145.b0514	0.879	15050200
15202677	511145.b3748	0.85	6158430
15199587	511145.b0376	0.846	22026690
15201914	511145.b2919	0.846	8402100
15200586	511145.b1463	0.832	14141000
15201826	511145.b2817	0.827	15563332
15202755	511145.b3849	0.826	7824900
15202532	511145.b3594	0.82	15061420
15201918	511145.b2923	0.802	6280400
15200709	511145.b1601	0.802	9625600
15202475	511145.b3536	0.798	26961700
15200546	511145.b1418	0.793	5797600
15203005	511145.b4125	0.792	23046610
15203012	511145.b4132	0.782	6492100
15202222	511145.b3260	0.756	13105560
15202559	511145.b3622	0.739	15286630
15200592	511145.b1469	0.731	8665890
15201725	511145.b2711	0.718	12892500
15201197	511145.b2130	0.717	10666590
15199733	511145.b0531	0.715	25921000
15203146	511145.b4287	0.713	11121300
15201276	511145.b2214	0.709	14358370
15199503	511145.b0280	0.708	5847000
15199874	511145.b0696	0.702	4906800
15200728	511145.b1620	0.698	16722500
15200437	511145.b1295	0.674	5058590
15201195	511145.b2128	0.667	3432570
15202057	511145.b3081	0.663	21091600
15201311	511145.b2252	0.66	6788730
15200360	511145.b1212	0.654	10952900
15200647	511145.b1531	0.638	13409000
15200629	511145.b1513	0.637	19848510
15199547	511145.b0330	0.633	18599080
15202674	511145.b3745	0.627	20098300
15200193	511145.b1036	0.62	2977300
15201878	511145.b2879	0.618	9104500
15200645	511145.b1529	0.614	6126298
15200308	511145.b1156	0.613	5233500
15202290	511145.b3338	0.613	29456310
15201113	511145.b2037	0.6	10250627
15202507	511145.b3569	0.596	10573300
15203020	511145.b4141	0.596	4814505
15200490	511145.b1349	0.583	6513070
15200295	511145.b1139	0.577	6419100
15202472	511145.b3532	0.577	23289172
15202946	511145.b4063	0.571	3521000
15200627	511145.b1511	0.558	13517450
15202061	511145.b3085	0.557	6235120
15200837	511145.b1734	0.553	11775890
15202380	511145.b3434	0.546	5359600
15201143	511145.b2067	0.544	31883690
15199636	511145.b0427	0.543	6302860
15203277	511145.b4471	0.541	32162570
15200631	511145.b1515	0.531	2685710
15202996	511145.b4116	0.523	7488140
15201809	511145.b2797	0.509	31385000
15201643	511145.b2604	0.509	7980010
15200025	511145.b0859	0.503	9976450
15200482	511145.b1341	0.497	12757600
15201261	511145.b2199	0.494	6731920
15203179	511145.b4321	0.493	6039100
15199562	511145.b0346	0.492	8844910
15202950	511145.b4067	0.478	9556300
15201658	511145.b2622	0.476	9195120
15200621	511145.b1501	0.473	20445480
15202929	511145.b4046	0.472	4538600
15200567	511145.b1441	0.461	7694242
15200147	511145.b0983	0.46	6831648
15201893	511145.b2896	0.446	1670190
15201653	511145.b2616	0.446	17944810
15202708	511145.b3792	0.444	7750800
15201487	511145.b2442	0.441	10466110
15200071	511145.b0906	0.441	6089100
15201514	511145.b2469	0.44	13339100
15201627	511145.b2582	0.437	3412980
15200012	511145.b0846	0.437	3025240
15200342	511145.b1194	0.432	5427180
15201520	511145.b2475	0.429	6314310
15200611	511145.b1491	0.422	9964960
15201121	511145.b2045	0.422	9457400
15203102	511145.b4230	0.422	4672400
15202551	511145.b3614	0.42	8322290
15201409	511145.b2354	0.416	1962200
15202791	511145.b3891	0.409	7362570
15200642	511145.b1526	0.407	4180800
15201745	511145.b2731	0.406	15690030
15199316	511145.b0069	0.396	14986010
15201977	511145.b2992	0.392	1192100
15202974	511145.b4092	0.39	4599400
15199554	511145.b0338	0.39	6010581
15202192	511145.b3227	0.385	3119700
15199948	511145.b0781	0.384	8379520
15199529	511145.b0311	0.382	8698450
15201386	511145.b2327	0.381	2982000
15199694	511145.b0486	0.381	3082900
15203185	511145.b4327	0.373	6622300
15203173	511145.b4315	0.362	4054200
15199965	511145.b0798	0.361	1534300
15203064	511145.b4188	0.357	896030
15202722	511145.b3811	0.346	5483200
15202094	511145.b3124	0.343	7166640
15201962	511145.b2975	0.335	5341980
15203110	511145.b4239	0.333	8983894
15201753	511145.b2739	0.331	5733250
15202624	511145.b3693	0.331	6029600
15199285	511145.b0036	0.325	6317010
15200804	511145.b1698	0.325	4529270
15199397	511145.b0153	0.317	8085490
15200484	511145.b1343	0.315	6491900
15201705	511145.b2686	0.313	2067350
15202038	511145.b3061	0.308	4953500
15203087	511145.b4212	0.308	2409660
15203199	511145.b4346	0.301	8145480
15199606	511145.b0397	0.295	14572010
15202116	511145.b3148	0.294	1853260
15200761	511145.b1653	0.294	27160090
15201309	511145.b2250	0.288	1425700
15201519	511145.b2474	0.288	11298640
15201046	511145.b1953	0.288	1103200
15203142	511145.b4278	0.281	6644400
15201737	511145.b2723	0.28	4028800
15203290	511145.b4484	0.274	2084700
15200650	511145.b1534	0.272	2460200
15202967	511145.b4084	0.259	2039900
15202203	511145.b3238	0.258	1458900
15203196	511145.b4340	0.254	7644600
15201445	511145.b2394	0.249	15918700
15199776	511145.b0582	0.249	15918700
15199266	511145.b0016	0.249	15918700
15201603	511145.b2558	0.247	8411230
15201726	511145.b2712	0.245	26521000
15199613	511145.b0404	0.242	2674999
15199713	511145.b0509	0.237	4784070
15201573	511145.b2528	0.232	1991100
15201840	511145.b2831	0.23	3211350
15203072	511145.b4196	0.228	3864400
15202090	511145.b3118	0.221	2447920
15203143	511145.b4279	0.22	3312100
15202333	511145.b3383	0.22	2998210
15199452	511145.b0215	0.219	2449100
15202772	511145.b3872	0.217	2650345
15203282	511145.b4476	0.215	3356540
15200989	511145.b1886	0.212	4389310
15203158	511145.b4299	0.209	4459436
15201249	511145.b2184	0.209	3339400
15199642	511145.b0433	0.209	5410092
15201475	511145.b2430	0.206	4171400
15201956	511145.b2964	0.205	2421401
15199401	511145.b0157	0.205	2283700
15203013	511145.b4133	0.203	3797290
15203337	511145.b4572	0.202	3601020
15200983	511145.b1880	0.202	2741500
15203195	511145.b4337	0.202	2541040
15202889	511145.b4001	0.201	1704600
15202683	511145.b3754	0.198	3155560
15200529	511145.b1397	0.196	4609310
15201244	511145.b2179	0.195	2546350
15200813	511145.b1707	0.192	2951100
15200102	511145.b0937	0.191	2731590
15202181	511145.b3215	0.188	1270600
15200564	511145.b1438	0.184	1105200
15202414	511145.b3471	0.184	1340600
15200142	511145.b0978	0.182	2280270
15201850	511145.b2841	0.18	1836700
15201417	511145.b2365	0.177	2021600
15202345	511145.b3395	0.175	2986580
15201268	511145.b2206	0.168	9610590
15201581	511145.b2536	0.168	2660700
15202891	511145.b4003	0.164	2432201
15201054	511145.b1962	0.161	2484699
15201746	511145.b2732	0.159	512610
15200444	511145.b1302	0.156	3747100
15200007	511145.b0841	0.15	1467800
15203122	511145.b4253	0.15	4744604
15202792	511145.b3892	0.149	1369500
15201817	511145.b2805	0.148	1936300
15201879	511145.b2880	0.142	2771060
15200734	511145.b1626	0.141	611810
15199637	511145.b0428	0.14	941490
15202644	511145.b3715	0.135	1417500
15201153	511145.b2077	0.128	1207200
15200358	511145.b1210	0.12	1537884
15203148	511145.b4289	0.12	729920
15202990	511145.b4110	0.119	1675300
15199712	511145.b0508	0.118	2669320
15203189	511145.b4331	0.107	978800
15200145	511145.b0981	0.102	3252250
15203191	511145.b4333	0.102	2113030
15199493	511145.b0269	0.1	2904122
15203163	511145.b4304	0.098	1137900
15202509	511145.b3571	0.096	2722260
15200801	511145.b1695	0.09	1955410
15200656	511145.b1540	0.089	1289100
15203167	511145.b4309	0.087	712737
15202499	511145.b3561	0.086	1797440
15200609	511145.b1489	0.084	2292600
15202989	511145.b4109	0.082	1732230
15201439	511145.b2387	0.081	558030
15200984	511145.b1881	0.079	715140
15202798	511145.b3898	0.078	1808010
15199459	511145.b0224	0.077	1248100
15202212	511145.b3249	0.076	910680
15200651	511145.b1535	0.07	1019800
15201750	511145.b2736	0.069	1143500
15202478	511145.b3539	0.068	921180
15201767	511145.b2753	0.067	849990
15199548	511145.b0331	0.061	976240
15199291	511145.b0042	0.059	1145280
15201980	511145.b2995	0.059	699080
15200913	511145.b1810	0.058	292130
15199524	511145.b0305	0.058	1308940
15202998	511145.b4118	0.057	723200
15200562	511145.b1435	0.056	1489950
15201424	511145.b2372	0.054	761130
15199467	511145.b0234	0.054	366290
15201076	511145.b1994	0.053	8290720
15202913	511145.b4029	0.051	1370098
15200503	511145.b1370	0.051	8290720
15201107	511145.b2030	0.048	8290720
15201967	511145.b2982	0.048	8290720
15202183	511145.b3218	0.048	8290720
15199847	511145.b0656	0.048	8290720
15199485	511145.b0259	0.048	8290720
15199750	511145.b0552	0.048	8290720
15201254	511145.b2192	0.048	8290720
15202445	511145.b3505	0.048	8290720
15200472	511145.b1331	0.048	8290720
15202229	511145.b3267	0.048	152310
15199556	511145.b0340	0.045	354435
15203136	511145.b4267	0.043	897380
15201672	511145.b2636	0.043	401860
15202783	511145.b3883	0.041	546560
15201210	511145.b2145	0.041	169690
15201126	511145.b2050	0.037	734930
15199482	511145.b0253	0.037	484110
15202878	511145.b3990	0.036	505840
15202845	511145.b3947	0.035	6657300
15201435	511145.b2383	0.034	6657300
15201480	511145.b2435	0.033	404580
15201138	511145.b2062	0.033	828570
15201307	511145.b2248	0.031	469820
15202592	511145.b3656	0.028	1386089
15201685	511145.b2664	0.025	346690
15202595	511145.b3660	0.02	230580
15201880	511145.b2881	0.019	1050140
15199315	511145.b0068	0.019	402910
15201590	511145.b2545	0.016	344150
15200879	511145.b1776	0.009	260080
15200439	511145.b1297	0.008	116990
15200099	511145.b0934	0.005	76574
15200269	511145.b1113	0.003	251290
15200526	511145.b1394	0.002	119910
15202513	511145.b3575	0.002	43514
15202713	511145.b3801	0.002	126010
15199526	511145.b0307	0.002	25250
15202986	511145.b4106	0	15614
