#id: 3590095320
#name: E.coli - Whole organism, SC (Pride,prd000485,2012)
#score: 16.04
#weight:  20%
#description: abundance based on Spectral counting, Interaction consistency score: 16.04, Coverage: 55
#organ: WHOLE_ORGANISM
#integrated: false
#coverage: 55
#link: http://www.ebi.ac.uk/pride/
#publication_year: 2012
#filename: 511145-ecoli2_resolutionCombination_PRIDE.txt
#
#internal_id	string_external_id	abundance	raw_spectral_count
15202874	511145.b3986	20479	912
15202450	511145.b3510	16470	135
15201624	511145.b2579	9614	868
15200250	511145.b1094	9304	240
15202267	511145.b3315	8416	338
15200882	511145.b1779	7281	1072
15200382	511145.b1237	7015	418
15202637	511145.b3708	6787	1301
15203116	511145.b4245	6125	1147
15202250	511145.b3298	5998	338
15202259	511145.b3307	5828	93
15201921	511145.b2926	5784	1002
15199264	511145.b0014	5722	1375
15200068	511145.b0903	5615	2281
15202266	511145.b3314	5550	405
15202256	511145.b3304	5485	134
15203114	511145.b4243	5309	185
15199272	511145.b0023	5260	180
15200425	511145.b1283	5152	18
15202291	511145.b3339	5133	2111
15202868	511145.b3980	5133	2111
15202201	511145.b3236	5116	635
15199922	511145.b0755	5058	632
15200926	511145.b1823	4891	286
15202293	511145.b3341	4840	382
15202573	511145.b3636	4680	53
15201020	511145.b1923	4673	1015
15200122	511145.b0957	4624	737
15202042	511145.b3065	4482	81
15200384	511145.b1241	4427	1865
15202826	511145.b3928	4424	167
15202195	511145.b3230	4391	314
15202899	511145.b4015	4344	731
15201791	511145.b2779	4309	703
15202196	511145.b3231	4284	249
15200783	511145.b1677	4273	178
15202151	511145.b3185	4229	145
15202574	511145.b3637	4208	156
15200292	511145.b1136	4203	1053
15202269	511145.b3317	4167	460
15202255	511145.b3303	4016	392
15201645	511145.b2606	4008	237
15199682	511145.b0474	3972	460
15201596	511145.b2551	3933	629
15202264	511145.b3312	3920	98
15200821	511145.b1716	3818	158
15200465	511145.b1324	3791	224
15202257	511145.b3305	3764	386
15201648	511145.b2609	3753	146
15199801	511145.b0607	3623	272
15203078	511145.b4202	3594	130
15199799	511145.b0605	3549	357
15202872	511145.b3984	3528	499
15202246	511145.b3294	3511	177
15199649	511145.b0440	3473	185
15200386	511145.b1243	3463	827
15201166	511145.b2095	3458	494
15202834	511145.b3936	3335	110
15201250	511145.b2185	3325	197
15203021	511145.b4142	3299	164
15202294	511145.b3342	3295	128
15202248	511145.b3296	3202	335
15201085	511145.b2007	3201	144
15202457	511145.b3517	3169	1240
15200613	511145.b1493	3164	1238
15202249	511145.b3297	3115	183
15199979	511145.b0812	3080	316
15201821	511145.b2809	2955	40
15202169	511145.b3203	2934	118
15202261	511145.b3309	2931	162
15203076	511145.b4200	2914	207
15200245	511145.b1089	2901	61
15202133	511145.b3165	2862	85
15202888	511145.b4000	2858	134
15201167	511145.b2096	2843	328
15199412	511145.b0169	2809	351
15203022	511145.b4143	2760	827
15200076	511145.b0911	2735	733
15201460	511145.b2415	2724	90
15202273	511145.b3321	2712	193
15199413	511145.b0170	2688	597
15201106	511145.b2029	2673	607
15199864	511145.b0684	2662	165
15199259	511145.b0008	2649	571
15200077	511145.b0912	2584	108
15203018	511145.b4139	2544	471
15201651	511145.b2614	2530	139
15202292	511145.b3340	2507	881
15202770	511145.b3870	2492	520
15202824	511145.b3926	2481	725
15199920	511145.b0753	2477	38
15202260	511145.b3308	2476	293
15203079	511145.b4203	2432	280
15201220	511145.b2155	2379	800
15200823	511145.b1718	2366	145
15202685	511145.b3764	2362	119
15199903	511145.b0729	2362	368
15201164	511145.b2093	2349	102
15200842	511145.b1739	2343	84
15202253	511145.b3301	2330	212
15201462	511145.b2417	2323	160
15202663	511145.b3734	2311	536
15202871	511145.b3983	2311	161
15202315	511145.b3363	2250	126
15202258	511145.b3306	2246	179
15202740	511145.b3831	2235	176
15202449	511145.b3509	2235	126
15203053	511145.b4177	2226	510
15200118	511145.b0953	2206	75
15200578	511145.b1452	2181	355
15200168	511145.b1004	2180	230
15200450	511145.b1308	2176	81
15201920	511145.b2925	2153	285
15200600	511145.b1480	2142	43
15202546	511145.b3609	2132	105
15202436	511145.b3495	2118	65
15202373	511145.b3426	2116	606
15201909	511145.b2913	2113	281
15201521	511145.b2476	2093	303
15202817	511145.b3919	2084	163
15199908	511145.b0734	2064	70
15202909	511145.b4025	2058	532
15202262	511145.b3310	2052	91
15202272	511145.b3320	2039	242
15201563	511145.b2518	2025	102
15202661	511145.b3732	2007	536
15200430	511145.b1288	1980	236
15199978	511145.b0811	1942	278
15199727	511145.b0525	1938	141
15202873	511145.b3985	1937	191
15200749	511145.b1641	1933	108
15199816	511145.b0623	1933	163
15200093	511145.b0928	1930	435
15201553	511145.b2508	1905	371
15203100	511145.b4226	1899	194
15200989	511145.b1886	1891	668
15199645	511145.b0436	1885	529
15201461	511145.b2416	1843	561
15200818	511145.b1712	1832	113
15200782	511145.b1676	1828	491
15199930	511145.b0763	1818	354
15201368	511145.b2309	1813	216
15199616	511145.b0407	1812	73
15203258	511145.b4411	1803	29
15202446	511145.b3506	1769	143
15201690	511145.b2669	1766	129
15199822	511145.b0631	1760	52
15203251	511145.b4401	1758	172
15199902	511145.b0728	1735	388
15199358	511145.b0114	1730	779
15199415	511145.b0172	1725	129
15201544	511145.b2499	1710	159
15202808	511145.b3908	1707	140
15200984	511145.b1881	1700	179
15201706	511145.b2687	1698	150
15201543	511145.b2498	1686	164
15202301	511145.b3349	1674	73
15202494	511145.b3556	1673	197
15202898	511145.b4014	1669	398
15199409	511145.b0166	1655	209
15201633	511145.b2592	1640	731
15201218	511145.b2153	1639	162
15199901	511145.b0727	1626	230
15202673	511145.b3744	1617	244
15199635	511145.b0426	1616	178
15202074	511145.b3098	1615	65
15202265	511145.b3313	1615	57
15203115	511145.b4244	1615	134
15199359	511145.b0115	1612	584
15200394	511145.b1251	1607	36
15200764	511145.b1656	1598	166
15200248	511145.b1092	1590	99
15201449	511145.b2400	1572	330
15200864	511145.b1761	1564	340
15200912	511145.b1809	1550	59
15202812	511145.b3912	1535	100
15202698	511145.b3781	1533	112
15202585	511145.b3649	1516	72
15202003	511145.b3024	1507	92
15200247	511145.b1091	1505	162
15199421	511145.b0178	1494	120
15199921	511145.b0754	1473	208
15201808	511145.b2796	1471	120
15200054	511145.b0889	1465	117
15202699	511145.b3783	1463	354
15202483	511145.b3544	1460	387
15201382	511145.b2323	1459	144
15200602	511145.b1482	1459	84
15200773	511145.b1667	1448	102
15201686	511145.b2665	1441	148
15199360	511145.b0116	1436	341
15202379	511145.b3433	1432	144
15199907	511145.b0733	1418	248
15200664	511145.b1550	1410	89
15203124	511145.b4255	1407	28
15199759	511145.b0565	1403	273
15201934	511145.b2942	1401	247
15201389	511145.b2330	1397	87
15202364	511145.b3414	1391	97
15199789	511145.b0595	1384	236
15200257	511145.b1101	1382	213
15203226	511145.b4376	1351	132
15201637	511145.b2597	1349	76
15201954	511145.b2962	1335	98
15199934	511145.b0767	1327	85
15201017	511145.b1920	1322	252
15199725	511145.b0523	1318	53
15199624	511145.b0415	1309	71
15202890	511145.b4002	1307	51
15201400	511145.b2343	1302	56
15199378	511145.b0134	1296	86
15201910	511145.b2914	1296	86
15202309	511145.b3357	1296	202
15201928	511145.b2935	1295	375
15202894	511145.b4006	1290	372
15201298	511145.b2239	1284	214
15200657	511145.b1541	1270	71
15199854	511145.b0674	1244	383
15200955	511145.b1852	1235	346
15203048	511145.b4172	1231	75
15200265	511145.b1109	1228	279
15199457	511145.b0222	1226	123
15202666	511145.b3737	1215	24
15199282	511145.b0033	1210	579
15202893	511145.b4005	1208	169
15199440	511145.b0197	1201	146
15202876	511145.b3988	1198	765
15200403	511145.b1260	1195	163
15200095	511145.b0930	1189	250
15199700	511145.b0492	1188	121
15202135	511145.b3167	1182	67
15200072	511145.b0907	1180	212
15203023	511145.b4144	1178	31
15199895	511145.b0720	1176	248
15200710	511145.b1602	1172	96
15201887	511145.b2890	1170	469
15200167	511145.b1003	1168	48
15199468	511145.b0237	1167	252
15202738	511145.b3829	1164	419
15202251	511145.b3299	1159	8
15201654	511145.b2617	1153	25
15199877	511145.b0699	1151	43
15199897	511145.b0722	1149	48
15199681	511145.b0473	1134	409
15200029	511145.b0863	1126	146
15202918	511145.b4034	1122	255
15201056	511145.b1967	1121	106
15200286	511145.b1130	1113	146
15203233	511145.b4383	1110	209
15201459	511145.b2414	1101	167
15202549	511145.b3612	1099	210
15202254	511145.b3302	1092	33
15199553	511145.b0337	1087	159
15202548	511145.b3611	1081	60
15200939	511145.b1836	1080	28
15201356	511145.b2297	1071	312
15201525	511145.b2480	1071	105
15200287	511145.b1131	1069	204
15200846	511145.b1743	1067	75
15200218	511145.b1062	1063	161
15200920	511145.b1817	1060	166
15202299	511145.b3347	1046	127
15199405	511145.b0161	1044	192
15201005	511145.b1905	1043	57
15200119	511145.b0954	1036	92
15202175	511145.b3209	1034	84
15201988	511145.b3006	1028	77
15200762	511145.b1654	1028	54
15200355	511145.b1207	1027	150
15202403	511145.b3460	1027	115
15202353	511145.b3403	1026	257
15200032	511145.b0866	1024	30
15199778	511145.b0584	1024	310
15202988	511145.b4108	1021	51
15201165	511145.b2094	1019	55
15203082	511145.b4207	1019	92
15200363	511145.b1215	1014	124
15202223	511145.b3261	1009	14
15200220	511145.b1064	1001	114
15202288	511145.b3336	996	103
15201325	511145.b2266	994	60
15201509	511145.b2464	987	233
15202334	511145.b3384	986	134
15202271	511145.b3319	985	135
15203234	511145.b4384	984	165
15202359	511145.b3409	982	244
15202814	511145.b3916	969	163
15202928	511145.b4045	967	31
15202152	511145.b3186	959	58
15199646	511145.b0437	957	61
15202497	511145.b3559	956	341
15199899	511145.b0724	954	166
15202875	511145.b3987	949	642
15199898	511145.b0723	943	250
15200249	511145.b1093	942	90
15199800	511145.b0606	941	204
15199896	511145.b0721	940	68
15201713	511145.b2699	928	144
15199915	511145.b0741	927	86
15202934	511145.b4051	926	104
15202451	511145.b3511	919	34
15200985	511145.b1882	914	65
15200049	511145.b0884	913	32
15200953	511145.b1850	910	67
15201902	511145.b2905	905	104
15199593	511145.b0382	900	28
15199772	511145.b0578	899	107
15202853	511145.b3956	899	418
15203009	511145.b4129	894	388
15200164	511145.b1000	889	89
15201355	511145.b2296	883	147
15202214	511145.b3251	880	129
15203208	511145.b4355	879	340
15200612	511145.b1492	877	111
15200957	511145.b1854	875	187
15202547	511145.b3610	873	39
15200952	511145.b1849	871	162
15202198	511145.b3233	870	73
15202132	511145.b3164	868	248
15203231	511145.b4381	861	114
15200934	511145.b1831	858	83
15199981	511145.b0814	855	62
15199602	511145.b0391	853	24
15200991	511145.b1888	849	214
15202137	511145.b3169	848	164
15201987	511145.b3005	837	44
15201353	511145.b2294	837	87
15202085	511145.b3113	831	64
15199281	511145.b0032	829	135
15201236	511145.b2171	829	52
15202665	511145.b3736	827	83
15202660	511145.b3731	827	14
15200508	511145.b1376	825	77
15199414	511145.b0171	821	71
15202263	511145.b3311	819	29
15201602	511145.b2557	817	476
15199341	511145.b0095	811	210
15200404	511145.b1261	811	92
15202556	511145.b3619	795	172
15200367	511145.b1219	793	29
15200323	511145.b1175	792	102
15199362	511145.b0118	789	359
15200415	511145.b1273	789	35
15202827	511145.b3929	785	75
15203304	511145.b4517	783	45
15200058	511145.b0893	782	182
15202680	511145.b3751	778	124
15199860	511145.b0680	778	188
15200369	511145.b1221	776	60
15201559	511145.b2514	767	180
15200969	511145.b1866	760	249
15202268	511145.b3316	756	44
15200279	511145.b1123	756	133
15203254	511145.b4406	755	25
15202662	511145.b3733	754	118
15202759	511145.b3858	749	45
15199659	511145.b0450	748	46
15202147	511145.b3181	747	82
15199428	511145.b0185	744	113
15199370	511145.b0126	741	81
15200326	511145.b1178	737	41
15199788	511145.b0594	736	128
15200205	511145.b1048	734	167
15200110	511145.b0945	729	137
15201917	511145.b2922	728	57
15202632	511145.b3703	724	5
15201570	511145.b2525	722	39
15202247	511145.b3295	721	179
15199900	511145.b0726	719	307
15202840	511145.b3942	716	228
15199923	511145.b0756	715	96
15199275	511145.b0026	715	361
15200223	511145.b1067	712	64
15201895	511145.b2898	710	117
15202158	511145.b3192	710	66
15199437	511145.b0194	708	221
15202671	511145.b3742	698	20
15201279	511145.b2217	695	60
15201703	511145.b2684	692	49
15200322	511145.b1174	692	52
15201575	511145.b2530	685	158
15200843	511145.b1740	685	126
15201561	511145.b2516	684	57
15199389	511145.b0145	682	50
15202142	511145.b3176	679	174
15200004	511145.b0838	675	70
15201523	511145.b2478	675	119
15201552	511145.b2507	668	206
15200745	511145.b1637	665	123
15199790	511145.b0596	661	79
15200474	511145.b1333	658	77
15199255	511145.b0004	657	123
15202217	511145.b3255	657	50
15201115	511145.b2039	655	127
15201558	511145.b2513	654	59
15200154	511145.b0990	653	146
15202642	511145.b3713	647	40
15202940	511145.b4057	647	38
15199349	511145.b0104	646	59
15201993	511145.b3012	646	96
15201930	511145.b2937	644	64
15203241	511145.b4391	643	189
15201156	511145.b2080	643	36
15202218	511145.b3256	642	121
15201291	511145.b2231	637	269
15202044	511145.b3067	636	138
15201792	511145.b2780	635	176
15201568	511145.b2523	633	166
15202014	511145.b3035	631	153
15202836	511145.b3938	629	32
15201626	511145.b2581	628	72
15201103	511145.b2026	628	24
15199833	511145.b0642	623	257
15200750	511145.b1642	623	49
15199885	511145.b0710	619	69
15200418	511145.b1276	618	172
15202658	511145.b3729	617	169
15201522	511145.b2477	616	105
15200131	511145.b0966	615	5
15199509	511145.b0287	614	51
15199631	511145.b0422	612	23
15199660	511145.b0451	610	25
15201510	511145.b2465	606	196
15200381	511145.b1236	606	66
15201700	511145.b2679	605	60
15202144	511145.b3178	604	155
15201566	511145.b2521	601	73
15200251	511145.b1095	598	65
15201900	511145.b2903	595	183
15201905	511145.b2908	593	110
15201118	511145.b2042	592	83
15201168	511145.b2097	592	96
15201068	511145.b1983	590	53
15202252	511145.b3300	588	63
15202554	511145.b3617	587	93
15203039	511145.b4160	587	51
15202843	511145.b3945	584	70
15202194	511145.b3229	577	80
15200921	511145.b1818	571	34
15202753	511145.b3847	570	138
15202664	511145.b3735	568	42
15202859	511145.b3962	568	98
15201888	511145.b2891	566	89
15202771	511145.b3871	564	122
15200446	511145.b1304	564	54
15200820	511145.b1714	563	115
15200572	511145.b1446	560	14
15200377	511145.b1232	558	63
15201375	511145.b2316	556	62
15202146	511145.b3180	555	16
15199407	511145.b0163	552	47
15200810	511145.b1704	547	102
15200770	511145.b1662	542	61
15202537	511145.b3600	541	89
15202439	511145.b3498	540	187
15199916	511145.b0742	535	34
15200240	511145.b1084	535	193
15199914	511145.b0740	534	104
15199403	511145.b0159	532	54
15202539	511145.b3602	523	22
15202491	511145.b3553	520	60
15200922	511145.b1819	516	82
15199420	511145.b0177	514	189
15200867	511145.b1764	514	87
15199424	511145.b0181	511	26
15201574	511145.b2529	510	38
15199846	511145.b0655	507	69
15199253	511145.b0002	507	219
15199671	511145.b0463	505	87
15200030	511145.b0864	503	22
15201897	511145.b2900	503	28
15202498	511145.b3560	503	64
15200655	511145.b1539	503	34
15199780	511145.b0586	501	229
15201079	511145.b2000	500	122
15202136	511145.b3168	499	191
15203051	511145.b4175	497	70
15200259	511145.b1103	496	32
15203026	511145.b4147	495	37
15200226	511145.b1070	495	36
15202336	511145.b3386	492	35
15200130	511145.b0965	492	42
15201300	511145.b2241	490	152
15201890	511145.b2893	489	33
15200097	511145.b0932	487	214
15200721	511145.b1613	486	88
15199369	511145.b0125	486	43
15201919	511145.b2924	485	53
15202376	511145.b3430	482	89
15200553	511145.b1426	482	16
15202129	511145.b3161	481	22
15201117	511145.b2041	479	104
15199787	511145.b0593	479	87
15203127	511145.b4258	477	231
15201836	511145.b2827	476	54
15201636	511145.b2595	475	72
15203129	511145.b4260	474	99
15202086	511145.b3114	474	383
15200990	511145.b1887	473	54
15201569	511145.b2524	470	11
15200031	511145.b0865	469	34
15201016	511145.b1919	469	49
15200712	511145.b1604	466	80
15201621	511145.b2576	463	96
15202391	511145.b3448	462	31
15199972	511145.b0805	460	108
15200264	511145.b1108	460	51
15200743	511145.b1635	458	50
15200883	511145.b1780	456	59
15201577	511145.b2532	455	46
15200334	511145.b1186	454	50
15199455	511145.b0220	453	31
15199542	511145.b0325	453	81
15201943	511145.b2951	453	45
15200759	511145.b1651	452	22
15200769	511145.b1661	447	124
15201711	511145.b2697	447	238
15201185	511145.b2114	446	179
15203094	511145.b4219	446	43
15202628	511145.b3699	443	142
15200819	511145.b1713	442	149
15200351	511145.b1203	441	93
15201898	511145.b2901	440	109
15201009	511145.b1912	439	42
15202407	511145.b3464	438	71
15200711	511145.b1603	437	95
15203292	511145.b4487	437	3
15202124	511145.b3156	437	23
15203296	511145.b4506	435	3
15203055	511145.b4179	432	178
15199648	511145.b0439	431	157
15203104	511145.b4232	428	61
15200545	511145.b1415	426	116
15202536	511145.b3599	426	73
15201025	511145.b1928	425	34
15202351	511145.b3401	425	50
15200967	511145.b1864	424	39
15200746	511145.b1638	422	52
15202178	511145.b3212	419	299
15200932	511145.b1829	418	51
15201215	511145.b2150	415	82
15201008	511145.b1908	415	41
15199863	511145.b0683	412	30
15200863	511145.b1760	412	18
15202358	511145.b3408	412	24
15200190	511145.b1033	410	73
15202492	511145.b3554	410	39
15201931	511145.b2938	406	90
15200037	511145.b0871	406	78
15200399	511145.b1256	406	39
15202785	511145.b3885	406	34
15199868	511145.b0688	406	109
15201508	511145.b2463	405	138
15202355	511145.b3405	404	56
15199302	511145.b0053	404	75
15202243	511145.b3291	403	19
15203331	511145.b4558	402	14
15199546	511145.b0329	400	14
15201359	511145.b2300	397	21
15201294	511145.b2234	397	141
15201295	511145.b2235	394	57
15200557	511145.b1430	394	59
15202942	511145.b4059	394	41
15202415	511145.b3472	394	45
15199647	511145.b0438	391	112
15202829	511145.b3931	389	85
15201614	511145.b2569	389	112
15201098	511145.b2021	388	47
15202308	511145.b3356	387	21
15202870	511145.b3982	386	38
15203016	511145.b4137	384	19
15199377	511145.b0133	380	74
15200082	511145.b0917	380	16
15199644	511145.b0435	379	18
15202553	511145.b3616	379	63
15201096	511145.b2019	377	50
15199620	511145.b0411	377	45
15200988	511145.b1885	377	165
15202167	511145.b3201	376	49
15199967	511145.b0800	375	56
15200017	511145.b0851	374	43
15199411	511145.b0168	373	55
15202045	511145.b3068	373	33
15201104	511145.b2027	373	72
15203121	511145.b4252	372	17
15199859	511145.b0679	370	67
15199924	511145.b0757	369	34
15202627	511145.b3698	369	18
15202375	511145.b3429	365	64
15199344	511145.b0098	365	177
15200671	511145.b1557	365	116
15200284	511145.b1128	364	42
15203050	511145.b4174	361	86
15202657	511145.b3728	359	65
15200949	511145.b1846	359	30
15202032	511145.b3055	357	34
15201112	511145.b2036	357	87
15200227	511145.b1071	356	22
15200069	511145.b0904	355	15
15200784	511145.b1678	355	40
15199949	511145.b0782	355	44
15200654	511145.b1538	353	100
15202065	511145.b3089	351	45
15199976	511145.b0809	349	35
15201369	511145.b2310	349	55
15200766	511145.b1658	348	77
15200731	511145.b1623	348	24
15200005	511145.b0839	347	73
15200824	511145.b1719	346	133
15199850	511145.b0659	346	6
15200409	511145.b1267	345	37
15200512	511145.b1380	344	52
15203243	511145.b4393	344	30
15202123	511145.b3155	343	27
15199365	511145.b0121	343	35
15201609	511145.b2564	342	33
15199398	511145.b0154	340	51
15202298	511145.b3346	339	23
15200421	511145.b1279	338	4
15199423	511145.b0180	336	45
15200720	511145.b1612	332	171
15201973	511145.b2988	332	107
15202314	511145.b3362	330	3
15201697	511145.b2676	329	41
15202626	511145.b3697	328	35
15202991	511145.b4111	327	36
15200208	511145.b1051	324	10
15199439	511145.b0196	323	23
15201992	511145.b3011	323	41
15199926	511145.b0759	323	46
15202858	511145.b3961	320	46
15201443	511145.b2392	320	29
15202401	511145.b3458	318	52
15200727	511145.b1619	317	50
15202008	511145.b3029	317	11
15200886	511145.b1783	316	119
15202761	511145.b3860	316	37
15200283	511145.b1127	314	68
15201755	511145.b2741	314	45
15200895	511145.b1792	313	21
15201463	511145.b2418	313	40
15199650	511145.b0441	312	82
15202406	511145.b3463	308	19
15200791	511145.b1685	306	15
15200166	511145.b1002	304	57
15200053	511145.b0888	300	42
15199728	511145.b0526	300	72
15202441	511145.b3500	299	62
15200828	511145.b1725	299	45
15201234	511145.b2169	299	36
15201613	511145.b2568	297	49
15203033	511145.b4154	297	64
15201301	511145.b2242	295	37
15202768	511145.b3868	295	65
15199993	511145.b0827	294	36
15203328	511145.b4554	294	10
15199968	511145.b0801	293	29
15202937	511145.b4054	289	57
15200808	511145.b1702	289	99
15200092	511145.b0927	288	28
15199643	511145.b0434	287	29
15202357	511145.b3407	281	104
15201557	511145.b2512	280	51
15201949	511145.b2957	277	54
15200599	511145.b1479	277	68
15202725	511145.b3816	275	26
15200062	511145.b0897	275	24
15202141	511145.b3175	275	12
15200868	511145.b1765	274	32
15199971	511145.b0804	274	21
15201066	511145.b1981	273	24
15201476	511145.b2431	273	41
15199823	511145.b0632	271	70
15199394	511145.b0150	270	86
15201371	511145.b2312	269	52
15200885	511145.b1782	269	29
15202007	511145.b3028	268	27
15202745	511145.b3836	268	12
15202233	511145.b3279	268	30
15203032	511145.b4153	267	33
15201379	511145.b2320	265	56
15200722	511145.b1614	265	67
15201208	511145.b2143	264	25
15201649	511145.b2610	262	52
15202020	511145.b3042	261	17
15200960	511145.b1857	260	38
15202095	511145.b3125	260	36
15200056	511145.b0891	260	33
15200417	511145.b1275	259	42
15202694	511145.b3775	258	18
15200414	511145.b1272	257	45
15201027	511145.b1930	257	7
15199786	511145.b0592	257	23
15200754	511145.b1646	254	21
15200881	511145.b1778	253	12
15199886	511145.b0711	250	6
15201963	511145.b2976	250	89
15201321	511145.b2262	250	33
15200544	511145.b1414	250	34
15200406	511145.b1263	247	34
15199331	511145.b0085	246	49
15202029	511145.b3052	246	59
15199325	511145.b0078	245	23
15200126	511145.b0961	244	12
15200036	511145.b0870	241	46
15200387	511145.b1244	241	27
15202766	511145.b3866	241	12
15201039	511145.b1946	239	6
15200419	511145.b1277	239	18
15200342	511145.b1194	237	29
15202179	511145.b3213	237	74
15201984	511145.b3001	237	34
15199858	511145.b0678	236	24
15201894	511145.b2897	236	14
15203317	511145.b4537	235	20
15200179	511145.b1018	234	46
15202482	511145.b3543	231	21
15202216	511145.b3253	229	38
15200235	511145.b1079	229	28
15200558	511145.b1431	228	35
15201299	511145.b2240	228	35
15200852	511145.b1749	228	39
15200395	511145.b1252	228	14
15202630	511145.b3701	228	30
15202990	511145.b4110	228	40
15200788	511145.b1682	228	47
15200075	511145.b0910	226	22
15200357	511145.b1209	225	34
15201345	511145.b2286	224	80
15199679	511145.b0471	223	19
15202367	511145.b3417	223	102
15201940	511145.b2948	222	25
15201892	511145.b2895	222	12
15201951	511145.b2959	222	18
15200073	511145.b0908	221	50
15202947	511145.b4064	221	15
15199828	511145.b0637	221	11
15202577	511145.b3640	221	11
15200280	511145.b1124	221	11
15202750	511145.b3844	221	29
15202825	511145.b3927	221	16
15203089	511145.b4214	221	23
15203056	511145.b4180	220	21
15202580	511145.b3644	220	40
15202239	511145.b3287	219	19
15202747	511145.b3839	218	8
15202046	511145.b3070	217	18
15201349	511145.b2290	217	38
15201248	511145.b2183	216	21
15200026	511145.b0860	214	31
15203002	511145.b4122	213	134
15202383	511145.b3439	213	27
15200407	511145.b1264	213	56
15199337	511145.b0091	212	42
15200347	511145.b1199	211	28
15201802	511145.b2790	211	10
15199328	511145.b0082	210	35
15200999	511145.b1896	210	34
15201184	511145.b2113	209	20
15200830	511145.b1727	209	26
15202693	511145.b3774	209	62
15201699	511145.b2678	208	8
15199277	511145.b0028	208	10
15202697	511145.b3780	208	47
15201110	511145.b2034	208	47
15201178	511145.b2107	206	11
15200475	511145.b1334	203	13
15199851	511145.b0660	203	35
15199640	511145.b0431	203	34
15200428	511145.b1286	202	63
15202764	511145.b3863	201	85
15199592	511145.b0381	201	37
15200786	511145.b1680	199	25
15201099	511145.b2022	198	32
15200067	511145.b0902	198	29
15200015	511145.b0849	196	9
15201989	511145.b3008	196	38
15199867	511145.b0687	195	19
15201358	511145.b2299	195	15
15199334	511145.b0088	195	28
15201346	511145.b2287	195	20
15199641	511145.b0432	194	21
15201542	511145.b2497	194	12
15202338	511145.b3388	194	26
15201421	511145.b2369	192	20
15202715	511145.b3803	191	41
15200192	511145.b1035	191	19
15200744	511145.b1636	191	22
15203107	511145.b4235	191	54
15202654	511145.b3725	190	23
15201038	511145.b1945	189	30
15199985	511145.b0819	189	17
15201292	511145.b2232	188	20
15201974	511145.b2989	188	31
15200935	511145.b1832	186	17
15199603	511145.b0393	186	35
15200542	511145.b1412	185	13
15199303	511145.b0054	185	90
15201939	511145.b2947	185	33
15200048	511145.b0882	185	73
15199304	511145.b0055	184	16
15201440	511145.b2388	181	32
15201343	511145.b2284	180	44
15201707	511145.b2688	180	32
15202340	511145.b3390	178	23
15201342	511145.b2283	178	68
15201685	511145.b2664	178	60
15199842	511145.b0651	177	25
15200352	511145.b1204	176	19
15199731	511145.b0529	176	28
15201101	511145.b2024	175	27
15199632	511145.b0423	174	42
15200790	511145.b1684	173	9
15199265	511145.b0015	172	42
15200416	511145.b1274	172	70
15201247	511145.b2182	171	8
15201907	511145.b2910	171	10
15202653	511145.b3724	171	24
15201388	511145.b2329	170	23
15202765	511145.b3865	170	20
15201378	511145.b2319	170	14
15202905	511145.b4021	169	17
15201618	511145.b2573	169	22
15200372	511145.b1224	168	96
15199710	511145.b0506	168	24
15202139	511145.b3172	168	48
15203041	511145.b4162	167	19
15201516	511145.b2471	167	9
15201901	511145.b2904	167	5
15200046	511145.b0880	166	5
15199363	511145.b0119	165	9
15200335	511145.b1187	164	19
15202742	511145.b3833	164	22
15199832	511145.b0641	164	15
15201657	511145.b2620	162	14
15199662	511145.b0453	162	8
15200970	511145.b1867	162	10
15202434	511145.b3493	161	10
15201647	511145.b2608	161	17
15203232	511145.b4382	161	52
15199693	511145.b0485	160	13
15201979	511145.b2994	159	36
15203014	511145.b4135	159	21
15199347	511145.b0102	159	22
15200215	511145.b1059	158	30
15200333	511145.b1185	158	16
15202887	511145.b3999	158	21
15202118	511145.b3150	158	17
15202542	511145.b3605	158	72
15200822	511145.b1717	157	5
15199618	511145.b0409	157	17
15202839	511145.b3941	156	22
15202820	511145.b3922	155	6
15202684	511145.b3755	155	8
15201807	511145.b2795	154	47
15203105	511145.b4233	154	21
15199939	511145.b0772	154	32
15199340	511145.b0094	154	20
15201578	511145.b2533	154	30
15201431	511145.b2379	154	23
15200917	511145.b1814	154	23
15201683	511145.b2662	153	28
15200137	511145.b0973	153	59
15200258	511145.b1102	152	51
15202335	511145.b3385	151	10
15201141	511145.b2065	151	14
15200701	511145.b1593	151	9
15202689	511145.b3770	150	22
15201338	511145.b2279	150	4
15203017	511145.b4138	150	15
15200471	511145.b1330	150	10
15202924	511145.b4041	149	67
15201693	511145.b2672	149	6
15201760	511145.b2746	149	9
15199597	511145.b0386	149	14
15200089	511145.b0924	149	124
15200979	511145.b1876	148	49
15201714	511145.b2700	148	11
15199628	511145.b0419	147	29
15202544	511145.b3607	147	12
15201638	511145.b2599	146	22
15200083	511145.b0918	146	22
15200389	511145.b1246	145	29
15200121	511145.b0956	144	9
15200398	511145.b1255	144	6
15201630	511145.b2585	144	32
15199977	511145.b0810	143	25
15199623	511145.b0414	143	27
15202584	511145.b3648	142	13
15201344	511145.b2285	142	8
15201142	511145.b2066	141	19
15201682	511145.b2661	141	35
15199625	511145.b0416	141	12
15200964	511145.b1861	141	6
15200816	511145.b1710	140	16
15200405	511145.b1262	140	35
15199257	511145.b0006	140	16
15199730	511145.b0528	140	9
15202821	511145.b3923	139	9
15203049	511145.b4173	138	39
15202413	511145.b3470	138	6
15201756	511145.b2742	138	15
15199940	511145.b0773	138	9
15200951	511145.b1848	137	7
15199887	511145.b0712	137	20
15202240	511145.b3288	137	16
15200373	511145.b1225	136	34
15203245	511145.b4395	136	17
15202149	511145.b3183	135	15
15201032	511145.b1939	135	27
15201560	511145.b2515	135	35
15201100	511145.b2023	134	11
15203299	511145.b4511	134	3
15201252	511145.b2187	134	5
15201037	511145.b1944	133	15
15202822	511145.b3924	133	18
15202384	511145.b3440	132	21
15201019	511145.b1922	132	26
15202013	511145.b3034	132	15
15202854	511145.b3957	131	18
15199692	511145.b0484	131	37
15201340	511145.b2281	130	18
15201362	511145.b2303	130	14
15199332	511145.b0086	130	15
15201350	511145.b2291	129	21
15203106	511145.b4234	129	13
15199675	511145.b0467	127	14
15201906	511145.b2909	127	5
15199443	511145.b0200	127	11
15199633	511145.b0424	127	13
15199278	511145.b0029	126	18
15199442	511145.b0199	126	20
15199492	511145.b0268	125	49
15199254	511145.b0003	125	13
15202221	511145.b3259	125	10
15202702	511145.b3786	125	31
15202746	511145.b3838	124	8
15202117	511145.b3149	124	5
15202723	511145.b3812	124	18
15202659	511145.b3730	124	35
15200128	511145.b0963	122	8
15202138	511145.b3170	121	15
15202453	511145.b3513	121	22
15200447	511145.b1305	120	4
15199689	511145.b0481	120	10
15200239	511145.b1083	120	14
15200088	511145.b0923	119	13
15199677	511145.b0469	119	13
15200787	511145.b1681	118	18
15199572	511145.b0356	118	18
15202068	511145.b3092	118	29
15203246	511145.b4396	118	14
15203225	511145.b4375	117	26
15201087	511145.b2009	117	9
15202869	511145.b3981	117	9
15199697	511145.b0489	117	20
15200191	511145.b1034	116	19
15201200	511145.b2133	116	45
15202048	511145.b3072	116	127
15202339	511145.b3389	116	16
15199856	511145.b0676	116	27
15202161	511145.b3195	115	11
15202596	511145.b3661	115	15
15202199	511145.b3234	114	21
15201094	511145.b2016	114	20
15203083	511145.b4208	114	14
15199853	511145.b0662	114	22
15199857	511145.b0677	113	17
15199782	511145.b0588	113	8
15201116	511145.b2040	113	15
15200388	511145.b1245	112	5
15201251	511145.b2186	112	22
15201089	511145.b2011	112	42
15200282	511145.b1126	111	21
15199928	511145.b0761	111	13
15201911	511145.b2916	111	14
15199834	511145.b0643	111	13
15200163	511145.b0999	111	5
15203110	511145.b4239	110	33
15199473	511145.b0243	109	29
15200423	511145.b1281	108	13
15203031	511145.b4152	108	6
15201545	511145.b2500	108	12
15202576	511145.b3639	107	18
15202791	511145.b3891	107	19
15200390	511145.b1247	107	18
15200348	511145.b1200	106	14
15201097	511145.b2020	106	16
15199617	511145.b0408	106	41
15202047	511145.b3071	106	13
15199661	511145.b0452	106	16
15200835	511145.b1732	105	42
15200692	511145.b1584	105	12
15203081	511145.b4206	105	13
15201598	511145.b2553	105	9
15201373	511145.b2314	105	7
15199821	511145.b0630	104	7
15202467	511145.b3527	104	19
15199444	511145.b0207	102	14
15199779	511145.b0585	102	20
15200288	511145.b1132	102	12
15202102	511145.b3132	102	59
15203186	511145.b4328	102	14
15202145	511145.b3179	102	10
15201444	511145.b2393	102	15
15201062	511145.b1973	101	8
15200412	511145.b1270	101	7
15199819	511145.b0628	99.9	12
15202897	511145.b4013	99.8	14
15200483	511145.b1342	99.8	13
15201102	511145.b2025	99.7	16
15201374	511145.b2315	98.1	14
15203240	511145.b4390	97.8	32
15201458	511145.b2413	96.9	5
15200244	511145.b1088	96.1	9
15201612	511145.b2567	96.1	14
15199583	511145.b0369	95.7	18
15201816	511145.b2804	95.4	4
15201518	511145.b2473	95.3	9
15200792	511145.b1686	95.2	4
15200827	511145.b1724	94.3	4
15202328	511145.b3378	94.1	4
15202190	511145.b3225	94.0	8
15199718	511145.b0515	93.9	8
15200001	511145.b0835	93.6	13
15201384	511145.b2325	93.4	5
15200177	511145.b1014	93.3	46
15201952	511145.b2960	92.8	10
15199320	511145.b0073	92.5	16
15199324	511145.b0077	91.7	27
15201457	511145.b2412	91.7	13
15202865	511145.b3972	91.5	17
15200838	511145.b1735	91.2	11
15200055	511145.b0890	91.1	21
15201689	511145.b2668	90.8	4
15200273	511145.b1117	90.8	8
15202571	511145.b3634	90.3	9
15200219	511145.b1063	90.0	7
15201095	511145.b2017	89.6	4
15202170	511145.b3204	89.5	6
15200132	511145.b0967	89.5	11
15200930	511145.b1827	89.0	19
15202939	511145.b4056	88.9	4
15202908	511145.b4024	88.7	18
15199804	511145.b0611	88.6	9
15202209	511145.b3244	88.5	16
15202831	511145.b3933	88.5	17
15200789	511145.b1683	87.9	24
15202714	511145.b3802	87.7	12
15201806	511145.b2794	87.7	20
15202619	511145.b3687	87.5	7
15202735	511145.b3826	87.4	7
15199400	511145.b0156	87.2	5
15199855	511145.b0675	87.1	11
15200051	511145.b0886	86.6	23
15200206	511145.b1049	86.5	39
15202163	511145.b3197	86.2	10
15201418	511145.b2366	86.1	22
15201696	511145.b2675	86.1	37
15201363	511145.b2304	85.4	13
15199280	511145.b0031	84.8	12
15201611	511145.b2566	84.6	18
15202932	511145.b4049	84.6	12
15200829	511145.b1726	84.3	5
15200365	511145.b1217	83.6	3
15199472	511145.b0242	83.6	17
15202526	511145.b3588	83.5	17
15200327	511145.b1179	83.4	5
15202026	511145.b3049	83.2	3
15202810	511145.b3910	83.2	9
15200851	511145.b1748	82.6	14
15202670	511145.b3741	82.5	16
15200463	511145.b1322	82.5	9
15200353	511145.b1205	82.3	2
15201026	511145.b1929	82.2	12
15201985	511145.b3002	82.2	5
15202885	511145.b3997	82.2	10
15201547	511145.b2502	82.2	31
15200799	511145.b1693	82.0	11
15202241	511145.b3289	82.0	18
15201698	511145.b2677	81.6	9
15201308	511145.b2249	81.5	22
15202115	511145.b3147	81.5	29
15199724	511145.b0522	81.4	14
15201616	511145.b2571	81.3	10
15200811	511145.b1705	80.7	3
15202073	511145.b3097	80.4	10
15202019	511145.b3041	79.7	10
15200232	511145.b1076	79.4	10
15201572	511145.b2527	79.2	6
15200270	511145.b1114	79.0	58
15199911	511145.b0737	78.7	8
15201341	511145.b2282	78.7	11
15201556	511145.b2511	78.1	23
15201407	511145.b2351	77.6	11
15199666	511145.b0458	77.3	4
15199701	511145.b0493	76.7	9
15202430	511145.b3487	76.6	18
15200809	511145.b1703	76.3	12
15201796	511145.b2784	76.3	39
15202510	511145.b3572	75.8	22
15200514	511145.b1382	75.6	3
15199912	511145.b0738	75.6	4
15200289	511145.b1133	75.5	14
15202362	511145.b3412	75.3	7
15200871	511145.b1768	75.2	8
15203144	511145.b4280	75.1	18
15199342	511145.b0096	74.9	10
15201571	511145.b2526	73.9	19
15201811	511145.b2799	73.9	12
15200755	511145.b1647	73.9	14
15200663	511145.b1549	73.8	15
15200243	511145.b1087	73.7	8
15201075	511145.b1993	73.5	5
15203202	511145.b4349	73.5	38
15199530	511145.b0312	72.9	20
15202635	511145.b3706	72.6	19
15201666	511145.b2630	72.5	24
15201471	511145.b2426	72.3	15
15202749	511145.b3843	72.1	18
15199952	511145.b0785	72.0	5
15201277	511145.b2215	71.7	19
15200346	511145.b1198	71.3	13
15201513	511145.b2468	71.1	32
15202794	511145.b3894	71.0	32
15199622	511145.b0413	71.0	6
15201155	511145.b2079	71.0	12
15199913	511145.b0739	70.9	6
15201219	511145.b2154	70.3	14
15201390	511145.b2331	70.2	3
15202705	511145.b3789	70.1	20
15203154	511145.b4295	70.0	13
15201903	511145.b2906	69.6	13
15202063	511145.b3087	68.8	9
15203205	511145.b4352	68.4	11
15200993	511145.b1890	68.0	7
15200910	511145.b1807	67.9	6
15202634	511145.b3705	67.9	12
15202830	511145.b3932	67.3	5
15202350	511145.b3400	66.9	4
15201067	511145.b1982	66.8	10
15203040	511145.b4161	66.8	10
15200826	511145.b1723	66.7	12
15200652	511145.b1536	66.7	4
15201540	511145.b2495	66.2	5
15199364	511145.b0120	66.1	11
15202210	511145.b3247	65.5	17
15199791	511145.b0597	65.4	6
15202718	511145.b3806	65.0	24
15200496	511145.b1356	64.3	2
15202935	511145.b4052	64.3	17
15202078	511145.b3102	63.9	8
15203088	511145.b4213	63.8	22
15200337	511145.b1189	63.6	15
15201233	511145.b2168	63.6	9
15201922	511145.b2927	63.1	8
15202929	511145.b4046	63.0	6
15200339	511145.b1191	62.4	10
15200254	511145.b1098	62.2	7
15202941	511145.b4058	62.2	26
15202372	511145.b3425	62.1	3
15200582	511145.b1457	61.6	10
15201157	511145.b2081	61.5	14
15202512	511145.b3574	61.3	7
15199946	511145.b0779	61.2	20
15199932	511145.b0765	61.1	16
15201946	511145.b2954	60.8	7
15201576	511145.b2531	60.7	4
15201031	511145.b1938	60.7	18
15202168	511145.b3202	60.7	14
15200771	511145.b1663	60.6	6
15200212	511145.b1056	60.4	6
15199432	511145.b0189	60.3	2
15201625	511145.b2580	60.3	10
15201608	511145.b2563	60.2	3
15201199	511145.b2132	60.1	31
15201871	511145.b2872	60.0	14
15199686	511145.b0478	59.9	10
15199422	511145.b0179	59.8	11
15199393	511145.b0149	59.6	26
15202191	511145.b3226	59.5	10
15199346	511145.b0101	58.4	3
15201114	511145.b2038	58.3	8
15200992	511145.b1889	58.1	15
15202164	511145.b3198	58.0	7
15200052	511145.b0887	57.8	13
15202479	511145.b3540	57.8	15
15199353	511145.b0109	57.7	10
15199615	511145.b0406	57.6	11
15199306	511145.b0059	57.6	40
15199338	511145.b0092	57.4	8
15200262	511145.b1106	57.4	17
15199991	511145.b0825	57.3	4
15202867	511145.b3974	57.0	14
15201495	511145.b2450	57.0	6
15200180	511145.b1019	56.9	14
15199803	511145.b0610	56.9	3
15201986	511145.b3003	56.8	7
15201232	511145.b2167	56.4	9
15200113	511145.b0948	56.2	21
15202920	511145.b4036	56.2	14
15202838	511145.b3940	56.1	22
15202440	511145.b3499	56.1	10
15202159	511145.b3193	56.0	5
15201014	511145.b1917	55.9	7
15201562	511145.b2517	55.9	14
15202360	511145.b3410	55.5	1
15202787	511145.b3887	55.5	5
15202926	511145.b4043	55.5	7
15202739	511145.b3830	55.3	5
15201049	511145.b1957	55.1	2
15200007	511145.b0841	55.0	13
15203181	511145.b4323	55.0	16
15201629	511145.b2584	54.9	24
15201635	511145.b2594	54.8	8
15200261	511145.b1105	54.6	4
15200090	511145.b0925	54.4	23
15201632	511145.b2587	53.9	6
15200860	511145.b1757	53.6	11
15202883	511145.b3995	53.5	3
15202938	511145.b4055	53.3	9
15199824	511145.b0633	53.3	5
15200114	511145.b0949	53.2	14
15199827	511145.b0636	53.2	5
15201838	511145.b2829	52.9	17
15200536	511145.b1406	52.9	6
15200963	511145.b1860	52.8	8
15200320	511145.b1171	52.6	4
15201983	511145.b2998	52.6	4
15202545	511145.b3608	52.5	6
15200246	511145.b1090	52.2	14
15201779	511145.b2765	52.0	5
15199756	511145.b0559	51.9	3
15200933	511145.b1830	51.9	18
15202412	511145.b3469	51.6	13
15201810	511145.b2798	51.4	8
15201108	511145.b2032	51.4	13
15202528	511145.b3590	51.4	17
15202143	511145.b3177	51.3	10
15199375	511145.b0131	51.3	2
15200986	511145.b1883	51.3	8
15202862	511145.b3965	51.2	18
15199688	511145.b0480	51.2	19
15200733	511145.b1625	51.1	3
15202863	511145.b3966	50.1	18
15199749	511145.b0551	50.1	5
15202031	511145.b3054	50.0	10
15203220	511145.b4367	49.9	6
15199773	511145.b0579	49.9	5
15203207	511145.b4354	49.2	11
15203228	511145.b4378	49.1	6
15202999	511145.b4119	49.0	11
15199441	511145.b0198	49.0	5
15201284	511145.b2222	48.9	6
15202070	511145.b3094	48.9	4
15202724	511145.b3813	48.8	17
15200176	511145.b1013	48.8	9
15201734	511145.b2720	48.7	6
15202506	511145.b3568	48.5	10
15202952	511145.b4069	48.5	16
15202155	511145.b3189	48.2	9
15201047	511145.b1955	47.8	8
15203203	511145.b4350	47.7	35
15202304	511145.b3352	47.6	18
15202378	511145.b3432	47.4	21
15199387	511145.b0143	47.2	15
15202591	511145.b3655	47.2	12
15200204	511145.b1047	47.1	24
15202186	511145.b3221	46.6	4
15202270	511145.b3318	46.4	3
15200680	511145.b1566	46.4	3
15202035	511145.b3058	46.2	2
15202165	511145.b3199	46.2	5
15200112	511145.b0947	46.1	6
15199395	511145.b0151	45.9	8
15200142	511145.b0978	45.9	8
15203316	511145.b4536	45.8	3
15199487	511145.b0261	45.6	6
15200408	511145.b1266	45.5	4
15203346	511145.b4596	45.1	2
15202737	511145.b3828	45.0	9
15200393	511145.b1250	44.9	5
15203150	511145.b4291	44.9	17
15202720	511145.b3809	44.9	5
15199274	511145.b0025	44.6	6
15202075	511145.b3099	44.2	4
15199685	511145.b0477	44.2	10
15202408	511145.b3465	44.0	15
15200758	511145.b1650	44.0	7
15199986	511145.b0820	43.9	14
15200359	511145.b1211	43.8	7
15199333	511145.b0087	43.8	7
15199470	511145.b0239	43.6	21
15202374	511145.b3428	43.5	17
15201709	511145.b2690	43.2	3
15200950	511145.b1847	43.2	4
15199301	511145.b0052	43.1	6
15200510	511145.b1378	42.9	19
15200698	511145.b1590	42.9	5
15200426	511145.b1284	42.9	7
15200614	511145.b1494	42.7	18
15202244	511145.b3292	42.5	5
15202704	511145.b3788	42.2	21
15203043	511145.b4167	42.1	5
15200748	511145.b1640	42.1	5
15202160	511145.b3194	42.1	4
15199260	511145.b0009	41.9	4
15199680	511145.b0472	41.9	3
15200228	511145.b1072	41.4	8
15203253	511145.b4403	41.1	9
15202860	511145.b3963	41.0	6
15201011	511145.b1914	41.0	6
15203028	511145.b4149	40.9	6
15202166	511145.b3200	40.8	3
15200392	511145.b1249	40.7	13
15201479	511145.b2434	40.6	3
15202800	511145.b3900	40.3	4
15202856	511145.b3959	40.2	4
15202311	511145.b3359	40.0	5
15200383	511145.b1238	39.6	5
15203242	511145.b4392	39.5	15
15199326	511145.b0080	39.4	6
15201646	511145.b2607	39.3	6
15202599	511145.b3664	39.3	5
15200266	511145.b1110	39.0	3
15199843	511145.b0652	38.8	3
15203131	511145.b4262	38.5	5
15200411	511145.b1269	38.4	6
15202919	511145.b4035	38.3	25
15202197	511145.b3232	38.3	7
15201944	511145.b2952	38.3	4
15200202	511145.b1045	38.2	5
15200222	511145.b1066	38.2	6
15201064	511145.b1976	38.1	4
15201335	511145.b2276	37.4	4
15203054	511145.b4178	37.4	2
15202578	511145.b3641	37.3	6
15200260	511145.b1104	37.3	4
15199446	511145.b0209	37.3	5
15200413	511145.b1271	37.3	6
15201639	511145.b2600	37.1	16
15200765	511145.b1657	37.1	3
15202016	511145.b3038	36.8	5
15201818	511145.b2806	36.6	7
15200242	511145.b1086	36.6	9
15201998	511145.b3019	36.6	13
15200084	511145.b0919	36.5	7
15201383	511145.b2324	36.5	39
15202730	511145.b3821	36.4	6
15199849	511145.b0658	36.4	7
15202606	511145.b3671	36.2	9
15203244	511145.b4394	36.0	4
15199268	511145.b0019	36.0	4
15199792	511145.b0598	36.0	5
15200079	511145.b0914	36.0	21
15200574	511145.b1448	35.9	3
15202320	511145.b3368	35.7	5
15202281	511145.b3329	35.5	3
15200636	511145.b1520	35.5	5
15202672	511145.b3743	35.5	4
15200096	511145.b0931	35.4	10
15202392	511145.b3449	35.3	7
15202114	511145.b3146	35.1	5
15203109	511145.b4238	35.0	10
15201830	511145.b2821	34.5	16
15199410	511145.b0167	34.4	23
15199570	511145.b0354	34.4	1
15201372	511145.b2313	34.1	3
15202405	511145.b3462	34.0	7
15202465	511145.b3525	33.8	11
15202193	511145.b3228	33.8	4
15200543	511145.b1413	33.7	38
15199670	511145.b0462	33.5	15
15199417	511145.b0174	33.4	4
15199382	511145.b0138	33.4	4
15199676	511145.b0468	33.2	2
15202719	511145.b3807	33.2	3
15200470	511145.b1329	33.1	11
15201468	511145.b2423	33.1	3
15199528	511145.b0310	33.0	7
15202669	511145.b3740	32.8	5
15199866	511145.b0686	32.8	5
15200256	511145.b1100	32.7	4
15200485	511145.b1344	32.7	6
15200942	511145.b1839	32.4	1
15199629	511145.b0420	32.3	9
15202059	511145.b3083	32.3	4
15200272	511145.b1116	32.3	6
15203086	511145.b4211	32.1	3
15202605	511145.b3670	32.0	2
15200047	511145.b0881	31.9	5
15199941	511145.b0774	31.8	4
15203059	511145.b4183	31.8	7
15200178	511145.b1015	31.7	8
15201997	511145.b3018	31.4	7
15200812	511145.b1706	31.3	9
15203180	511145.b4322	31.2	9
15200275	511145.b1119	31.0	4
15199469	511145.b0238	30.9	4
15203236	511145.b4386	30.7	7
15201968	511145.b2983	30.7	8
15202410	511145.b3467	30.6	2
15200730	511145.b1622	30.5	7
15199781	511145.b0587	30.4	11
15199367	511145.b0123	30.4	4
15200172	511145.b1009	30.4	5
15200464	511145.b1323	30.3	11
15202534	511145.b3597	30.1	10
15199852	511145.b0661	30.1	15
15203138	511145.b4269	30.0	7
15202156	511145.b3190	30.0	1
15202089	511145.b3117	29.8	11
15201500	511145.b2455	29.8	8
15200127	511145.b0962	29.7	9
15201532	511145.b2487	29.7	30
15200890	511145.b1787	29.7	2
15202793	511145.b3893	29.6	13
15202529	511145.b3591	29.6	9
15200422	511145.b1280	29.5	12
15200742	511145.b1634	29.5	3
15202953	511145.b4070	29.4	5
15203111	511145.b4240	29.4	4
15201823	511145.b2811	29.4	3
15203213	511145.b4360	29.4	1
15200145	511145.b0981	29.3	11
15200724	511145.b1616	29.2	22
15202925	511145.b4042	29.2	2
15200575	511145.b1449	29.1	6
15203123	511145.b4254	29.1	8
15202480	511145.b3541	29.0	5
15200618	511145.b1498	28.9	7
15201278	511145.b2216	28.9	11
15202356	511145.b3406	28.8	3
15200944	511145.b1841	28.8	2
15202921	511145.b4037	28.4	2
15200494	511145.b1353	28.4	3
15202976	511145.b4094	28.4	7
15202586	511145.b3650	28.3	11
15199598	511145.b0387	28.3	4
15201597	511145.b2552	28.3	7
15201956	511145.b2964	28.3	3
15202866	511145.b3973	28.1	8
15200466	511145.b1325	28.0	7
15199881	511145.b0706	27.9	13
15201758	511145.b2744	27.8	2
15200238	511145.b1082	27.7	7
15202496	511145.b3558	27.7	19
15199458	511145.b0223	27.6	6
15199330	511145.b0084	27.5	8
15202344	511145.b3394	27.5	3
15203130	511145.b4261	27.5	4
15200203	511145.b1046	27.4	12
15200476	511145.b1335	27.3	2
15200973	511145.b1870	27.0	6
15199653	511145.b0444	26.9	4
15200104	511145.b0939	26.9	6
15201034	511145.b1941	26.8	5
15203257	511145.b4410	26.8	1
15202906	511145.b4022	26.5	4
15203330	511145.b4557	26.5	7
15200549	511145.b1421	26.4	10
15199910	511145.b0736	26.4	3
15202377	511145.b3431	26.2	9
15202153	511145.b3187	26.2	3
15202552	511145.b3615	25.9	4
15201140	511145.b2064	25.9	13
15201691	511145.b2670	25.8	1
15202927	511145.b4044	25.6	8
15199793	511145.b0599	25.5	4
15201255	511145.b2193	25.5	3
15199950	511145.b0783	25.4	3
15200982	511145.b1879	25.3	5
15202429	511145.b3486	25.3	15
15200070	511145.b0905	25.2	5
15200954	511145.b1851	25.0	8
15199355	511145.b0111	24.8	6
15203260	511145.b4415	24.8	1
15200552	511145.b1424	24.8	11
15202550	511145.b3613	24.8	9
15200234	511145.b1078	24.6	2
15201793	511145.b2781	24.4	5
15201302	511145.b2243	24.4	7
15202121	511145.b3153	24.3	1
15202466	511145.b3526	24.2	3
15202722	511145.b3811	24.2	6
15202844	511145.b3946	24.1	4
15201955	511145.b2963	24.0	5
15201546	511145.b2501	24.0	18
15201347	511145.b2288	24.0	1
15201704	511145.b2685	23.9	6
15200974	511145.b1871	23.9	4
15202756	511145.b3850	23.8	3
15199336	511145.b0090	23.8	4
15199368	511145.b0124	23.7	4
15202667	511145.b3738	23.7	2
15201271	511145.b2209	23.7	2
15202707	511145.b3791	23.6	7
15201403	511145.b2346	23.4	4
15201054	511145.b1962	23.1	3
15202703	511145.b3787	22.9	4
15202297	511145.b3345	22.8	1
15199552	511145.b0336	22.8	1
15200340	511145.b1192	22.7	3
15201018	511145.b1921	22.7	8
15202774	511145.b3874	22.6	4
15201109	511145.b2033	22.5	4
15201722	511145.b2708	22.4	8
15201222	511145.b2157	22.4	3
15200695	511145.b1587	22.3	16
15201759	511145.b2745	22.2	7
15202884	511145.b3996	22.2	5
15202242	511145.b3290	22.1	4
15199512	511145.b0290	22.0	6
15202886	511145.b3998	22.0	5
15202784	511145.b3884	21.9	4
15201360	511145.b2301	21.9	3
15202987	511145.b4107	21.8	1
15202176	511145.b3210	21.8	7
15201656	511145.b2619	21.7	3
15200760	511145.b1652	21.6	2
15202397	511145.b3454	21.5	5
15200873	511145.b1770	21.5	6
15202701	511145.b3785	21.5	10
15202748	511145.b3842	21.4	2
15203211	511145.b4358	21.4	8
15199943	511145.b0776	21.3	5
15202960	511145.b4077	21.3	4
15199604	511145.b0394	21.3	34
15200085	511145.b0920	21.2	3
15199300	511145.b0051	21.1	3
15201822	511145.b2810	21.1	5
15200870	511145.b1767	21.1	6
15202769	511145.b3869	21.1	3
15200138	511145.b0974	20.8	4
15199453	511145.b0217	20.7	5
15202567	511145.b3630	20.7	4
15203248	511145.b4398	20.6	3
15199683	511145.b0475	20.5	4
15202588	511145.b3652	20.5	14
15200656	511145.b1540	20.5	2
15200023	511145.b0857	20.5	2
15201517	511145.b2472	20.4	4
15200975	511145.b1872	20.4	15
15200987	511145.b1884	20.2	4
15203198	511145.b4345	20.2	12
15200626	511145.b1508	20.0	1
15202120	511145.b3152	19.9	3
15201966	511145.b2980	19.9	17
15200285	511145.b1129	19.9	8
15202816	511145.b3918	19.8	5
15201849	511145.b2840	19.8	4
15201843	511145.b2834	19.7	3
15203125	511145.b4256	19.7	2
15201466	511145.b2421	19.7	2
15200146	511145.b0982	19.7	3
15199988	511145.b0822	19.7	4
15200595	511145.b1475	19.5	9
15203239	511145.b4389	19.4	6
15200116	511145.b0951	19.4	6
15203227	511145.b4377	19.3	4
15202347	511145.b3397	19.3	2
15203204	511145.b4351	19.3	3
15203122	511145.b4253	19.3	16
15201402	511145.b2345	19.2	4
15202734	511145.b3825	19.2	5
15203268	511145.b4461	19.1	3
15203309	511145.b4526	19.1	1
15199547	511145.b0330	19.1	3
15200133	511145.b0968	19.0	2
15201010	511145.b1913	19.0	11
15200144	511145.b0980	18.9	8
15199527	511145.b0308	18.9	4
15199558	511145.b0342	18.8	2
15199461	511145.b0226	18.6	1
15202587	511145.b3651	18.6	3
15199609	511145.b0400	18.5	6
15202489	511145.b3551	18.4	6
15202337	511145.b3387	18.4	5
15200678	511145.b1564	18.4	1
15199429	511145.b0186	18.3	7
15201650	511145.b2611	18.1	1
15199297	511145.b0048	18.1	1
15203319	511145.b4541	18.0	1
15202484	511145.b3546	18.0	3
15202804	511145.b3904	17.9	7
15202130	511145.b3162	17.9	11
15200524	511145.b1392	17.9	12
15200925	511145.b1822	17.8	2
15201058	511145.b1969	17.8	3
15200136	511145.b0972	17.7	3
15201747	511145.b2733	17.7	6
15199818	511145.b0627	17.7	1
15200576	511145.b1450	17.6	2
15202691	511145.b3772	17.6	6
15200732	511145.b1624	17.4	3
15202923	511145.b4040	17.3	1
15200887	511145.b1784	17.3	6
15200839	511145.b1736	17.3	2
15203285	511145.b4479	17.3	4
15201214	511145.b2149	17.2	8
15203034	511145.b4155	17.1	6
15199501	511145.b0278	17.1	5
15201950	511145.b2958	17.1	4
15200462	511145.b1321	17.1	5
15199431	511145.b0188	17.1	6
15202903	511145.b4019	17.0	10
15200060	511145.b0895	17.0	2
15201804	511145.b2792	17.0	1
15199687	511145.b0479	16.9	2
15199931	511145.b0764	16.9	3
15203047	511145.b4171	16.7	3
15201605	511145.b2560	16.5	2
15200978	511145.b1875	16.5	2
15201481	511145.b2436	16.4	3
15200338	511145.b1190	16.1	4
15199339	511145.b0093	16.1	3
15199318	511145.b0071	16.0	2
15201964	511145.b2977	16.0	1
15201040	511145.b1947	15.9	1
15200592	511145.b1469	15.9	3
15200229	511145.b1073	15.8	9
15201221	511145.b2156	15.8	1
15201761	511145.b2747	15.8	1
15203247	511145.b4397	15.7	1
15199404	511145.b0160	15.6	14
15200650	511145.b1534	15.6	3
15201392	511145.b2333	15.6	1
15201224	511145.b2159	15.5	4
15202563	511145.b3626	15.4	4
15200225	511145.b1069	15.3	6
15201072	511145.b1990	15.3	3
15201264	511145.b2202	15.3	2
15200697	511145.b1589	15.3	2
15202277	511145.b3325	15.3	7
15201789	511145.b2777	15.3	2
15201401	511145.b2344	15.2	3
15202891	511145.b4003	15.2	6
15201978	511145.b2993	15.1	1
15200590	511145.b1467	15.1	10
15199974	511145.b0807	15.1	1
15199449	511145.b0212	15.1	2
15201674	511145.b2642	15.0	11
15200637	511145.b1521	15.0	5
15203063	511145.b4187	15.0	4
15201487	511145.b2442	15.0	6
15199573	511145.b0357	15.0	1
15202792	511145.b3892	15.0	6
15201024	511145.b1927	15.0	4
15202468	511145.b3528	14.9	2
15200715	511145.b1607	14.9	6
15199357	511145.b0113	14.9	1
15203194	511145.b4336	14.9	8
15200615	511145.b1495	14.8	6
15200362	511145.b1214	14.8	32
15201074	511145.b1992	14.7	30
15203277	511145.b4471	14.7	33
15201981	511145.b2996	14.6	3
15199621	511145.b0412	14.6	2
15199695	511145.b0487	14.6	1
15202171	511145.b3205	14.5	4
15200897	511145.b1794	14.5	4
15202386	511145.b3442	14.4	5
15203229	511145.b4379	14.4	6
15199775	511145.b0581	14.3	4
15202215	511145.b3252	14.3	8
15201764	511145.b2750	14.3	10
15201163	511145.b2091	14.3	2
15200316	511145.b1165	14.2	1
15200726	511145.b1618	14.2	4
15201191	511145.b2124	14.1	2
15201855	511145.b2846	14.0	6
15199310	511145.b0063	14.0	5
15201878	511145.b2879	13.9	8
15201567	511145.b2522	13.7	1
15201824	511145.b2812	13.7	2
15200224	511145.b1068	13.7	2
15201050	511145.b1958	13.7	1
15200057	511145.b0892	13.7	3
15200504	511145.b1372	13.6	15
15200666	511145.b1552	13.6	4
15199769	511145.b0575	13.6	38
15201914	511145.b2919	13.6	4
15202033	511145.b3056	13.5	4
15199463	511145.b0228	13.4	1
15202455	511145.b3515	13.4	6
15199435	511145.b0192	13.4	1
15199848	511145.b0657	13.3	4
15200371	511145.b1223	13.3	1
15201212	511145.b2147	13.3	5
15200522	511145.b1390	13.2	3
15203044	511145.b4168	13.1	1
15203221	511145.b4371	13.1	2
15203132	511145.b4263	13.1	4
15202368	511145.b3418	13.1	8
15202076	511145.b3100	13.1	1
15199305	511145.b0058	13.0	4
15202690	511145.b3771	12.9	4
15202188	511145.b3223	12.8	2
15202837	511145.b3939	12.8	3
15201603	511145.b2558	12.8	24
15200059	511145.b0894	12.7	7
15199722	511145.b0520	12.7	3
15200556	511145.b1429	12.6	1
15201715	511145.b2701	12.6	1
15201512	511145.b2467	12.5	2
15200801	511145.b1695	12.5	4
15203024	511145.b4145	12.5	31
15200410	511145.b1268	12.4	4
15202274	511145.b3322	12.4	1
15202631	511145.b3702	12.4	8
15201408	511145.b2352	12.4	3
15200795	511145.b1689	12.4	3
15200583	511145.b1460	12.3	12
15202427	511145.b3484	12.3	12
15202131	511145.b3163	12.2	1
15202857	511145.b3960	12.2	6
15200330	511145.b1182	12.1	4
15200429	511145.b1287	12.1	6
15199657	511145.b0448	12.1	4
15199406	511145.b0162	12.1	3
15201216	511145.b2151	12.0	6
15200672	511145.b1558	11.9	3
15199959	511145.b0792	11.9	3
15202710	511145.b3794	11.9	3
15199451	511145.b0214	11.9	2
15203133	511145.b4264	11.8	2
15200481	511145.b1340	11.8	1
15199554	511145.b0338	11.8	5
15203323	511145.b4547	11.7	2
15199497	511145.b0273	11.7	6
15201139	511145.b2063	11.6	4
15200153	511145.b0989	11.6	3
15199513	511145.b0291	11.6	6
15202711	511145.b3795	11.6	2
15202385	511145.b3441	11.5	2
15202329	511145.b3379	11.5	3
15201128	511145.b2052	11.5	1
15200379	511145.b1234	11.4	2
15199999	511145.b0833	11.4	8
15203185	511145.b4327	11.3	5
15199419	511145.b0176	11.3	7
15201475	511145.b2430	11.3	4
15202030	511145.b3053	11.3	13
15199350	511145.b0106	11.2	1
15201274	511145.b2212	11.2	3
15202103	511145.b3133	11.1	1
15200375	511145.b1227	11.1	2
15199906	511145.b0732	11.0	20
15200101	511145.b0936	11.0	4
15200050	511145.b0885	10.9	1
15199565	511145.b0349	10.9	3
15201290	511145.b2230	10.9	5
15203238	511145.b4388	10.8	3
15201434	511145.b2382	10.8	2
15201659	511145.b2623	10.8	3
15200290	511145.b1134	10.7	1
15201326	511145.b2267	10.7	1
15199699	511145.b0491	10.7	1
15199996	511145.b0830	10.7	3
15203161	511145.b4302	10.7	4
15201874	511145.b2875	10.6	7
15201245	511145.b2180	10.6	10
15203278	511145.b4472	10.6	19
15201712	511145.b2698	10.5	1
15202508	511145.b3570	10.5	5
15202721	511145.b3810	10.5	2
15199813	511145.b0620	10.5	1
15200814	511145.b1708	10.5	1
15200456	511145.b1314	10.5	3
15201790	511145.b2778	10.4	1
15202134	511145.b3166	10.3	1
15202024	511145.b3047	10.3	1
15200633	511145.b1517	10.3	2
15200125	511145.b0960	10.3	6
15202668	511145.b3739	10.2	1
15199945	511145.b0778	10.2	1
15200491	511145.b1350	10.1	2
15203084	511145.b4209	10.1	1
15201280	511145.b2218	10.0	28
15201752	511145.b2738	10.0	3
15199673	511145.b0465	10.0	5
15200502	511145.b1365	9.95	1
15201253	511145.b2188	9.93	3
15201186	511145.b2118	9.91	9
15201839	511145.b2830	9.91	1
15201318	511145.b2259	9.76	1
15201003	511145.b1902	9.72	2
15200045	511145.b0879	9.71	6
15202530	511145.b3592	9.66	11
15202236	511145.b3282	9.65	6
15199571	511145.b0355	9.61	3
15200719	511145.b1611	9.58	3
15199581	511145.b0367	9.58	2
15200364	511145.b1216	9.58	1
15200012	511145.b0846	9.51	1
15199321	511145.b0074	9.5	4
15201370	511145.b2311	9.48	1
15201957	511145.b2965	9.47	8
15201022	511145.b1925	9.42	2
15202213	511145.b3250	9.42	2
15202398	511145.b3455	9.37	2
15202423	511145.b3480	9.35	6
15200253	511145.b1097	9.33	2
15200800	511145.b1694	9.3	3
15200281	511145.b1125	9.26	1
15200728	511145.b1620	9.23	6
15202469	511145.b3529	9.23	6
15201315	511145.b2256	9.2	5
15201640	511145.b2601	9.1	6
15202639	511145.b3710	9.07	1
15200961	511145.b1858	9.07	1
15201565	511145.b2520	9.02	9
15201837	511145.b2828	9.01	2
15201320	511145.b2261	8.93	2
15201365	511145.b2306	8.87	1
15202846	511145.b3949	8.85	1
15200616	511145.b1496	8.77	5
15201757	511145.b2743	8.74	1
15200033	511145.b0867	8.72	1
15202782	511145.b3882	8.7	2
15200785	511145.b1679	8.64	1
15200931	511145.b1828	8.62	2
15200370	511145.b1222	8.6	5
15201309	511145.b2250	8.5	2
15202419	511145.b3476	8.48	2
15201538	511145.b2493	8.46	1
15199514	511145.b0292	8.45	1
15201361	511145.b2302	8.44	1
15199938	511145.b0771	8.42	6
15201237	511145.b2172	8.41	3
15201486	511145.b2441	8.39	3
15200606	511145.b1486	8.35	1
15203275	511145.b4469	8.33	3
15202845	511145.b3947	8.32	7
15202185	511145.b3220	8.22	6
15202679	511145.b3750	8.2	1
15203270	511145.b4464	8.2	2
15200603	511145.b1483	8.19	10
15202963	511145.b4080	8.17	4
15202116	511145.b3148	8.15	3
15201198	511145.b2131	8.14	2
15203058	511145.b4182	8.11	1
15202603	511145.b3668	8.1	1
15202493	511145.b3555	8.09	4
15200588	511145.b1465	8.08	2
15200439	511145.b1297	8.06	3
15201488	511145.b2443	8.04	2
15200297	511145.b1141	8.02	1
15202970	511145.b4087	8.01	10
15202011	511145.b3032	7.99	1
15200461	511145.b1320	7.99	3
15199371	511145.b0127	7.96	4
15200803	511145.b1697	7.93	1
15202366	511145.b3416	7.92	4
15200305	511145.b1153	7.89	11
15203011	511145.b4131	7.86	4
15203287	511145.b4481	7.83	6
15201069	511145.b1985	7.76	5
15200006	511145.b0840	7.71	1
15199742	511145.b0544	7.71	4
15203145	511145.b4284	7.66	5
15199484	511145.b0256	7.66	5
15200535	511145.b1404	7.66	5
15200276	511145.b1120	7.61	1
15200042	511145.b0876	7.6	7
15199445	511145.b0208	7.51	1
15203171	511145.b4313	7.49	3
15203353	511145.b4620	7.48	1
15201767	511145.b2753	7.47	2
15200296	511145.b1140	7.47	2
15200378	511145.b1233	7.43	1
15201503	511145.b2458	7.42	30
15202763	511145.b3862	7.41	1
15202647	511145.b3718	7.4	1
15202644	511145.b3715	7.39	1
15202823	511145.b3925	7.33	2
15202555	511145.b3618	7.31	2
15202211	511145.b3248	7.29	1
15200345	511145.b1197	7.27	2
15200832	511145.b1729	7.23	1
15202454	511145.b3514	7.15	3
15202382	511145.b3438	7.12	2
15199708	511145.b0504	7.12	1
15201814	511145.b2802	7.1	3
15202570	511145.b3633	7.09	2
15201743	511145.b2729	7.07	1
15200837	511145.b1734	7.06	8
15202602	511145.b3667	7.03	2
15202850	511145.b3953	7.01	1
15200956	511145.b1853	6.96	2
15200902	511145.b1799	6.92	1
15201825	511145.b2813	6.92	2
15200919	511145.b1816	6.87	2
15201312	511145.b2253	6.87	2
15200767	511145.b1659	6.83	2
15200158	511145.b0994	6.78	2
15200291	511145.b1135	6.73	7
15201456	511145.b2411	6.72	4
15199871	511145.b0693	6.68	8
15201782	511145.b2768	6.65	1
15200546	511145.b1418	6.64	3
15200525	511145.b1393	6.57	1
15199309	511145.b0062	6.56	3
15202901	511145.b4017	6.49	4
15201464	511145.b2419	6.48	1
15201189	511145.b2121	6.47	2
15201015	511145.b1918	6.44	1
15200793	511145.b1687	6.42	6
15200324	511145.b1176	6.41	1
15200716	511145.b1608	6.38	1
15202041	511145.b3064	6.36	1
15203045	511145.b4169	6.36	1
15202944	511145.b4061	6.34	4
15200509	511145.b1377	6.33	3
15199594	511145.b0383	6.32	2
15200159	511145.b0995	6.31	4
15203096	511145.b4221	6.31	3
15201684	511145.b2663	6.3	1
15201820	511145.b2808	6.26	2
15201170	511145.b2099	6.21	4
15200859	511145.b1756	6.14	2
15199329	511145.b0083	6.13	5
15199313	511145.b0066	6.12	1
15203066	511145.b4190	6.12	1
15202762	511145.b3861	6.1	3
15201769	511145.b2755	6.08	1
15202795	511145.b3895	6.05	5
15200915	511145.b1812	6.05	1
15199335	511145.b0089	6.01	3
15203029	511145.b4150	6.01	1
15199841	511145.b0650	6.0	3
15199875	511145.b0697	5.99	2
15203214	511145.b4361	5.99	1
15202404	511145.b3461	5.99	8
15201891	511145.b2894	5.89	2
15199279	511145.b0030	5.87	11
15202399	511145.b3456	5.87	1
15199456	511145.b0221	5.86	2
15200752	511145.b1644	5.85	1
15201929	511145.b2936	5.85	1
15200718	511145.b1610	5.85	3
15200444	511145.b1302	5.84	2
15200946	511145.b1843	5.84	1
15201273	511145.b2211	5.82	3
15201226	511145.b2161	5.81	3
15201947	511145.b2955	5.8	2
15202285	511145.b3333	5.8	1
15200010	511145.b0844	5.77	1
15201809	511145.b2797	5.74	3
15202043	511145.b3066	5.73	3
15200641	511145.b1525	5.7	2
15203025	511145.b4146	5.65	11
15199962	511145.b0795	5.59	2
15202062	511145.b3086	5.57	1
15203291	511145.b4485	5.56	1
15202226	511145.b3264	5.55	3
15200267	511145.b1111	5.55	1
15200848	511145.b1745	5.51	2
15201788	511145.b2776	5.5	6
15199771	511145.b0577	5.47	1
15201953	511145.b2961	5.46	5
15202504	511145.b3566	5.38	1
15199296	511145.b0047	5.34	2
15201196	511145.b2129	5.32	1
15199764	511145.b0570	5.32	2
15199606	511145.b0397	5.29	5
15201092	511145.b2014	5.28	1
15200511	511145.b1379	5.25	1
15201288	511145.b2226	5.23	3
15202039	511145.b3062	5.23	1
15201225	511145.b2160	5.22	4
15201864	511145.b2865	5.17	1
15199704	511145.b0496	5.14	5
15199878	511145.b0700	5.11	24
15201554	511145.b2509	5.1	6
15202566	511145.b3629	5.1	2
15199383	511145.b0139	5.09	2
15199399	511145.b0155	5.08	1
15201217	511145.b2152	5.08	2
15200000	511145.b0834	5.07	1
15199707	511145.b0503	5.05	1
15202346	511145.b3396	5.02	2
15200263	511145.b1107	4.99	1
15201446	511145.b2395	4.99	3
15200123	511145.b0958	4.98	1
15201831	511145.b2822	4.95	6
15202744	511145.b3835	4.93	2
15199826	511145.b0635	4.92	3
15203008	511145.b4128	4.91	1
15200526	511145.b1394	4.91	1
15199294	511145.b0045	4.9	1
15200763	511145.b1655	4.86	1
15199994	511145.b0828	4.85	1
15200772	511145.b1664	4.85	1
15202458	511145.b3518	4.8	1
15202572	511145.b3635	4.79	1
15201798	511145.b2786	4.78	3
15202675	511145.b3746	4.75	1
15200484	511145.b1343	4.72	2
15200183	511145.b1022	4.72	1
15200356	511145.b1208	4.69	1
15202877	511145.b3989	4.66	2
15200269	511145.b1113	4.65	4
15199562	511145.b0346	4.64	1
15202788	511145.b3888	4.61	1
15200625	511145.b1507	4.59	4
15200591	511145.b1468	4.59	7
15202237	511145.b3283	4.59	1
15203201	511145.b4348	4.58	1
15199992	511145.b0826	4.56	1
15201496	511145.b2451	4.55	2
15200945	511145.b1842	4.54	2
15200098	511145.b0933	4.53	1
15200628	511145.b1512	4.53	1
15200457	511145.b1315	4.52	1
15202978	511145.b4096	4.5	1
15200876	511145.b1773	4.45	1
15202174	511145.b3208	4.44	4
15203142	511145.b4278	4.42	3
15201063	511145.b1974	4.4	3
15202717	511145.b3805	4.39	1
15201912	511145.b2917	4.39	3
15200977	511145.b1874	4.39	1
15202852	511145.b3955	4.37	2
15199948	511145.b0781	4.36	11
15201868	511145.b2869	4.34	9
15201771	511145.b2757	4.33	1
15199964	511145.b0797	4.33	1
15199762	511145.b0568	4.29	5
15201454	511145.b2409	4.28	1
15200109	511145.b0944	4.27	1
15200087	511145.b0922	4.23	2
15200907	511145.b1804	4.23	1
15200936	511145.b1833	4.21	1
15199836	511145.b0645	4.2	5
15199291	511145.b0042	4.2	1
15199474	511145.b0245	4.19	2
15201035	511145.b1942	4.17	1
15200211	511145.b1055	4.14	1
15199374	511145.b0130	4.14	2
15201430	511145.b2378	4.12	1
15200008	511145.b0842	4.07	2
15202426	511145.b3483	3.95	1
15201735	511145.b2721	3.94	8
15201119	511145.b2043	3.9	2
15201489	511145.b2444	3.89	1
15199448	511145.b0211	3.88	1
15200889	511145.b1786	3.88	5
15200478	511145.b1337	3.85	1
15202433	511145.b3492	3.84	1
15202560	511145.b3623	3.79	1
15199481	511145.b0252	3.77	2
15201669	511145.b2633	3.77	2
15200632	511145.b1516	3.76	1
15202330	511145.b3380	3.74	1
15203274	511145.b4468	3.71	1
15200313	511145.b1162	3.7	1
15199533	511145.b0315	3.67	1
15199672	511145.b0464	3.66	2
15202052	511145.b3076	3.65	5
15202878	511145.b3990	3.63	1
15199882	511145.b0707	3.63	1
15201628	511145.b2583	3.63	4
15200293	511145.b1137	3.62	1
15202649	511145.b3720	3.61	2
15203160	511145.b4301	3.6	6
15202583	511145.b3647	3.59	2
15200879	511145.b1776	3.57	1
15200779	511145.b1673	3.56	5
15201875	511145.b2876	3.52	1
15202977	511145.b4095	3.51	1
15202849	511145.b3952	3.51	3
15201845	511145.b2836	3.5	2
15203164	511145.b4305	3.47	1
15201057	511145.b1968	3.45	1
15200500	511145.b1360	3.44	1
15201146	511145.b2070	3.44	2
15200002	511145.b0836	3.41	1
15199873	511145.b0695	3.4	30
15202066	511145.b3090	3.38	2
15201205	511145.b2140	3.33	1
15202622	511145.b3690	3.33	1
15202082	511145.b3106	3.31	1
15201728	511145.b2714	3.31	4
15202505	511145.b3567	3.3	5
15201086	511145.b2008	3.29	2
15200713	511145.b1605	3.28	6
15200274	511145.b1118	3.27	1
15200435	511145.b1293	3.26	2
15200538	511145.b1408	3.26	1
15202561	511145.b3624	3.26	2
15199990	511145.b0824	3.24	1
15199427	511145.b0184	3.23	3
15199733	511145.b0531	3.23	1
15199577	511145.b0363	3.19	3
15200080	511145.b0915	3.15	1
15200537	511145.b1407	3.14	2
15199464	511145.b0231	3.13	1
15199807	511145.b0614	3.12	3
15200100	511145.b0935	3.11	1
15200020	511145.b0854	3.1	1
15199891	511145.b0716	3.1	3
15201122	511145.b2046	3.09	1
15203046	511145.b4170	3.09	2
15201053	511145.b1961	3.06	1
15200577	511145.b1451	3.05	2
15202695	511145.b3778	3.01	1
15202009	511145.b3030	3.0	2
15202105	511145.b3137	2.99	6
15200802	511145.b1696	2.97	1
15201681	511145.b2660	2.96	1
15200445	511145.b1303	2.95	1
15201187	511145.b2119	2.93	1
15199876	511145.b0698	2.92	1
15202396	511145.b3453	2.91	1
15201319	511145.b2260	2.88	1
15201188	511145.b2120	2.86	5
15199557	511145.b0341	2.85	2
15202348	511145.b3398	2.85	1
15202527	511145.b3589	2.84	1
15199506	511145.b0284	2.82	2
15201120	511145.b2044	2.8	1
15202323	511145.b3371	2.76	2
15202162	511145.b3196	2.7	1
15202148	511145.b3182	2.7	1
15201870	511145.b2871	2.68	1
15202200	511145.b3235	2.67	1
15202948	511145.b4065	2.67	4
15199504	511145.b0281	2.66	1
15201470	511145.b2425	2.64	1
15202568	511145.b3631	2.64	1
15202882	511145.b3994	2.63	2
15202848	511145.b3951	2.62	8
15199811	511145.b0618	2.61	1
15202354	511145.b3404	2.61	3
15202892	511145.b4004	2.61	1
15201133	511145.b2057	2.59	1
15203013	511145.b4133	2.57	4
15200807	511145.b1701	2.56	1
15200531	511145.b1399	2.55	3
15201480	511145.b2435	2.53	2
15199532	511145.b0314	2.53	2
15201268	511145.b2206	2.53	1
15202471	511145.b3531	2.44	1
15202310	511145.b3358	2.43	1
15201143	511145.b2067	2.43	2
15199763	511145.b0569	2.43	1
15199678	511145.b0470	2.39	1
15200858	511145.b1755	2.38	1
15202798	511145.b3898	2.38	1
15202811	511145.b3911	2.37	1
15202758	511145.b3857	2.35	1
15199904	511145.b0730	2.33	2
15201799	511145.b2787	2.3	1
15200621	511145.b1501	2.23	1
15200427	511145.b1285	2.22	1
15199982	511145.b0815	2.22	5
15200607	511145.b1487	2.22	8
15200458	511145.b1316	2.21	1
15199715	511145.b0512	2.17	1
15200815	511145.b1709	2.17	2
15201450	511145.b2405	2.16	6
15201653	511145.b2616	2.12	1
15199737	511145.b0535	2.1	2
15202767	511145.b3867	2.1	1
15202081	511145.b3105	2.08	6
15200908	511145.b1805	2.08	2
15201060	511145.b1971	2.07	2
15200551	511145.b1423	2.07	5
15200651	511145.b1535	2.07	2
15201007	511145.b1907	2.03	2
15201877	511145.b2878	2.0	3
15202370	511145.b3422	2.0	1
15201337	511145.b2278	1.99	2
15203000	511145.b4120	1.98	2
15200702	511145.b1594	1.92	4
15201138	511145.b2062	1.91	6
15200513	511145.b1381	1.9	1
15202064	511145.b3088	1.88	1
15199563	511145.b0347	1.88	1
15202803	511145.b3903	1.87	3
15203095	511145.b4220	1.84	1
15203269	511145.b4463	1.82	2
15199495	511145.b0271	1.79	1
15199549	511145.b0333	1.77	2
15201194	511145.b2127	1.77	1
15200043	511145.b0877	1.77	6
15200540	511145.b1410	1.73	1
15201865	511145.b2866	1.73	1
15201594	511145.b2549	1.72	4
15200361	511145.b1213	1.71	2
15202752	511145.b3846	1.65	1
15202101	511145.b3131	1.63	4
15202641	511145.b3712	1.63	2
15200034	511145.b0868	1.63	2
15200157	511145.b0993	1.63	3
15201387	511145.b2328	1.61	1
15201587	511145.b2542	1.58	2
15200642	511145.b1526	1.58	1
15202279	511145.b3327	1.57	2
15201238	511145.b2173	1.56	3
15201884	511145.b2887	1.55	1
15203136	511145.b4267	1.54	2
15200737	511145.b1629	1.51	1
15200518	511145.b1386	1.49	1
15201726	511145.b2712	1.45	2
15200703	511145.b1595	1.43	1
15200025	511145.b0859	1.38	3
15201942	511145.b2950	1.38	1
15202470	511145.b3530	1.37	1
15202678	511145.b3749	1.36	1
15201422	511145.b2370	1.34	1
15202989	511145.b4109	1.32	8
15199872	511145.b0694	1.26	1
15201872	511145.b2873	1.25	3
15202674	511145.b3745	1.16	4
15203015	511145.b4136	1.14	1
15199831	511145.b0640	1.11	3
15202113	511145.b3145	1.07	1
15201435	511145.b2383	1.06	2
15201445	511145.b2394	1.06	1
15199776	511145.b0582	1.06	1
15199266	511145.b0016	1.06	1
15199289	511145.b0040	1.06	1
15202004	511145.b3025	1.06	1
15202056	511145.b3080	1.06	2
15200148	511145.b0984	1.05	3
15202473	511145.b3533	1.02	3
15201548	511145.b2503	1.02	1
15201679	511145.b2647	0.96	1
15201658	511145.b2622	0.911	1
15200480	511145.b1339	0.903	1
15203090	511145.b4215	0.895	2
15202093	511145.b3121	0.895	1
15200003	511145.b0837	0.893	2
15203140	511145.b4273	0.886	1
15199576	511145.b0361	0.886	1
15201077	511145.b1996	0.886	1
15201862	511145.b2860	0.886	1
15200533	511145.b1402	0.886	1
15202023	511145.b3045	0.886	1
15200516	511145.b1384	0.846	2
15201610	511145.b2565	0.759	1
15202104	511145.b3136	0.751	3
15202461	511145.b3521	0.747	2
15202005	511145.b3026	0.746	1
15201048	511145.b1956	0.746	4
15201293	511145.b2233	0.73	1
15200451	511145.b1309	0.729	2
15203093	511145.b4218	0.728	1
15201151	511145.b2075	0.701	1
15201307	511145.b2248	0.698	1
15200358	511145.b1210	0.669	1
15202464	511145.b3524	0.662	2
15201882	511145.b2883	0.636	3
15201519	511145.b2474	0.628	3
15200482	511145.b1341	0.609	2
15202900	511145.b4016	0.604	1
15201661	511145.b2625	0.547	1
15199989	511145.b0823	0.544	4
15202833	511145.b3935	0.542	5
15202326	511145.b3376	0.537	1
15201829	511145.b2820	0.536	6
15202676	511145.b3747	0.527	2
15201866	511145.b2867	0.517	3
15202317	511145.b3365	0.501	1
15201324	511145.b2265	0.492	2
15201873	511145.b2874	0.443	1
15199392	511145.b0148	0.424	3
15200761	511145.b1653	0.404	5
15200105	511145.b0940	0.396	2
15202369	511145.b3421	0.345	3
15203158	511145.b4299	0.312	1
15201745	511145.b2731	0.276	1
15199995	511145.b0829	0.262	2
15201772	511145.b2758	0.25	1
15200185	511145.b1024	0.211	3
15203038	511145.b4159	0.179	2
