#id: 4171884595
#name: E.coli - Whole organism, SC (Gpm,aug,2014)
#score: 17.9
#weight:  10%
#description: abundance based on Spectral counting, Interaction consistency score: 17.9, Coverage: 69
#organ: WHOLE_ORGANISM
#integrated: false
#coverage: 69
#link: http://www.thegpm.org/
#publication_year: 2014
#filename: 511145-GPM_201408.txt
#
#internal_id	string_external_id	abundance	raw_spectral_count
15202874	511145.b3986	15690	34098
15202291	511145.b3339	14298	300124
15202868	511145.b3980	14296	300091
15200882	511145.b1779	11427	68857
15200250	511145.b1094	10896	9753
15203022	511145.b4143	7490	82491
15202259	511145.b3307	7453	3709
15203078	511145.b4202	7290	5955
15199799	511145.b0605	6382	30864
15200122	511145.b0957	6340	47083
15200382	511145.b1237	6289	13364
15202250	511145.b3298	6168	12006
15202042	511145.b3065	6093	2455
15202888	511145.b4000	6076	12392
15202637	511145.b3708	6053	60709
15202248	511145.b3296	5942	20324
15202201	511145.b3236	5873	37578
15201791	511145.b2779	5707	46792
15202293	511145.b3341	5654	17846
15202267	511145.b3315	5441	9688
15201921	511145.b2926	5431	48442
15199272	511145.b0023	5357	5291
15202266	511145.b3314	5263	18371
15200783	511145.b1677	5257	10929
15202269	511145.b3317	5252	21634
15199649	511145.b0440	5141	7522
15202294	511145.b3342	5036	6908
15202255	511145.b3303	4885	20986
15202632	511145.b3703	4850	481
15202261	511145.b3309	4832	9331
15202574	511145.b3637	4786	3373
15200076	511145.b0911	4731	54153
15202808	511145.b3908	4686	12867
15202260	511145.b3308	4624	17199
15200292	511145.b1136	4607	34675
15200926	511145.b1823	4585	10511
15200821	511145.b1716	4552	3339
15199264	511145.b0014	4407	64817
15203079	511145.b4203	4351	15861
15201460	511145.b2415	4284	7154
15202272	511145.b3320	4229	15046
15201645	511145.b2606	4196	7528
15202271	511145.b3319	3996	12026
15201062	511145.b1973	3992	10711
15202256	511145.b3304	3961	3755
15201909	511145.b2913	3947	16732
15202450	511145.b3510	3947	4634
15203021	511145.b4142	3940	9796
15202246	511145.b3294	3889	5519
15202195	511145.b3230	3871	8092
15199922	511145.b0755	3834	19499
15202403	511145.b3460	3834	18424
15202292	511145.b3340	3812	59923
15201648	511145.b2609	3804	5584
15202273	511145.b3321	3780	8993
15201250	511145.b2185	3769	6653
15202133	511145.b3165	3732	3139
15201596	511145.b2551	3722	24204
15202258	511145.b3306	3634	8720
15201459	511145.b2414	3601	25594
15202436	511145.b3495	3593	8992
15202928	511145.b4045	3588	2380
15202257	511145.b3305	3580	14031
15203255	511145.b4407	3516	7542
15199764	511145.b0570	3493	29371
15201920	511145.b2925	3456	24458
15203114	511145.b4243	3429	5533
15202872	511145.b3984	3412	22091
15199979	511145.b0812	3393	15630
15199412	511145.b0169	3392	18048
15202871	511145.b3983	3363	8632
15202254	511145.b3302	3359	2469
15202873	511145.b3985	3311	10982
15201462	511145.b2417	3270	11198
15202265	511145.b3313	3270	6661
15202152	511145.b3186	3268	5462
15202680	511145.b3751	3169	26167
15202899	511145.b4015	3068	31209
15200465	511145.b1324	3061	14158
15202379	511145.b3433	3028	17260
15202817	511145.b3919	2998	10126
15202263	511145.b3311	2950	2532
15200245	511145.b1089	2913	2995
15202264	511145.b3312	2895	4004
15202268	511145.b3316	2890	6105
15199413	511145.b0170	2881	19592
15202249	511145.b3297	2876	7592
15202196	511145.b3231	2873	8185
15202151	511145.b3185	2854	3357
15202253	511145.b3301	2846	8781
15202738	511145.b3829	2817	38738
15202262	511145.b3310	2808	5704
15200425	511145.b1283	2806	1560
15202301	511145.b3349	2802	5898
15199360	511145.b0116	2795	28047
15201085	511145.b2007	2773	3635
15199358	511145.b0114	2764	49374
15203100	511145.b4226	2699	6495
15201277	511145.b2215	2590	26342
15202661	511145.b3732	2478	31803
15199645	511145.b0436	2460	26043
15199981	511145.b0814	2459	9485
15200842	511145.b1739	2441	4393
15200600	511145.b1480	2437	867
15202693	511145.b3774	2434	24143
15202270	511145.b3318	2404	3308
15202573	511145.b3636	2386	1874
15200094	511145.b0929	2380	22481
15199415	511145.b0172	2351	5114
15202404	511145.b3461	2283	14338
15201563	511145.b2518	2258	6649
15201686	511145.b2665	2256	7170
15201624	511145.b2579	2224	6825
15202698	511145.b3781	2220	7309
15202663	511145.b3734	2213	23020
15200384	511145.b1241	2176	44343
15199616	511145.b0407	2175	4257
15200077	511145.b0912	2141	3201
15199259	511145.b0008	2138	19543
15200602	511145.b1482	2130	5076
15199727	511145.b0525	2113	5408
15199902	511145.b0728	2093	21245
15200841	511145.b1738	2047	4427
15199405	511145.b0161	2025	17682
15200749	511145.b1641	2024	7190
15200818	511145.b1712	2024	3493
15200430	511145.b1288	2023	10988
15200613	511145.b1493	2008	46242
15202457	511145.b3517	2007	46252
15199895	511145.b0720	1956	18539
15201167	511145.b2096	1949	7486
15199421	511145.b0178	1913	5121
15203115	511145.b4244	1904	4967
15200068	511145.b0903	1893	36639
15200394	511145.b1251	1889	789
15199903	511145.b0729	1888	14438
15202546	511145.b3609	1877	5070
15202247	511145.b3295	1872	14813
15199846	511145.b0655	1871	13171
15202898	511145.b4014	1871	18285
15201461	511145.b2416	1855	22887
15201106	511145.b2029	1844	20793
15200168	511145.b1004	1825	8078
15203226	511145.b4376	1813	7522
15199359	511145.b0115	1796	28627
15202826	511145.b3928	1791	3156
15200864	511145.b1761	1789	14991
15200823	511145.b1718	1788	5563
15202740	511145.b3831	1783	9534
15203116	511145.b4245	1781	12556
15200960	511145.b1857	1779	10073
15201543	511145.b2498	1776	7784
15200386	511145.b1243	1754	20746
15199816	511145.b0623	1737	3630
15200840	511145.b1737	1714	4132
15199440	511145.b0197	1693	10709
15201215	511145.b2150	1666	14999
15199624	511145.b0415	1638	4679
15202585	511145.b3649	1619	2686
15199682	511145.b0474	1576	7423
15200093	511145.b0928	1574	13340
15200953	511145.b1850	1568	6027
15200782	511145.b1676	1553	16447
15202074	511145.b3098	1537	3033
15203053	511145.b4177	1536	15526
15199901	511145.b0727	1521	10847
15203296	511145.b4506	1509	123
15200912	511145.b1809	1487	1671
15202483	511145.b3544	1475	16008
15201651	511145.b2614	1473	4341
15200248	511145.b1092	1466	7006
15199362	511145.b0118	1466	32148
15202217	511145.b3255	1465	2805
15200545	511145.b1415	1439	18486
15203258	511145.b4411	1432	1964
15202008	511145.b3029	1421	833
15200119	511145.b0954	1402	4136
15199409	511145.b0166	1400	8696
15199759	511145.b0565	1388	11887
15199341	511145.b0095	1376	15641
15202685	511145.b3764	1371	2168
15202003	511145.b3024	1370	1755
15202309	511145.b3357	1361	8166
15200764	511145.b1656	1356	7352
15200578	511145.b1452	1341	8989
15202875	511145.b3987	1336	37462
15202770	511145.b3870	1333	15584
15200072	511145.b0907	1302	10547
15202876	511145.b3988	1302	38031
15202665	511145.b3736	1292	5341
15200249	511145.b1093	1283	6991
15199662	511145.b0453	1271	4220
15199978	511145.b0811	1250	8499
15201633	511145.b2592	1236	24268
15201382	511145.b2323	1223	8003
15201934	511145.b2942	1196	9518
15201928	511145.b2935	1168	14878
15199646	511145.b0437	1163	6145
15202136	511145.b3168	1118	16472
15201553	511145.b2508	1116	11093
15202699	511145.b3783	1110	11149
15201690	511145.b2669	1091	2902
15202132	511145.b3164	1086	15225
15203048	511145.b4172	1086	3166
15201910	511145.b2914	1081	3113
15202870	511145.b3982	1075	4029
15199899	511145.b0724	1072	7236
15202834	511145.b3936	1068	1831
15203251	511145.b4401	1064	5133
15202299	511145.b3347	1059	5726
15201218	511145.b2153	1058	4576
15202449	511145.b3509	1054	3880
15199378	511145.b0134	1053	3932
15199635	511145.b0426	1053	4715
15200762	511145.b1654	1036	2888
15202824	511145.b3926	1033	15456
15203026	511145.b4147	1028	2797
15199407	511145.b0163	1011	2500
15202909	511145.b4025	1009	12933
15202918	511145.b4034	1009	11622
15200664	511145.b1550	1007	1571
15201521	511145.b2476	1005	5935
15201525	511145.b2480	1002	3506
15199457	511145.b0222	990	3921
15199898	511145.b0723	987	15333
15199320	511145.b0073	975	4975
15201325	511145.b2266	972	2425
15200363	511145.b1215	966	5288
15199915	511145.b0741	962	4543
15202491	511145.b3553	960	3962
15203234	511145.b4384	958	6485
15202446	511145.b3506	957	4078
15201706	511145.b2687	953	4489
15200323	511145.b1175	935	4495
15199866	511145.b0686	931	6306
15201017	511145.b1920	922	6430
15200822	511145.b1717	919	662
15200655	511145.b1539	917	3333
15199920	511145.b0753	907	873
15202658	511145.b3729	905	12564
15202556	511145.b3619	898	9109
15199679	511145.b0471	895	2229
15202353	511145.b3403	895	11198
15202194	511145.b3229	894	4720
15199468	511145.b0237	890	8462
15201168	511145.b2097	885	6276
15203124	511145.b4255	871	965
15200220	511145.b1064	870	4563
15203076	511145.b4200	866	2741
15199801	511145.b0607	866	3412
15202662	511145.b3733	863	4937
15199800	511145.b0606	855	9970
15201637	511145.b2597	852	2202
15199681	511145.b0473	842	13549
15199914	511145.b0740	833	7130
15199518	511145.b0296	830	1445
15199900	511145.b0726	828	18013
15200049	511145.b0884	825	1546
15201954	511145.b2962	816	2177
15201056	511145.b1967	804	4674
15201164	511145.b2093	797	1833
15202137	511145.b3169	794	8928
15203082	511145.b4207	792	3468
15199255	511145.b0004	791	8563
15201575	511145.b2530	791	8959
15200058	511145.b0893	791	6825
15202547	511145.b3610	785	1392
15200355	511145.b1207	784	6602
15199822	511145.b0631	783	2043
15202853	511145.b3956	782	15755
15201005	511145.b1905	780	2445
15199772	511145.b0578	773	3746
15202497	511145.b3559	772	12467
15202236	511145.b3282	772	4754
15201509	511145.b2464	766	8665
15200843	511145.b1740	766	4814
15202664	511145.b3735	766	2916
15199437	511145.b0194	763	11215
15200259	511145.b1103	763	2040
15200054	511145.b0889	756	2677
15201887	511145.b2890	756	11891
15200095	511145.b0930	754	7925
15202334	511145.b3384	751	4855
15199428	511145.b0185	750	5659
15201355	511145.b2296	749	6560
15201710	511145.b2696	745	682
15199492	511145.b0268	735	3250
15202044	511145.b3067	733	5350
15200218	511145.b1062	726	4012
15202814	511145.b3916	726	5631
15202199	511145.b3234	726	5781
15202214	511145.b3251	725	4907
15202139	511145.b3172	724	8172
15199321	511145.b0074	724	9027
15200920	511145.b1817	723	5432
15200208	511145.b1051	722	1386
15199265	511145.b0015	719	4720
15202146	511145.b3180	714	894
15201356	511145.b2297	712	10541
15202942	511145.b4059	707	3188
15201020	511145.b1923	705	8851
15199823	511145.b0632	698	7241
15201895	511145.b2898	698	5010
15199302	511145.b0053	694	5177
15199789	511145.b0595	694	4534
15202147	511145.b3181	693	2447
15200381	511145.b1236	693	4173
15201353	511145.b2294	689	2785
15199833	511145.b0642	688	13598
15200743	511145.b1635	688	3261
15202135	511145.b3167	685	1589
15201156	511145.b2080	685	1339
15199921	511145.b0754	684	5844
15201552	511145.b2507	683	8888
15200969	511145.b1866	683	9765
15201165	511145.b2094	681	2467
15200957	511145.b1854	677	7319
15203018	511145.b4139	674	6739
15200053	511145.b0888	674	4149
15201096	511145.b2019	671	3512
15200287	511145.b1131	670	5346
15201166	511145.b2095	669	6210
15202336	511145.b3386	666	2591
15202840	511145.b3942	658	10165
15203233	511145.b4383	656	7637
15199648	511145.b0439	654	11352
15199546	511145.b0329	654	1523
15200322	511145.b1174	651	1760
15199282	511145.b0033	651	13791
15200934	511145.b1831	648	2589
15202619	511145.b3687	648	1485
15202771	511145.b3871	645	6293
15202660	511145.b3731	642	1370
15201369	511145.b2310	642	4975
15200712	511145.b1604	641	4669
15201508	511145.b2463	640	11042
15200824	511145.b1719	639	7975
15200029	511145.b0863	635	3567
15202894	511145.b4006	626	8422
15199253	511145.b0002	626	13231
15201576	511145.b2531	619	1844
15203231	511145.b4381	613	4028
15201711	511145.b2697	610	13327
15200403	511145.b1260	609	4254
15201821	511145.b2809	608	664
15200553	511145.b1426	606	159
15201279	511145.b2217	604	2516
15200062	511145.b0897	604	2741
15202549	511145.b3612	604	6991
15200097	511145.b0932	603	11429
15202759	511145.b3858	601	1055
15200167	511145.b1003	600	1265
15202952	511145.b4069	598	8426
15202401	511145.b3458	598	4719
15201118	511145.b2042	593	4487
15202198	511145.b3233	593	2388
15199934	511145.b0767	590	3195
15202014	511145.b3035	586	7339
15200508	511145.b1376	585	2333
15199677	511145.b0469	584	2946
15199864	511145.b0684	578	2382
15199281	511145.b0032	574	4823
15202494	511145.b3556	574	1410
15199423	511145.b0180	573	2760
15199725	511145.b0523	573	1507
15201368	511145.b2309	573	3954
15200404	511145.b1261	573	3997
15202251	511145.b3299	572	59
15202288	511145.b3336	571	3010
15201917	511145.b2922	570	2259
15201389	511145.b2330	570	1669
15200279	511145.b1123	569	4433
15202829	511145.b3931	564	5700
15199949	511145.b0782	562	2794
15203241	511145.b4391	559	8391
15199778	511145.b0584	559	8353
15200745	511145.b1637	555	5456
15201523	511145.b2478	554	3013
15200727	511145.b1619	553	3276
15201574	511145.b2529	551	2147
15199469	511145.b0238	548	1462
15203009	511145.b4129	548	9936
15202439	511145.b3498	548	8535
15201098	511145.b2021	544	3039
15199349	511145.b0104	544	2650
15202175	511145.b3209	542	2417
15202169	511145.b3203	538	961
15202642	511145.b3713	537	1332
15200351	511145.b1203	537	4833
15201522	511145.b2477	536	4042
15202179	511145.b3213	534	6031
15201449	511145.b2400	532	5957
15200819	511145.b1713	531	8725
15201951	511145.b2959	529	1855
15199700	511145.b0492	529	3099
15201900	511145.b2903	527	10550
15201208	511145.b2143	526	3445
15202364	511145.b3414	525	2591
15202373	511145.b3426	522	6252
15200240	511145.b1084	522	9015
15199370	511145.b0126	518	2391
15200512	511145.b1380	518	2818
15200474	511145.b1333	518	3354
15200808	511145.b1702	517	7789
15203023	511145.b4144	516	1249
15199561	511145.b0345	515	3797
15199643	511145.b0434	512	1968
15200118	511145.b0953	511	429
15201540	511145.b2495	511	851
15203127	511145.b4258	509	10888
15199985	511145.b0819	506	2615
15200257	511145.b1101	506	3820
15201097	511145.b2020	503	2669
15199318	511145.b0071	503	2476
15201568	511145.b2523	502	4890
15199389	511145.b0145	501	1814
15202630	511145.b3701	500	3707
15202548	511145.b3611	499	1805
15199602	511145.b0391	499	501
15203304	511145.b4517	498	920
15202144	511145.b3178	496	7534
15200710	511145.b1602	495	3131
15200166	511145.b1002	495	5239
15199275	511145.b0026	495	11827
15199860	511145.b0680	494	5333
15200251	511145.b1095	493	4396
15200367	511145.b1219	493	1199
15202218	511145.b3256	488	5236
15199377	511145.b0133	485	3398
15201185	511145.b2114	485	8352
15203051	511145.b4175	484	2885
15199424	511145.b0181	484	1247
15201713	511145.b2699	484	4291
15200418	511145.b1276	483	8411
15199868	511145.b0688	482	6263
15199885	511145.b0710	481	3131
15200223	511145.b1067	476	2112
15203050	511145.b4174	475	3968
15202761	511145.b3860	473	2099
15202223	511145.b3261	471	665
15202689	511145.b3770	469	3008
15201792	511145.b2780	469	5428
15200711	511145.b1603	468	4575
15201375	511145.b2316	468	2757
15200820	511145.b1714	467	4171
15200773	511145.b1667	466	1736
15201291	511145.b2231	462	8539
15200286	511145.b1130	461	2962
15200004	511145.b0838	461	2203
15202355	511145.b3405	457	2607
15200005	511145.b0839	456	4566
15199398	511145.b0154	456	3964
15200883	511145.b1780	456	3626
15202812	511145.b3912	455	1638
15200446	511145.b1304	450	1707
15199647	511145.b0438	447	4943
15202934	511145.b4051	447	2860
15201470	511145.b2425	445	4010
15199641	511145.b0432	442	3297
15202142	511145.b3176	441	5001
15201888	511145.b2891	441	3394
15199319	511145.b0072	439	3393
15200572	511145.b1446	438	329
15202158	511145.b3192	438	1937
15199671	511145.b0463	437	3503
15200179	511145.b1018	435	3556
15202311	511145.b3359	435	3472
15200326	511145.b1178	435	1413
15201236	511145.b2171	434	1098
15199455	511145.b0220	433	1914
15200790	511145.b1684	431	931
15200955	511145.b1852	431	5181
15200868	511145.b1765	431	2372
15202671	511145.b3742	427	708
15200247	511145.b1091	427	3200
15200026	511145.b0860	424	2974
15199968	511145.b0801	423	3181
15200205	511145.b1048	422	4674
15201559	511145.b2514	420	4576
15203106	511145.b4234	418	903
15199254	511145.b0003	416	1169
15200720	511145.b1612	416	9262
15199788	511145.b0594	415	3331
15201112	511145.b2036	414	3178
15201993	511145.b3012	413	2341
15203055	511145.b4179	412	6825
15199344	511145.b0098	412	9485
15200031	511145.b0865	411	1879
15202138	511145.b3170	407	1014
15199650	511145.b0441	405	5237
15201115	511145.b2039	404	3107
15201099	511145.b2022	400	2616
15199780	511145.b0586	398	9962
15200130	511145.b0965	398	1657
15201557	511145.b2512	396	3285
15202908	511145.b4024	395	3917
15201901	511145.b2904	395	638
15202577	511145.b3640	392	1042
15200599	511145.b1479	392	5187
15201510	511145.b2465	391	6060
15202618	511145.b3686	391	825
15202920	511145.b4036	389	4609
15199411	511145.b0168	388	2524
15202836	511145.b3938	387	764
15199593	511145.b0382	386	589
15199420	511145.b0177	384	8046
15202921	511145.b4037	384	1143
15203129	511145.b4260	383	3642
15201602	511145.b2557	383	11622
15199787	511145.b0593	382	3208
15202753	511145.b3847	381	4274
15200128	511145.b0963	380	950
15202606	511145.b3671	379	4236
15199553	511145.b0337	378	2662
15200558	511145.b1431	377	2181
15200867	511145.b1764	375	2841
15201598	511145.b2553	374	1034
15199280	511145.b0031	373	2539
15202376	511145.b3430	371	3604
15202315	511145.b3363	369	1472
15201518	511145.b2473	367	1237
15200722	511145.b1614	366	5297
15200399	511145.b1256	365	1791
15200770	511145.b1662	364	1598
15201626	511145.b2581	364	2122
15201703	511145.b2684	364	1029
15201220	511145.b2155	363	6422
15199834	511145.b0643	363	1467
15201321	511145.b2262	362	1830
15200377	511145.b1232	361	1889
15202830	511145.b3932	361	1167
15201992	511145.b3011	360	2674
15202937	511145.b4054	360	3360
15200415	511145.b1273	360	694
15199907	511145.b0733	360	3555
15202415	511145.b3472	359	2035
15201025	511145.b1928	359	1538
15199916	511145.b0742	358	1806
15202745	511145.b3836	358	702
15200369	511145.b1221	358	1173
15199620	511145.b0411	358	3494
15199560	511145.b0344	356	10456
15202554	511145.b3617	356	3203
15202628	511145.b3699	355	6085
15199863	511145.b0683	355	1619
15200750	511145.b1642	353	1246
15201342	511145.b2283	353	6694
15200826	511145.b1723	351	2659
15200721	511145.b1613	350	3533
15201683	511145.b2662	349	4311
15202857	511145.b3960	349	3709
15199851	511145.b0660	349	3064
15200967	511145.b1864	347	1814
15202821	511145.b3923	347	1062
15199414	511145.b0171	346	1835
15201400	511145.b2343	344	1024
15200089	511145.b0924	343	10034
15199790	511145.b0596	343	1949
15202839	511145.b3941	343	2760
15202837	511145.b3939	342	2324
15202156	511145.b3190	342	324
15203123	511145.b4254	341	3839
15201544	511145.b2499	341	2173
15202827	511145.b3929	339	1591
15201963	511145.b2976	339	5663
15202407	511145.b3464	337	3041
15202340	511145.b3390	337	1659
15199728	511145.b0526	337	2805
15201636	511145.b2595	336	2415
15202893	511145.b4005	335	2937
15201570	511145.b2525	335	873
15201682	511145.b2661	334	3725
15202498	511145.b3560	332	2320
15201294	511145.b2234	331	5994
15203121	511145.b4252	330	1073
15200542	511145.b1412	330	1547
15200654	511145.b1538	329	4703
15201649	511145.b2610	329	2587
15201974	511145.b2989	328	2196
15201902	511145.b2905	327	2696
15201939	511145.b2947	326	2647
15202859	511145.b3962	324	3710
15200388	511145.b1245	321	557
15202739	511145.b3830	321	1449
15201170	511145.b2099	320	1866
15199854	511145.b0674	320	4178
15199644	511145.b0435	320	920
15200264	511145.b1108	319	1650
15202856	511145.b3959	319	1694
15201314	511145.b2255	317	5032
15201100	511145.b2023	317	1422
15201561	511145.b2516	317	1652
15202441	511145.b3500	316	3099
15201104	511145.b2027	315	2324
15202657	511145.b3728	315	2591
15200337	511145.b1189	313	3330
15201566	511145.b2521	313	2182
15203039	511145.b4160	312	1662
15202118	511145.b3150	308	1692
15203328	511145.b4554	308	515
15199542	511145.b0325	307	2770
15200885	511145.b1782	307	2453
15200846	511145.b1743	306	764
15200851	511145.b1748	305	2959
15200979	511145.b1876	305	4634
15201117	511145.b2041	305	2905
15201777	511145.b2763	305	3977
15199702	511145.b0494	304	2281
15203331	511145.b4558	302	458
15202681	511145.b3752	301	1755
15202694	511145.b3775	300	649
15201345	511145.b2286	300	5407
15200164	511145.b1000	299	1452
15202216	511145.b3253	298	2788
15199625	511145.b0416	297	901
15199597	511145.b0386	295	1599
15200985	511145.b1882	295	1047
15201778	511145.b2764	295	3250
15202492	511145.b3554	294	1518
15203225	511145.b4375	292	3183
15201765	511145.b2751	292	3018
15199952	511145.b0785	292	873
15201766	511145.b2752	292	1739
15201930	511145.b2937	291	1927
15201578	511145.b2533	291	2056
15201362	511145.b2303	290	1024
15199858	511145.b0678	289	1833
15200816	511145.b1710	289	1703
15202766	511145.b3866	289	821
15202351	511145.b3401	288	2134
15203014	511145.b4135	288	1219
15201343	511145.b2284	288	3445
15202526	511145.b3588	287	3110
15200428	511145.b1286	284	4266
15201558	511145.b2513	283	1348
15200886	511145.b1783	281	4209
15201931	511145.b2938	281	3780
15200340	511145.b1192	281	2397
15202298	511145.b3346	280	742
15199403	511145.b0159	279	1906
15203066	511145.b4190	278	2337
15202988	511145.b4108	278	617
15200261	511145.b1105	276	1215
15199923	511145.b0756	275	2208
15201614	511145.b2569	275	3613
15201851	511145.b2842	273	1635
15202605	511145.b3670	273	932
15201067	511145.b1982	272	1936
15199824	511145.b0633	271	1025
15203101	511145.b4227	271	1751
15203094	511145.b4219	271	1515
15202580	511145.b3644	270	1534
15203104	511145.b4232	269	2040
15202007	511145.b3028	269	1264
15200409	511145.b1267	269	1210
15201219	511145.b2154	269	1485
15200423	511145.b1281	268	1178
15203232	511145.b4382	268	3168
15202673	511145.b3744	268	2013
15201905	511145.b2908	265	2814
15199976	511145.b0809	265	1417
15202634	511145.b3705	265	2715
15202843	511145.b3945	264	1738
15201295	511145.b2235	264	2268
15199297	511145.b0048	263	716
15199819	511145.b0628	262	1721
15199400	511145.b0156	262	822
15201358	511145.b2299	262	804
15200952	511145.b1849	262	2638
15202697	511145.b3780	261	2757
15199325	511145.b0078	261	883
15201609	511145.b2564	260	1731
15203107	511145.b4235	259	3557
15201639	511145.b2600	259	2316
15202130	511145.b3162	259	3806
15201016	511145.b1919	259	1695
15200835	511145.b1732	258	4517
15201987	511145.b3005	258	423
15201890	511145.b2893	257	1166
15202124	511145.b3156	257	732
15201101	511145.b2024	257	1421
15202466	511145.b3526	257	1350
15202764	511145.b3863	256	5165
15201116	511145.b2040	256	1074
15201897	511145.b2900	256	764
15200731	511145.b1623	256	1448
15201232	511145.b2167	254	2184
15201964	511145.b2977	254	526
15201907	511145.b2910	254	755
15202490	511145.b3552	254	1278
15200283	511145.b1127	254	2428
15201946	511145.b2954	254	688
15200930	511145.b1827	253	1811
15201638	511145.b2599	253	1672
15200933	511145.b1830	253	3471
15200719	511145.b1611	253	2338
15201756	511145.b2742	252	1191
15199925	511145.b0758	252	2290
15202940	511145.b4057	251	722
15200939	511145.b1836	251	483
15201340	511145.b2281	250	983
15201989	511145.b3008	250	2084
15201248	511145.b2183	250	1218
15201556	511145.b2511	249	2157
15201102	511145.b2025	249	1888
15201298	511145.b2239	249	2754
15199365	511145.b0121	248	1690
15201103	511145.b2026	247	688
15199967	511145.b0800	244	2116
15200881	511145.b1778	243	907
15201657	511145.b2620	243	768
15202537	511145.b3600	243	2048
15200082	511145.b0917	243	262
15201068	511145.b1983	242	945
15201094	511145.b2016	241	1425
15200657	511145.b1541	241	423
15202553	511145.b3616	241	1740
15200746	511145.b1638	240	1160
15199731	511145.b0529	240	1261
15202029	511145.b3052	240	2870
15201560	511145.b2515	238	2101
15203299	511145.b4511	238	333
15199951	511145.b0784	237	363
15201233	511145.b2168	236	1332
15201401	511145.b2344	234	2192
15199375	511145.b0131	234	482
15199369	511145.b0125	233	1008
15200192	511145.b1035	232	1015
15202020	511145.b3042	232	359
15199867	511145.b0687	232	1304
15199945	511145.b0778	231	736
15199926	511145.b0759	231	1935
15202338	511145.b3388	231	1697
15203254	511145.b4406	230	470
15200020	511145.b0854	230	2112
15199340	511145.b0094	228	1855
15202742	511145.b3833	228	1496
15201079	511145.b2000	227	5077
15202855	511145.b3958	227	1353
15202897	511145.b4013	227	1734
15199364	511145.b0120	226	1541
15203227	511145.b4377	225	1461
15201379	511145.b2320	224	2191
15199939	511145.b0772	224	1860
15200215	511145.b1059	223	1857
15199950	511145.b0783	223	697
15200190	511145.b1033	222	1831
15199583	511145.b0369	222	1553
15199439	511145.b0196	221	883
15199828	511145.b0637	221	655
15200852	511145.b1749	220	1682
15200017	511145.b0851	219	1231
15201843	511145.b2834	218	1452
15202149	511145.b3183	218	1510
15202167	511145.b3201	218	1359
15201898	511145.b2901	217	2411
15200037	511145.b0871	217	2906
15202375	511145.b3429	216	2134
15202239	511145.b3287	216	1100
15200265	511145.b1109	215	2455
15202820	511145.b3922	215	477
15199324	511145.b0077	215	2382
15200083	511145.b0918	214	1304
15199631	511145.b0422	214	439
15200073	511145.b0908	213	2287
15200416	511145.b1274	213	3802
15199940	511145.b0773	213	620
15199832	511145.b0641	213	994
15200048	511145.b0882	212	3532
15201654	511145.b2617	212	477
15200036	511145.b0870	212	1403
15200964	511145.b1861	212	258
15199473	511145.b0243	212	2670
15201344	511145.b2285	212	870
15201476	511145.b2431	211	1561
15199493	511145.b0269	211	2358
15201252	511145.b2187	210	425
15201612	511145.b2567	210	999
15200788	511145.b1682	210	1309
15202539	511145.b3602	209	379
15202170	511145.b3204	209	929
15201836	511145.b2827	208	953
15200244	511145.b1088	208	753
15203172	511145.b4314	208	684
15200075	511145.b0910	208	1137
15201647	511145.b2608	206	1014
15200935	511145.b1832	205	748
15202715	511145.b3803	205	2150
15203002	511145.b4122	205	6249
15201378	511145.b2319	205	1460
15201630	511145.b2585	204	2205
15200110	511145.b0945	203	1888
15202765	511145.b3865	203	1328
15200046	511145.b0880	202	462
15201163	511145.b2091	202	1232
15200088	511145.b0923	202	914
15201906	511145.b2909	201	577
15200989	511145.b1886	199	3733
15201292	511145.b2232	199	1327
15199497	511145.b0273	199	2776
15202854	511145.b3957	198	1663
15199971	511145.b0804	198	1025
15199855	511145.b0675	198	1215
15201466	511145.b2421	198	1541
15202155	511145.b3189	197	1930
15202596	511145.b3661	197	1575
15201707	511145.b2688	196	2208
15201457	511145.b2412	195	980
15202166	511145.b3200	195	485
15202357	511145.b3407	195	3088
15202339	511145.b3389	194	1803
15199792	511145.b0598	194	1902
15199422	511145.b0179	194	879
15200405	511145.b1262	194	1793
15199993	511145.b0827	193	1883
15202171	511145.b3205	193	1173
15201640	511145.b2601	193	1943
15201911	511145.b2916	192	872
15201200	511145.b2133	192	2828
15202046	511145.b3070	191	948
15199640	511145.b0431	191	1242
15201919	511145.b2924	191	1400
15201346	511145.b2287	190	1269
15203097	511145.b4222	190	357
15200766	511145.b1658	189	1775
15199896	511145.b0721	189	768
15201842	511145.b2833	188	217
15201141	511145.b2065	188	609
15202047	511145.b3071	188	660
15200212	511145.b1056	188	985
15200328	511145.b1180	187	729
15200566	511145.b1440	186	2257
15200357	511145.b1209	186	1127
15201984	511145.b3001	186	1664
15201516	511145.b2471	186	487
15201440	511145.b2388	186	1510
15199842	511145.b0651	186	1258
15199689	511145.b0481	185	755
15202129	511145.b3161	184	590
15200612	511145.b1492	184	1128
15201352	511145.b2293	184	802
15203246	511145.b4396	183	906
15201973	511145.b2988	183	2479
15199509	511145.b0287	183	735
15202659	511145.b3730	183	1644
15200177	511145.b1014	183	5281
15201808	511145.b2796	183	1144
15202240	511145.b3288	182	1551
15200390	511145.b1247	182	1539
15201388	511145.b2329	182	1124
15200243	511145.b1087	182	861
15202095	511145.b3125	181	1352
15201699	511145.b2678	181	428
15202085	511145.b3113	181	684
15202068	511145.b3092	180	1975
15201371	511145.b2312	180	2149
15203041	511145.b4162	180	804
15202367	511145.b3417	180	3788
15202883	511145.b3995	179	385
15202045	511145.b3068	179	701
15199688	511145.b0480	179	2526
15203089	511145.b4214	179	1105
15202115	511145.b3147	178	2460
15199572	511145.b0356	178	1160
15200056	511145.b0891	178	1217
15200799	511145.b1693	178	1211
15200570	511145.b1444	177	2073
15202714	511145.b3802	177	1270
15200348	511145.b1200	177	1605
15199928	511145.b0761	176	716
15202626	511145.b3697	176	1156
15202822	511145.b3924	176	796
15200475	511145.b1334	176	533
15200087	511145.b0922	176	2471
15199603	511145.b0393	175	1195
15203049	511145.b4173	175	1755
15202734	511145.b3825	175	1568
15201700	511145.b2679	174	984
15201929	511145.b2936	174	1104
15201847	511145.b2838	172	1352
15201271	511145.b2209	172	1003
15202159	511145.b3193	172	852
15201495	511145.b2450	171	1008
15202335	511145.b3385	171	732
15200096	511145.b0931	171	1815
15200755	511145.b1647	171	1036
15199849	511145.b0658	170	847
15199257	511145.b0006	170	878
15202406	511145.b3463	168	650
15200984	511145.b1881	168	1039
15200154	511145.b0990	168	648
15200890	511145.b1787	167	524
15200786	511145.b1680	167	1382
15201776	511145.b2762	167	1053
15199693	511145.b0485	167	704
15201397	511145.b2340	166	157
15203317	511145.b4537	165	396
15202010	511145.b3031	165	604
15201471	511145.b2426	165	1082
15200950	511145.b1847	165	531
15200414	511145.b1272	164	1318
15199972	511145.b0805	164	2287
15199843	511145.b0652	164	560
15202374	511145.b3428	163	2879
15201174	511145.b2103	163	1233
15201577	511145.b2532	162	965
15199996	511145.b0830	162	1715
15199472	511145.b0242	162	1371
15202308	511145.b3356	161	451
15202545	511145.b3608	161	1225
15203033	511145.b4154	161	2244
15200895	511145.b1792	160	488
15200015	511145.b0849	160	182
15200352	511145.b1204	159	789
15201949	511145.b2957	159	1482
15200030	511145.b0864	159	598
15203221	511145.b4371	159	1369
15201359	511145.b2300	158	625
15199328	511145.b0082	158	1169
15202032	511145.b3055	158	715
15199432	511145.b0189	157	342
15199530	511145.b0312	157	1295
15202576	511145.b3639	157	1206
15200406	511145.b1263	156	1579
15199803	511145.b0610	156	441
15202885	511145.b3997	155	1032
15202141	511145.b3175	155	463
15202544	511145.b3607	155	877
15200092	511145.b0927	155	776
15199592	511145.b0381	154	1322
15200320	511145.b1171	153	478
15200411	511145.b1269	153	780
15200346	511145.b1198	152	1517
15200692	511145.b1584	152	857
15199857	511145.b0677	152	1404
15200781	511145.b1675	152	115
15200284	511145.b1128	151	958
15199930	511145.b0763	151	1268
15200784	511145.b1678	151	1182
15199754	511145.b0557	151	445
15201943	511145.b2951	150	949
15203105	511145.b4233	150	1431
15199767	511145.b0573	150	229
15202719	511145.b3807	150	364
15202542	511145.b3605	149	1878
15202233	511145.b3279	149	854
15202627	511145.b3698	149	355
15201986	511145.b3003	149	1160
15202536	511145.b3599	147	1881
15202391	511145.b3448	147	642
15199730	511145.b0528	146	392
15199443	511145.b0200	146	564
15203091	511145.b4216	146	558
15201988	511145.b3006	146	709
15201697	511145.b2676	146	665
15199274	511145.b0025	146	878
15199615	511145.b0406	146	1289
15200421	511145.b1279	145	203
15200544	511145.b1414	144	930
15200417	511145.b1275	144	1168
15202202	511145.b3237	144	412
15202243	511145.b3291	144	436
15201008	511145.b1908	144	852
15200389	511145.b1246	144	1413
15199791	511145.b0597	144	445
15200347	511145.b1199	143	633
15203032	511145.b4153	143	762
15201621	511145.b2576	143	1576
15202903	511145.b4019	143	3950
15201349	511145.b2290	143	972
15202749	511145.b3843	142	1186
15202690	511145.b3771	142	1734
15202396	511145.b3453	142	1707
15200632	511145.b1516	142	978
15202114	511145.b3146	141	996
15200070	511145.b0905	141	1866
15199859	511145.b0679	140	1523
15199303	511145.b0054	139	3262
15202863	511145.b3966	139	2227
15202362	511145.b3412	138	973
15201157	511145.b2081	138	1412
15200633	511145.b1517	138	1081
15199622	511145.b0413	138	368
15201940	511145.b2948	136	778
15199277	511145.b0028	136	496
15202717	511145.b3805	136	999
15202838	511145.b3940	136	2426
15202384	511145.b3440	136	1192
15202252	511145.b3300	135	945
15203247	511145.b4397	135	411
15201299	511145.b2240	135	1075
15199338	511145.b0092	135	909
15200999	511145.b1896	135	1249
15199331	511145.b0085	135	1399
15200830	511145.b1727	135	798
15199986	511145.b0820	135	1544
15202209	511145.b3244	134	1414
15201184	511145.b2113	134	906
15199779	511145.b0585	134	1338
15201407	511145.b2351	133	584
15201178	511145.b2107	132	441
15203110	511145.b4239	132	1637
15200032	511145.b0866	132	313
15200682	511145.b1570	131	187
15202666	511145.b3737	131	324
15199353	511145.b0109	131	855
15199394	511145.b0150	130	2595
15202858	511145.b3961	130	980
15200338	511145.b1190	129	1281
15200401	511145.b1258	129	594
15201760	511145.b2746	129	401
15201952	511145.b2960	128	769
15202678	511145.b3749	128	1727
15199337	511145.b0091	128	1228
15202794	511145.b3894	128	3455
15202193	511145.b3228	127	476
15199633	511145.b0424	127	565
15201569	511145.b2524	126	265
15202424	511145.b3481	126	400
15202653	511145.b3724	126	678
15200942	511145.b1839	125	337
15201807	511145.b2795	125	1660
15199710	511145.b0506	125	803
15202785	511145.b3885	125	655
15199628	511145.b0419	124	1160
15201613	511145.b2568	124	851
15199357	511145.b0113	124	347
15199617	511145.b0408	124	2084
15201463	511145.b2418	124	752
15202752	511145.b3846	123	2030
15199661	511145.b0452	123	567
15201809	511145.b2797	122	1201
15199334	511145.b0088	122	831
15201571	511145.b2526	122	1627
15202430	511145.b3487	121	1050
15199442	511145.b0199	121	1027
15200921	511145.b1818	121	397
15203245	511145.b4395	120	752
15201110	511145.b2034	119	1228
15200759	511145.b1651	119	320
15201198	511145.b2131	119	705
15202999	511145.b4119	118	1090
15200289	511145.b1133	118	847
15201816	511145.b2804	118	270
15200970	511145.b1867	117	476
15200536	511145.b1406	117	902
15200809	511145.b1703	117	738
15201714	511145.b2700	117	539
15201251	511145.b2186	116	1209
15199924	511145.b0757	116	615
15199908	511145.b0734	116	596
15203028	511145.b4149	116	522
15199666	511145.b0458	116	299
15200379	511145.b1234	116	766
15200345	511145.b1197	115	1552
15202015	511145.b3037	115	420
15200067	511145.b0902	115	709
15200754	511145.b1646	115	571
15201374	511145.b2315	115	1094
15202479	511145.b3540	115	861
15199684	511145.b0476	114	880
15201363	511145.b2304	114	632
15202164	511145.b3198	114	570
15200273	511145.b1117	114	575
15201802	511145.b2790	114	458
15201950	511145.b2958	114	555
15201827	511145.b2818	114	822
15199595	511145.b0384	113	273
15200557	511145.b1430	113	730
15203243	511145.b4393	113	278
15201347	511145.b2288	113	460
15200792	511145.b1686	112	317
15200324	511145.b1176	112	578
15202453	511145.b3513	112	1017
15200828	511145.b1725	111	929
15199278	511145.b0029	111	567
15202815	511145.b3917	111	836
15201852	511145.b2843	111	1025
15202530	511145.b3592	110	571
15203208	511145.b4355	110	2326
15200909	511145.b1806	110	661
15199573	511145.b0357	110	269
15200575	511145.b1449	109	990
15200509	511145.b1377	109	3601
15202654	511145.b3725	109	586
15200191	511145.b1034	109	614
15202938	511145.b4055	108	683
15200426	511145.b1284	108	731
15199570	511145.b0354	108	253
15202163	511145.b3197	108	746
15203180	511145.b4322	108	1021
15202926	511145.b4043	108	543
15202480	511145.b3541	108	955
15201477	511145.b2432	107	425
15200917	511145.b1814	107	1123
15201012	511145.b1915	106	208
15202750	511145.b3844	106	803
15200121	511145.b0956	106	330
15201467	511145.b2422	106	757
15200402	511145.b1259	105	111
15200288	511145.b1132	105	496
15202510	511145.b3572	105	951
15201199	511145.b2132	105	2126
15202031	511145.b3054	105	920
15202347	511145.b3397	105	592
15200598	511145.b1478	105	985
15201046	511145.b1953	104	193
15201823	511145.b2811	104	400
15199827	511145.b0636	104	449
15200990	511145.b1887	103	551
15202145	511145.b3179	103	392
15201114	511145.b2038	103	489
15203113	511145.b4242	103	1729
15202743	511145.b3834	103	300
15200832	511145.b1729	103	1015
15200335	511145.b1187	103	705
15202924	511145.b4041	103	2119
15200450	511145.b1308	102	238
15202300	511145.b3348	102	181
15202143	511145.b3177	101	732
15202241	511145.b3289	101	975
15200787	511145.b1681	101	933
15200219	511145.b1063	101	430
15199917	511145.b0750	101	378
15201384	511145.b2325	101	229
15199456	511145.b0221	101	1774
15203111	511145.b4240	100	547
15199670	511145.b0462	100	2300
15202735	511145.b3826	99.9	571
15200951	511145.b1848	99.9	171
15201234	511145.b2169	99.5	881
15202633	511145.b3704	99.4	202
15203016	511145.b4137	99.2	259
15199852	511145.b0661	99.0	1306
15201308	511145.b2249	98.9	884
15200948	511145.b1845	98.0	1674
15199449	511145.b0212	97.7	663
15199444	511145.b0207	97.5	590
15200395	511145.b1252	97.5	174
15201403	511145.b2346	97.3	606
15201573	511145.b2528	97.0	296
15202121	511145.b3153	96.9	389
15200470	511145.b1329	96.7	1224
15200407	511145.b1264	96.7	1231
15202467	511145.b3527	96.7	1044
15201825	511145.b2813	96.6	649
15201635	511145.b2594	96.6	562
15202078	511145.b3102	96.1	836
15200810	511145.b1704	96.1	683
15201087	511145.b2009	95.4	426
15199371	511145.b0127	95.3	655
15202725	511145.b3816	95.2	717
15202991	511145.b4111	94.3	745
15203056	511145.b4180	94.2	584
15202504	511145.b3566	94.1	663
15202756	511145.b3850	93.7	453
15200869	511145.b1766	93.6	1211
15203040	511145.b4161	93.6	798
15202584	511145.b3648	93.2	528
15200694	511145.b1586	93.0	117
15199630	511145.b0421	92.7	382
15202880	511145.b3992	92.6	463
15199927	511145.b0760	92.4	973
15200991	511145.b1888	92.2	1262
15199886	511145.b0711	91.7	278
15199599	511145.b0388	91.6	336
15202987	511145.b4107	91.5	444
15200400	511145.b1257	91.0	467
15202791	511145.b3891	90.5	898
15200511	511145.b1379	90.5	274
15201616	511145.b2571	90.3	577
15199897	511145.b0722	90.2	401
15202720	511145.b3809	90.0	449
15202831	511145.b3933	89.9	624
15202810	511145.b3910	89.6	515
15200112	511145.b0947	89.4	750
15199618	511145.b0409	89.2	574
15200652	511145.b1536	88.9	340
15199887	511145.b0712	88.8	425
15199911	511145.b0737	88.7	442
15199604	511145.b0394	88.5	598
15201421	511145.b2369	88.3	507
15199300	511145.b0051	88.0	550
15199632	511145.b0423	87.8	843
15200793	511145.b1687	87.4	1805
15199804	511145.b0611	87.1	545
15201191	511145.b2124	86.8	312
15199692	511145.b0484	86.7	1382
15199594	511145.b0383	86.7	1138
15203088	511145.b4213	86.4	1486
15200365	511145.b1217	86.3	97
15201175	511145.b2104	86.2	417
15202016	511145.b3038	85.6	727
15202677	511145.b3748	85.3	424
15199724	511145.b0522	84.9	495
15199315	511145.b0068	84.8	791
15200413	511145.b1271	84.5	501
15201014	511145.b1917	84.4	320
15200132	511145.b0967	84.0	712
15202041	511145.b3064	83.9	677
15199326	511145.b0080	83.9	574
15199845	511145.b0654	83.9	461
15201755	511145.b2741	83.7	656
15200437	511145.b1295	82.8	195
15200725	511145.b1617	82.8	861
15202635	511145.b3706	82.7	878
15202746	511145.b3838	82.5	340
15203138	511145.b4269	82.4	668
15201539	511145.b2494	82.4	693
15202235	511145.b3281	82.3	423
15201957	511145.b2965	82.3	966
15201680	511145.b2659	82.1	884
15200270	511145.b1114	81.9	2196
15202919	511145.b4035	81.7	707
15201431	511145.b2379	81.6	742
15203174	511145.b4316	81.5	460
15203086	511145.b4211	81.2	554
15202932	511145.b4049	80.8	632
15200134	511145.b0969	80.7	113
15202793	511145.b3893	80.6	832
15202168	511145.b3202	80.6	628
15199659	511145.b0450	80.4	224
15202153	511145.b3187	80.2	518
15202887	511145.b3999	80.2	436
15203095	511145.b4220	79.9	1249
15199332	511145.b0086	79.7	668
15200464	511145.b1323	79.5	825
15202019	511145.b3041	79.2	529
15202881	511145.b3993	79.0	589
15201546	511145.b2501	78.7	1444
15199653	511145.b0444	78.7	490
15200932	511145.b1829	78.6	393
15202672	511145.b3743	77.9	451
15202879	511145.b3991	77.8	426
15202378	511145.b3432	77.6	1431
15202398	511145.b3455	77.4	587
15202670	511145.b3741	77.4	851
15199367	511145.b0123	77.2	849
15200341	511145.b1193	77.0	391
15202210	511145.b3247	76.9	1124
15200282	511145.b1126	76.8	858
15202751	511145.b3845	76.6	805
15201524	511145.b2479	76.3	361
15201998	511145.b3019	76.0	1272
15203044	511145.b4168	76.0	389
15200327	511145.b1179	75.9	131
15199260	511145.b0009	75.9	372
15200496	511145.b1356	75.6	180
15199368	511145.b0124	75.1	1272
15202528	511145.b3590	75.0	1447
15200447	511145.b1305	74.5	183
15199441	511145.b0198	74.3	295
15202086	511145.b3114	74.1	3843
15200114	511145.b0949	74.0	909
15202852	511145.b3955	73.8	873
15200691	511145.b1583	73.7	223
15200202	511145.b1045	73.4	420
15202128	511145.b3160	73.3	440
15202305	511145.b3353	73.3	541
15200769	511145.b1661	73.2	822
15199786	511145.b0592	73.1	456
15199623	511145.b0414	73.1	752
15199933	511145.b0766	73.0	491
15199629	511145.b0420	72.8	982
15201806	511145.b2794	72.3	429
15202865	511145.b3972	72.0	605
15201618	511145.b2573	71.8	307
15202905	511145.b4021	71.8	412
15200922	511145.b1819	71.2	605
15203132	511145.b4263	71.1	1043
15199558	511145.b0342	71.0	217
15201047	511145.b1955	70.9	589
15200001	511145.b0835	70.7	646
15199685	511145.b0477	70.7	707
15202117	511145.b3149	69.8	341
15200744	511145.b1636	69.3	453
15201764	511145.b2750	69.2	391
15202723	511145.b3812	69.1	373
15201456	511145.b2411	68.7	1088
15201759	511145.b2745	68.6	639
15199946	511145.b0779	68.3	868
15200791	511145.b1685	68.2	154
15200973	511145.b1870	68.1	544
15201155	511145.b2079	67.6	414
15202134	511145.b3166	67.5	335
15199988	511145.b0822	67.3	468
15200387	511145.b1244	67.2	427
15201142	511145.b2066	67.1	402
15201027	511145.b1930	67.1	120
15202860	511145.b3963	67.0	311
15201064	511145.b1976	67.0	229
15203205	511145.b4352	66.5	536
15201021	511145.b1924	66.3	632
15203150	511145.b4291	66.2	1108
15203029	511145.b4150	66.2	748
15200949	511145.b1846	66.0	345
15202314	511145.b3362	66.0	44
15203242	511145.b4392	65.9	957
15203054	511145.b4178	65.6	188
15201002	511145.b1901	65.5	587
15201545	511145.b2500	65.3	391
15199910	511145.b0736	65.2	162
15200552	511145.b1424	65.1	1073
15199697	511145.b0489	65.0	521
15201214	511145.b2149	64.6	1034
15200242	511145.b1086	64.4	408
15200079	511145.b0914	64.2	841
15202161	511145.b3195	64.1	451
15199470	511145.b0239	64.1	856
15201838	511145.b2829	63.5	1229
15200222	511145.b1066	63.5	301
15201572	511145.b2527	63.5	281
15200789	511145.b1683	63.3	872
15199850	511145.b0659	63.0	109
15199718	511145.b0515	62.9	309
15201224	511145.b2159	62.2	433
15202397	511145.b3454	62.1	398
15200870	511145.b1767	62.0	506
15202631	511145.b3702	61.6	547
15202993	511145.b4113	61.4	272
15203186	511145.b4328	61.1	476
15201272	511145.b2210	60.8	682
15202190	511145.b3225	60.4	391
15201520	511145.b2475	60.3	348
15202862	511145.b3965	60.0	586
15200758	511145.b1650	60.0	545
15202788	511145.b3888	60.0	545
15201922	511145.b2927	60.0	455
15200584	511145.b1461	59.7	80
15201869	511145.b2870	59.5	656
15201625	511145.b2580	59.5	508
15202131	511145.b3163	59.4	418
15201072	511145.b1990	59.4	577
15199336	511145.b0090	59.1	477
15202157	511145.b3191	58.9	158
15202707	511145.b3791	58.7	516
15199571	511145.b0355	58.7	394
15201938	511145.b2946	58.4	408
15202211	511145.b3248	58.4	319
15201338	511145.b2279	58.4	93
15202200	511145.b3235	58.3	495
15201796	511145.b2784	58.2	1007
15200716	511145.b1608	58.1	408
15201646	511145.b2607	57.8	375
15201312	511145.b2253	57.7	553
15200908	511145.b1805	57.7	591
15202730	511145.b3821	57.3	554
15199912	511145.b0738	57.3	105
15200127	511145.b0962	57.2	985
15202729	511145.b3820	56.9	236
15201255	511145.b2193	56.8	383
15201300	511145.b2241	56.8	819
15201617	511145.b2572	56.7	190
15199461	511145.b0226	56.6	86
15199600	511145.b0389	56.5	76
15202705	511145.b3789	56.5	677
15201715	511145.b2701	56.4	461
15200117	511145.b0952	56.4	300
15202377	511145.b3431	56.0	729
15199548	511145.b0331	55.8	393
15202063	511145.b3087	55.8	318
15199798	511145.b0604	55.6	416
15202768	511145.b3868	55.6	572
15202935	511145.b4052	55.4	738
15202354	511145.b3404	55.4	818
15202882	511145.b3994	54.9	825
15201627	511145.b2582	54.7	252
15201011	511145.b1914	54.7	376
15199941	511145.b0774	54.7	551
15200126	511145.b0961	54.3	159
15202906	511145.b4022	54.3	333
15199387	511145.b0143	54.2	510
15201365	511145.b2306	54.2	275
15202434	511145.b3493	54.0	304
15202667	511145.b3738	53.4	182
15199549	511145.b0333	53.4	566
15202295	511145.b3343	53.3	122
15202947	511145.b4064	53.3	255
15202440	511145.b3499	53.3	495
15199667	511145.b0459	52.9	215
15199619	511145.b0410	52.1	89
15201517	511145.b2472	51.9	531
15202684	511145.b3755	51.9	190
15203169	511145.b4311	51.4	254
15199794	511145.b0600	51.4	324
15201597	511145.b2552	51.3	324
15200961	511145.b1858	51.3	254
15202701	511145.b3785	51.2	469
15200928	511145.b1825	51.2	89
15202176	511145.b3210	51.1	933
15199856	511145.b0676	51.0	662
15200396	511145.b1253	50.9	167
15200113	511145.b0948	50.9	786
15200910	511145.b1807	50.9	251
15203240	511145.b4390	50.8	501
15202463	511145.b3523	50.7	241
15202587	511145.b3651	50.7	284
15200263	511145.b1107	50.5	452
15199664	511145.b0456	50.3	162
15202922	511145.b4039	50.3	210
15199626	511145.b0417	50.2	334
15203125	511145.b4256	50.2	177
15201652	511145.b2615	50.0	255
15202013	511145.b3034	49.7	253
15200732	511145.b1624	49.6	319
15201894	511145.b2897	49.5	68
15203220	511145.b4367	49.4	241
15199304	511145.b0055	49.2	249
15200290	511145.b1134	49.1	209
15199301	511145.b0052	49.1	424
15200254	511145.b1098	49.1	282
15202221	511145.b3259	48.8	166
15202412	511145.b3469	48.6	691
15200550	511145.b1422	48.6	454
15202065	511145.b3089	48.3	318
15199853	511145.b0662	48.3	408
15202529	511145.b3591	48.2	478
15200733	511145.b1625	48.2	84
15199430	511145.b0187	48.1	160
15201611	511145.b2566	48.0	344
15200419	511145.b1277	47.5	216
15203202	511145.b4349	47.5	755
15201418	511145.b2366	47.5	396
15200391	511145.b1248	47.4	78
15199974	511145.b0807	47.4	230
15202702	511145.b3786	47.3	364
15199347	511145.b0102	47.2	361
15200978	511145.b1875	47.2	291
15202304	511145.b3352	47.0	753
15201689	511145.b2668	46.9	114
15201547	511145.b2502	46.6	759
15201696	511145.b2675	46.5	792
15202867	511145.b3974	46.4	328
15201318	511145.b2259	46.4	97
15202571	511145.b3634	46.0	206
15202482	511145.b3543	46.0	320
15202468	511145.b3528	45.8	339
15203244	511145.b4394	45.7	200
15201722	511145.b2708	45.2	333
15203236	511145.b4386	45.2	327
15200772	511145.b1664	45.2	492
15202578	511145.b3641	45.1	202
15199458	511145.b0223	45.0	241
15202350	511145.b3400	44.9	63
15202307	511145.b3355	44.9	263
15201892	511145.b2895	44.8	216
15200514	511145.b1382	44.5	79
15200342	511145.b1194	44.4	280
15203019	511145.b4140	44.2	70
15201341	511145.b2282	43.9	318
15202035	511145.b3058	43.8	134
15202691	511145.b3772	43.8	626
15202178	511145.b3212	43.5	1445
15199865	511145.b0685	43.3	81
15202402	511145.b3459	43.3	178
15202941	511145.b4058	43.3	1039
15199306	511145.b0059	43.3	979
15200227	511145.b1071	43.2	132
15202359	511145.b3409	43.0	704
15199686	511145.b0478	43.0	402
15199765	511145.b0571	43.0	176
15200359	511145.b1211	42.9	311
15200574	511145.b1448	42.7	159
15199386	511145.b0142	42.5	91
15200963	511145.b1860	42.3	409
15202620	511145.b3688	42.3	134
15202789	511145.b3889	42.1	62
15202907	511145.b4023	41.9	58
15201846	511145.b2837	41.8	295
15200424	511145.b1282	41.7	67
15201567	511145.b2522	41.7	110
15201824	511145.b2812	41.6	138
15201109	511145.b2033	41.6	217
15201350	511145.b2291	41.5	183
15202030	511145.b3053	41.4	882
15202586	511145.b3650	41.4	633
15202679	511145.b3750	41.4	156
15200325	511145.b1177	41.4	24
15201473	511145.b2428	41.3	248
15202724	511145.b3813	41.0	679
15201326	511145.b2267	41.0	170
15199877	511145.b0699	40.9	64
15202787	511145.b3887	40.9	154
15203238	511145.b4388	40.8	375
15200235	511145.b1079	40.7	237
15200353	511145.b1205	40.7	15
15201903	511145.b2906	40.7	336
15202884	511145.b3996	40.6	291
15203081	511145.b4206	40.6	148
15200760	511145.b1652	40.5	214
15199298	511145.b0049	40.4	293
15202579	511145.b3642	40.4	220
15201779	511145.b2765	40.4	91
15203154	511145.b4295	40.4	366
15200383	511145.b1238	40.4	223
15201871	511145.b2872	40.3	550
15201108	511145.b2032	40.3	465
15199279	511145.b0030	40.2	271
15201230	511145.b2165	40.2	287
15202392	511145.b3449	40.1	237
15202070	511145.b3094	40.1	297
15201309	511145.b2250	40.0	145
15203213	511145.b4360	39.9	97
15200977	511145.b1874	39.9	277
15199652	511145.b0443	39.7	122
15201757	511145.b2743	39.7	187
15199888	511145.b0713	39.7	142
15201849	511145.b2840	39.7	276
15202081	511145.b3105	39.7	296
15201222	511145.b2157	39.7	309
15202383	511145.b3439	39.6	278
15203083	511145.b4208	39.6	344
15200701	511145.b1593	39.5	125
15199793	511145.b0599	39.5	257
15201399	511145.b2342	39.1	406
15200849	511145.b1746	39.0	385
15199562	511145.b0346	38.9	230
15202696	511145.b3779	38.8	563
15201830	511145.b2821	38.7	777
15199821	511145.b0630	38.7	240
15199393	511145.b0149	38.6	799
15202758	511145.b3857	38.5	185
15199614	511145.b0405	38.5	259
15202939	511145.b4056	38.4	135
15201311	511145.b2252	38.4	193
15202716	511145.b3804	38.4	194
15199913	511145.b0739	38.3	191
15202009	511145.b3030	38.3	633
15201747	511145.b2733	38.2	774
15203305	511145.b4518	38.2	54
15201789	511145.b2777	38.1	213
15202297	511145.b3345	38.1	84
15201313	511145.b2254	38.0	297
15199550	511145.b0334	37.9	513
15201632	511145.b2587	37.9	414
15202099	511145.b3129	37.9	153
15200226	511145.b1070	37.8	174
15202313	511145.b3361	37.7	246
15202557	511145.b3620	37.5	364
15199356	511145.b0112	37.2	219
15200275	511145.b1119	37.2	174
15201698	511145.b2677	37.1	132
15200748	511145.b1640	37.0	238
15199698	511145.b0490	36.9	172
15202076	511145.b3100	36.9	94
15200618	511145.b1498	36.8	564
15203207	511145.b4354	36.7	588
15201512	511145.b2467	36.7	166
15201444	511145.b2393	36.6	373
15200051	511145.b0886	36.5	361
15201278	511145.b2216	36.3	709
15199773	511145.b0579	36.3	109
15200532	511145.b1400	36.3	95
15199639	511145.b0430	36.2	106
15202704	511145.b3788	36.2	562
15202703	511145.b3787	36.1	358
15200466	511145.b1325	36.0	178
15201761	511145.b2747	35.9	202
15199771	511145.b0577	35.8	319
15201360	511145.b2301	35.6	145
15201484	511145.b2439	35.5	161
15202464	511145.b3524	35.5	551
15202784	511145.b3884	35.4	285
15200206	511145.b1049	35.4	701
15201171	511145.b2100	35.3	209
15199435	511145.b0192	35.3	221
15201013	511145.b1916	35.2	232
15202368	511145.b3418	34.9	757
15202244	511145.b3292	34.9	89
15202148	511145.b3182	34.9	327
15202296	511145.b3344	34.5	102
15200485	511145.b1344	34.4	284
15202748	511145.b3842	34.3	128
15199601	511145.b0390	34.3	145
15202366	511145.b3416	34.2	605
15201169	511145.b2098	34.2	177
15203253	511145.b4403	34.2	187
15201826	511145.b2817	34.2	329
15202413	511145.b3470	34.1	86
15201502	511145.b2457	34.1	100
15200133	511145.b0968	34.1	64
15199410	511145.b0167	33.8	864
15202669	511145.b3740	33.7	180
15203222	511145.b4372	33.6	136
15202643	511145.b3714	33.6	155
15201301	511145.b2242	33.3	347
15202102	511145.b3132	33.3	1029
15201719	511145.b2705	33.1	216
15199354	511145.b0110	32.9	145
15201337	511145.b2278	32.9	360
15203047	511145.b4171	32.9	290
15202866	511145.b3973	32.8	352
15201818	511145.b2806	32.7	335
15200462	511145.b1321	32.7	276
15200641	511145.b1525	32.7	272
15200871	511145.b1768	32.5	158
15203167	511145.b4309	32.5	201
15200373	511145.b1225	32.5	532
15199942	511145.b0775	32.4	244
15200510	511145.b1378	32.4	844
15200043	511145.b0877	32.3	305
15201090	511145.b2012	32.2	23
15200635	511145.b1519	32.1	222
15199342	511145.b0096	32.0	215
15202929	511145.b4046	31.9	168
15202073	511145.b3097	31.9	55
15202591	511145.b3655	31.9	524
15200850	511145.b1747	31.7	211
15202382	511145.b3438	31.6	265
15201019	511145.b1922	31.5	226
15200988	511145.b1885	31.3	936
15201837	511145.b2828	31.2	251
15201704	511145.b2685	31.1	358
15203139	511145.b4272	31.1	519
15199575	511145.b0360	31.1	519
15201078	511145.b1997	31.1	519
15201863	511145.b2861	31.1	519
15200534	511145.b1403	31.1	519
15202022	511145.b3044	31.1	519
15200178	511145.b1015	31.1	275
15200033	511145.b0867	30.9	223
15201588	511145.b2543	30.9	46
15203285	511145.b4479	30.7	146
15199327	511145.b0081	30.7	131
15202823	511145.b3925	30.6	254
15200634	511145.b1518	30.6	78
15199983	511145.b0817	30.4	135
15200052	511145.b0887	30.2	340
15203162	511145.b4303	30.2	203
15202562	511145.b3625	30.1	121
15200562	511145.b1435	30.1	438
15201709	511145.b2690	30.1	156
15201541	511145.b2496	30.1	114
15202971	511145.b4088	30.0	263
15199445	511145.b0208	30.0	267
15202813	511145.b3915	30.0	190
15201944	511145.b2952	29.9	135
15203239	511145.b4389	29.7	407
15201408	511145.b2352	29.5	290
15200653	511145.b1537	29.5	153
15201562	511145.b2517	29.4	327
15203316	511145.b4536	29.4	100
15203333	511145.b4565	29.3	45
15201039	511145.b1946	29.3	52
15201762	511145.b2748	29.3	78
15199363	511145.b0119	29.2	103
15199987	511145.b0821	29.1	312
15200256	511145.b1100	29.0	242
15200356	511145.b1208	29.0	198
15201480	511145.b2435	29.0	196
15201024	511145.b1927	29.0	401
15199454	511145.b0219	28.8	198
15199818	511145.b0627	28.8	66
15201479	511145.b2434	28.8	117
15200055	511145.b0890	28.6	451
15201373	511145.b2314	28.5	128
15202936	511145.b4053	28.5	267
15202191	511145.b3226	28.4	240
15200440	511145.b1298	28.3	125
15199587	511145.b0376	28.3	128
15201864	511145.b2865	28.2	189
15202540	511145.b3603	28.2	246
15203131	511145.b4262	28.2	205
15201941	511145.b2949	28.1	88
15201634	511145.b2593	28.0	187
15202811	511145.b3911	28.0	296
15202103	511145.b3133	27.9	71
15201000	511145.b1897	27.7	232
15202512	511145.b3574	27.6	203
15202320	511145.b3368	27.6	248
15202410	511145.b3467	27.5	90
15200944	511145.b1841	27.3	34
15199703	511145.b0495	27.3	188
15202405	511145.b3462	27.3	250
15200444	511145.b1302	27.2	181
15200737	511145.b1629	27.2	419
15199775	511145.b0581	27.2	234
15202197	511145.b3232	27.1	299
15199425	511145.b0182	27.0	300
15199680	511145.b0472	27.0	139
15199826	511145.b0635	26.9	427
15199719	511145.b0516	26.7	304
15200699	511145.b1591	26.7	119
15202818	511145.b3920	26.6	105
15201398	511145.b2341	26.5	432
15203204	511145.b4351	26.4	189
15200925	511145.b1822	26.4	193
15201204	511145.b2137	26.3	152
15199969	511145.b0802	26.3	61
15201717	511145.b2703	26.2	159
15201979	511145.b2994	26.2	348
15199495	511145.b0271	26.2	372
15202346	511145.b3396	26.2	597
15203007	511145.b4127	26.1	18
15202057	511145.b3081	26.1	405
15199496	511145.b0272	26.1	177
15199701	511145.b0493	26.1	163
15200974	511145.b1871	26.1	259
15200239	511145.b1083	26.1	186
15201655	511145.b2618	26.0	43
15199346	511145.b0101	26.0	71
15199691	511145.b0483	26.0	67
15202242	511145.b3290	25.8	228
15203175	511145.b4317	25.7	445
15201795	511145.b2783	25.6	23
15201839	511145.b2830	25.6	88
15200747	511145.b1639	25.6	86
15200010	511145.b0844	25.5	159
15202710	511145.b3794	25.5	169
15203286	511145.b4480	25.4	132
15199766	511145.b0572	25.4	333
15202721	511145.b3810	25.4	138
15201904	511145.b2907	25.3	203
15200625	511145.b1507	25.3	306
15200914	511145.b1811	25.3	34
15201213	511145.b2148	25.3	109
15199404	511145.b0160	25.2	228
15200120	511145.b0955	25.2	335
15200687	511145.b1576	25.1	53
15200873	511145.b1770	24.9	152
15200069	511145.b0904	24.9	100
15203181	511145.b4323	24.7	336
15202172	511145.b3206	24.6	40
15203177	511145.b4319	24.6	85
15200429	511145.b1287	24.5	280
15200827	511145.b1724	24.5	85
15201619	511145.b2574	24.2	355
15201554	511145.b2509	24.2	225
15201073	511145.b1991	24.1	208
15200678	511145.b1564	24.0	35
15199608	511145.b0399	24.0	91
15200954	511145.b1851	24.0	234
15200412	511145.b1270	23.8	93
15200224	511145.b1068	23.8	118
15202049	511145.b3073	23.8	292
15200587	511145.b1464	23.8	144
15200163	511145.b0999	23.7	51
15200825	511145.b1722	23.7	149
15200958	511145.b1855	23.6	173
15201513	511145.b2468	23.5	643
15203151	511145.b4292	23.5	152
15201145	511145.b2069	23.4	255
15201037	511145.b1944	23.4	92
15199994	511145.b0828	23.4	241
15201238	511145.b2173	23.3	229
15200656	511145.b1540	23.2	128
15200258	511145.b1102	23.2	416
15200047	511145.b0881	23.1	62
15202187	511145.b3222	23.1	161
15200232	511145.b1076	23.1	140
15202886	511145.b3998	23.0	171
15200276	511145.b1120	22.8	141
15199768	511145.b0574	22.7	243
15203345	511145.b4595	22.6	13
15202950	511145.b4067	22.6	252
15202454	511145.b3514	22.5	383
15200666	511145.b1552	22.5	82
15199962	511145.b0795	22.4	205
15202033	511145.b3056	22.3	251
15200463	511145.b1322	22.2	147
15201176	511145.b2105	22.2	46
15199523	511145.b0304	22.2	270
15200896	511145.b1793	22.1	71
15200543	511145.b1413	22.1	739
15202890	511145.b4002	22.1	63
15201486	511145.b2441	22.1	236
15201032	511145.b1939	22.0	208
15202503	511145.b3565	21.9	268
15202951	511145.b4068	21.9	73
15200392	511145.b1249	21.6	262
15201377	511145.b2318	21.6	134
15199964	511145.b0797	21.5	256
15202160	511145.b3194	21.5	140
15200455	511145.b1313	21.4	167
15200255	511145.b1099	21.4	187
15201107	511145.b2030	21.4	1765
15201967	511145.b2982	21.4	1765
15202183	511145.b3218	21.4	1765
15199847	511145.b0656	21.4	1765
15199485	511145.b0259	21.4	1765
15199750	511145.b0552	21.4	1765
15201254	511145.b2192	21.4	1765
15202445	511145.b3505	21.4	1765
15200472	511145.b1331	21.4	1765
15202188	511145.b3223	21.4	138
15199991	511145.b0825	21.2	120
15203046	511145.b4170	21.2	296
15200956	511145.b1853	21.2	182
15202348	511145.b3398	21.1	218
15202213	511145.b3250	21.1	207
15201010	511145.b1913	21.1	272
15201390	511145.b2331	21.1	104
15202481	511145.b3542	21.0	51
15199683	511145.b0475	20.9	132
15199825	511145.b0634	20.9	108
15200044	511145.b0878	20.9	196
15200272	511145.b1116	20.9	156
15201076	511145.b1994	20.9	1765
15199977	511145.b0810	20.9	229
15199815	511145.b0622	20.8	105
15200452	511145.b1310	20.8	310
15202972	511145.b4089	20.7	169
15200554	511145.b1427	20.7	104
15199668	511145.b0460	20.6	26
15201458	511145.b2413	20.6	53
15202869	511145.b3981	20.5	108
15202638	511145.b3709	20.5	96
15203120	511145.b4251	20.4	97
15199634	511145.b0425	20.4	112
15203223	511145.b4373	20.3	84
15201565	511145.b2520	20.3	718
15200919	511145.b1816	20.2	184
15199471	511145.b0241	20.1	938
15200993	511145.b1890	20.1	82
15202767	511145.b3867	20.1	257
15203290	511145.b4484	20.0	75
15199813	511145.b0620	20.0	106
15200677	511145.b1563	19.9	29
15201322	511145.b2263	19.7	141
15200785	511145.b1679	19.6	100
15203130	511145.b4261	19.6	168
15201246	511145.b2181	19.6	76
15201159	511145.b2085	19.6	54
15200442	511145.b1300	19.5	168
15203067	511145.b4191	19.5	113
15199598	511145.b0387	19.5	84
15202675	511145.b3746	19.5	271
15200372	511145.b1224	19.5	835
15202589	511145.b3653	19.4	107
15202462	511145.b3522	19.4	119
15200771	511145.b1663	19.2	79
15201089	511145.b2011	19.2	204
15200253	511145.b1097	19.1	95
15199844	511145.b0653	19.1	157
15202048	511145.b3072	19.0	722
15199678	511145.b0470	19.0	255
15203096	511145.b4221	18.9	511
15202390	511145.b3447	18.9	274
15201015	511145.b1918	18.9	120
15200551	511145.b1423	18.9	178
15200726	511145.b1618	18.9	128
15200938	511145.b1835	18.8	191
15200607	511145.b1487	18.8	254
15199366	511145.b0122	18.7	74
15199348	511145.b0103	18.6	72
15201953	511145.b2961	18.5	174
15200217	511145.b1061	18.5	51
15199419	511145.b0176	18.4	179
15201966	511145.b2980	18.3	94
15199848	511145.b0657	18.3	246
15201549	511145.b2504	18.2	37
15201805	511145.b2793	18.2	76
15200334	511145.b1186	18.1	165
15203144	511145.b4280	18.1	189
15199589	511145.b0378	18.1	103
15200860	511145.b1757	18.1	178
15201996	511145.b3017	18.0	259
15200549	511145.b1421	17.9	330
15199451	511145.b0214	17.9	85
15202011	511145.b3032	17.9	136
15199762	511145.b0568	17.9	424
15201367	511145.b2308	17.9	71
15200567	511145.b1441	17.9	179
15200116	511145.b0951	17.9	216
15203109	511145.b4238	17.9	276
15201608	511145.b2563	17.8	60
15201022	511145.b1925	17.8	71
15202060	511145.b3084	17.7	194
15200269	511145.b1113	17.7	185
15201656	511145.b2619	17.7	66
15201201	511145.b2134	17.6	137
15201447	511145.b2398	17.6	18
15201997	511145.b3018	17.5	96
15203203	511145.b4350	17.5	517
15201105	511145.b2028	17.4	176
15202744	511145.b3835	17.4	291
15203326	511145.b4551	17.4	31
15203237	511145.b4387	17.4	163
15200268	511145.b1112	17.4	31
15200090	511145.b0925	17.4	186
15203215	511145.b4362	17.3	81
15201985	511145.b3002	17.3	63
15203043	511145.b4167	17.2	196
15202795	511145.b3895	17.2	80
15201811	511145.b2799	17.1	152
15200027	511145.b0861	17.1	83
15202101	511145.b3131	17.1	103
15199355	511145.b0111	17.0	148
15201050	511145.b1958	17.0	80
15199395	511145.b0151	17.0	121
15202036	511145.b3059	16.9	63
15199446	511145.b0209	16.9	83
15203268	511145.b4461	16.9	125
15199390	511145.b0146	16.8	96
15201728	511145.b2714	16.8	86
15200260	511145.b1104	16.8	42
15199706	511145.b0498	16.7	49
15201629	511145.b2584	16.7	340
15200546	511145.b1418	16.7	52
15201361	511145.b2302	16.6	72
15200393	511145.b1250	16.6	154
15201327	511145.b2268	16.6	121
15201716	511145.b2702	16.6	68
15202358	511145.b3408	16.5	37
15202438	511145.b3497	16.5	120
15202165	511145.b3199	16.4	65
15203112	511145.b4241	16.4	119
15201799	511145.b2787	16.4	180
15203277	511145.b4471	16.3	371
15202489	511145.b3551	16.3	300
15199417	511145.b0174	16.3	98
15202543	511145.b3606	16.2	89
15200889	511145.b1786	16.2	190
15202760	511145.b3859	16.2	148
15201172	511145.b2101	16.1	95
15202757	511145.b3856	16.0	57
15200741	511145.b1633	16.0	66
15200137	511145.b0973	16.0	312
15201814	511145.b2802	15.9	232
15199675	511145.b0467	15.9	43
15203214	511145.b4361	15.8	96
15200903	511145.b1800	15.8	171
15201144	511145.b2068	15.7	152
15201053	511145.b1961	15.7	222
15200916	511145.b1813	15.6	46
15201886	511145.b2889	15.6	48
15201140	511145.b2064	15.5	286
15200314	511145.b1163	15.5	134
15199830	511145.b0639	15.4	72
15200739	511145.b1631	15.4	107
15200034	511145.b0868	15.4	107
15202000	511145.b3021	15.3	61
15202864	511145.b3967	15.3	143
15200057	511145.b0892	15.3	193
15200585	511145.b1462	15.3	57
15201320	511145.b2261	15.3	80
15203045	511145.b4169	15.2	140
15202125	511145.b3157	15.2	85
15201018	511145.b1921	15.1	55
15200483	511145.b1342	15.1	75
15202600	511145.b3665	15.1	213
15199802	511145.b0608	15.1	172
15202356	511145.b3406	15.0	73
15202043	511145.b3066	15.0	217
15202925	511145.b4042	14.9	66
15199426	511145.b0183	14.9	66
15202990	511145.b4110	14.8	130
15202393	511145.b3450	14.8	99
15199947	511145.b0780	14.8	104
15200482	511145.b1341	14.6	170
15199694	511145.b0486	14.5	60
15201139	511145.b2063	14.5	131
15202570	511145.b3633	14.5	180
15202737	511145.b3828	14.5	100
15201302	511145.b2243	14.4	169
15202695	511145.b3778	14.4	246
15199831	511145.b0640	14.4	96
15201196	511145.b2129	14.4	100
15199769	511145.b0575	14.3	338
15202566	511145.b3629	14.3	119
15203063	511145.b4187	14.3	219
15199932	511145.b0765	14.3	95
15200144	511145.b0980	14.3	162
15201681	511145.b2660	14.3	150
15200503	511145.b1370	14.1	1338
15201908	511145.b2912	14.0	64
15202555	511145.b3618	13.9	79
15200336	511145.b1188	13.9	150
15199559	511145.b0343	13.9	112
15200285	511145.b1129	13.8	160
15203031	511145.b4152	13.8	59
15200194	511145.b1037	13.8	113
15201160	511145.b2086	13.8	78
15200006	511145.b0840	13.8	88
15201245	511145.b2180	13.8	216
15201817	511145.b2805	13.7	81
15203118	511145.b4248	13.7	30
15200028	511145.b0862	13.7	68
15200945	511145.b1842	13.6	15
15199487	511145.b0261	13.6	94
15199416	511145.b0173	13.6	113
15200730	511145.b1622	13.6	146
15200479	511145.b1338	13.5	147
15201084	511145.b2005	13.4	57
15200595	511145.b1475	13.4	218
15202973	511145.b4090	13.4	57
15203093	511145.b4218	13.3	127
15200436	511145.b1294	13.3	162
15202096	511145.b3126	13.3	62
15199995	511145.b0829	13.3	219
15202550	511145.b3613	13.2	123
15201688	511145.b2667	13.2	38
15200461	511145.b1320	13.2	85
15202451	511145.b3511	13.1	50
15202381	511145.b3437	13.1	36
15200577	511145.b1451	13.0	172
15203149	511145.b4290	12.9	71
15201193	511145.b2126	12.9	151
15201336	511145.b2277	12.9	48
15199438	511145.b0195	12.9	67
15202747	511145.b3839	12.9	42
15202075	511145.b3099	12.9	64
15200614	511145.b1494	12.8	301
15199329	511145.b0083	12.7	39
15200794	511145.b1688	12.7	64
15203178	511145.b4320	12.7	93
15200467	511145.b1326	12.7	64
15200333	511145.b1185	12.7	84
15199829	511145.b0638	12.6	56
15200147	511145.b0983	12.6	112
15203038	511145.b4159	12.6	277
15202769	511145.b3869	12.5	73
15199673	511145.b0465	12.5	316
15199638	511145.b0429	12.5	16
15202569	511145.b3632	12.4	110
15202994	511145.b4114	12.3	135
15202058	511145.b3082	12.3	29
15201822	511145.b2810	12.3	129
15200812	511145.b1706	12.3	119
15202792	511145.b3892	12.2	73
15200019	511145.b0853	12.2	72
15203228	511145.b4378	12.2	77
15200252	511145.b1096	12.2	72
15203006	511145.b4126	12.2	39
15201820	511145.b2808	12.1	91
15199782	511145.b0588	12.1	65
15201758	511145.b2744	12.0	77
15200915	511145.b1812	12.0	134
15202325	511145.b3375	12.0	45
15202100	511145.b3130	12.0	48
15201038	511145.b1945	12.0	101
15200718	511145.b1610	12.0	77
15202051	511145.b3075	11.9	102
15202572	511145.b3635	11.9	90
15199552	511145.b0336	11.9	42
15202435	511145.b3494	11.8	23
15199527	511145.b0308	11.8	94
15200197	511145.b1040	11.7	81
15201469	511145.b2424	11.7	45
15199882	511145.b0707	11.6	70
15201485	511145.b2440	11.6	73
15203015	511145.b4136	11.6	107
15200238	511145.b1082	11.6	200
15201978	511145.b2993	11.5	50
15199330	511145.b0084	11.5	175
15202832	511145.b3934	11.5	70
15200246	511145.b1090	11.4	80
15201481	511145.b2436	11.4	88
15200274	511145.b1118	11.4	101
15201315	511145.b2256	11.3	44
15201955	511145.b2963	11.3	111
15201348	511145.b2289	11.3	76
15201804	511145.b2792	11.3	38
15202917	511145.b4033	11.3	118
15200432	511145.b1290	11.3	96
15199299	511145.b0050	11.1	32
15200210	511145.b1054	11.1	110
15199695	511145.b0487	11.0	31
15200441	511145.b1299	11.0	42
15200863	511145.b1760	10.9	29
15200531	511145.b1399	10.9	89
15200086	511145.b0921	10.8	62
15200857	511145.b1754	10.8	119
15201945	511145.b2953	10.7	30
15199339	511145.b0093	10.7	52
15200291	511145.b1135	10.7	52
15202565	511145.b3628	10.7	84
15200066	511145.b0901	10.7	51
15200637	511145.b1521	10.6	111
15200422	511145.b1280	10.6	104
15200646	511145.b1530	10.5	41
15201853	511145.b2844	10.5	94
15200998	511145.b1895	10.5	50
15199904	511145.b0730	10.4	53
15202429	511145.b3486	10.4	266
15200476	511145.b1335	10.3	52
15203017	511145.b4138	10.3	128
15201889	511145.b2892	10.3	151
15202816	511145.b3918	10.3	86
15201433	511145.b2381	10.3	69
15202349	511145.b3399	10.3	67
15200398	511145.b1255	10.2	26
15202120	511145.b3152	10.2	59
15200176	511145.b1013	10.2	46
15200300	511145.b1145	10.2	55
15201387	511145.b2328	10.2	64
15202900	511145.b4016	10.1	164
15201240	511145.b2175	10.1	28
15199611	511145.b0402	10.0	53
15201192	511145.b2125	9.87	72
15202588	511145.b3652	9.87	155
15200594	511145.b1474	9.86	513
15203168	511145.b4310	9.83	86
15201474	511145.b2429	9.83	40
15201150	511145.b2074	9.79	104
15202568	511145.b3631	9.76	77
15202773	511145.b3873	9.73	80
15201731	511145.b2717	9.64	45
15201600	511145.b2555	9.59	67
15202722	511145.b3811	9.56	84
15201026	511145.b1929	9.52	136
15199529	511145.b0311	9.45	168
15200231	511145.b1075	9.33	10
15202825	511145.b3927	9.32	58
15202098	511145.b3128	9.3	124
15199431	511145.b0188	9.26	79
15201494	511145.b2449	9.24	30
15200468	511145.b1327	9.2	86
15203128	511145.b4259	9.19	33
15200313	511145.b1162	9.19	62
15200947	511145.b1844	9.07	52
15203164	511145.b4305	8.96	81
15202433	511145.b3492	8.95	85
15201899	511145.b2902	8.92	54
15201253	511145.b2188	8.86	147
15199621	511145.b0412	8.83	34
15202621	511145.b3689	8.75	100
15200445	511145.b1303	8.67	63
15203065	511145.b4189	8.6	27
15202551	511145.b3614	8.58	80
15202992	511145.b4112	8.55	70
15200628	511145.b1512	8.53	70
15202538	511145.b3601	8.49	27
15201475	511145.b2430	8.49	89
15202204	511145.b3239	8.44	34
15200848	511145.b1745	8.42	85
15200923	511145.b1820	8.41	27
15200042	511145.b0876	8.4	117
15201335	511145.b2276	8.39	107
15199919	511145.b0752	8.38	27
15200615	511145.b1495	8.37	168
15203224	511145.b4374	8.35	51
15201893	511145.b2896	8.32	18
15199997	511145.b0831	8.31	53
15202902	511145.b4018	8.28	72
15201653	511145.b2616	8.26	91
15200834	511145.b1731	8.26	18
15200757	511145.b1649	8.22	51
15201221	511145.b2156	8.22	43
15200937	511145.b1834	8.22	219
15202365	511145.b3415	8.22	79
15200380	511145.b1235	8.21	71
15202234	511145.b3280	8.21	22
15200590	511145.b1467	8.21	265
15201284	511145.b2222	8.13	34
15202312	511145.b3360	8.12	48
15203201	511145.b4348	8.09	105
15200597	511145.b1477	8.02	16
15200234	511145.b1078	7.96	39
15201370	511145.b2311	7.96	52
15202560	511145.b3623	7.92	78
15202477	511145.b3538	7.91	74
15202567	511145.b3630	7.89	34
15200481	511145.b1340	7.89	31
15200640	511145.b1524	7.88	57
15200515	511145.b1383	7.85	21
15199532	511145.b0314	7.83	74
15199957	511145.b0790	7.79	47
15200866	511145.b1763	7.73	152
15200370	511145.b1222	7.7	101
15200862	511145.b1759	7.69	15
15203248	511145.b4398	7.67	38
15202469	511145.b3529	7.67	150
15201004	511145.b1904	7.66	18
15201211	511145.b2146	7.65	95
15201718	511145.b2704	7.55	27
15200018	511145.b0852	7.5	55
15201947	511145.b2955	7.49	57
15201286	511145.b2224	7.47	54
15199770	511145.b0576	7.46	61
15200768	511145.b1660	7.43	20
15203334	511145.b4566	7.42	13
15200211	511145.b1055	7.37	53
15202122	511145.b3154	7.36	102
15201033	511145.b1940	7.34	34
15202948	511145.b4065	7.33	57
15201870	511145.b2871	7.26	64
15200321	511145.b1172	7.25	20
15201034	511145.b1941	7.2	84
15203004	511145.b4124	7.19	66
15202558	511145.b3621	7.15	46
15200702	511145.b1594	7.15	80
15202718	511145.b3806	7.15	163
15202306	511145.b3354	7.13	15
15199494	511145.b0270	7.11	75
15201003	511145.b1902	7.09	40
15202317	511145.b3365	7.09	176
15203346	511145.b4596	7.08	11
15202408	511145.b3465	7.08	23
15200448	511145.b1306	7.05	12
15200180	511145.b1019	7.05	71
15202561	511145.b3624	7.04	41
15202604	511145.b3669	7.03	44
15199427	511145.b0184	7.03	222
15201810	511145.b2798	7.0	41
15203070	511145.b4194	6.98	14
15201209	511145.b2144	6.98	49
15203274	511145.b4468	6.97	60
15201075	511145.b1993	6.97	19
15201280	511145.b2218	6.96	209
15200610	511145.b1490	6.96	95
15201273	511145.b2211	6.96	92
15203212	511145.b4359	6.94	107
15201376	511145.b2317	6.93	20
15202532	511145.b3594	6.92	52
15200717	511145.b1609	6.91	84
15202186	511145.b3221	6.9	37
15202444	511145.b3503	6.89	25
15200875	511145.b1772	6.84	74
15200814	511145.b1708	6.81	27
15201868	511145.b2869	6.79	97
15203176	511145.b4318	6.78	27
15199672	511145.b0464	6.78	47
15201216	511145.b2151	6.78	64
15199531	511145.b0313	6.76	37
15200280	511145.b1124	6.75	24
15200358	511145.b1210	6.75	56
15202004	511145.b3025	6.7	39
15203034	511145.b4155	6.69	63
15199606	511145.b0397	6.68	167
15199889	511145.b0714	6.56	50
15200199	511145.b1042	6.55	15
15201999	511145.b3020	6.53	84
15200742	511145.b1634	6.51	71
15199402	511145.b0158	6.51	55
15200433	511145.b1291	6.48	49
15200997	511145.b1894	6.42	96
15202387	511145.b3444	6.42	96
15199271	511145.b0022	6.42	96
15203077	511145.b4201	6.35	29
15201555	511145.b2510	6.34	12
15200986	511145.b1883	6.33	61
15201692	511145.b2671	6.33	21
15200884	511145.b1781	6.33	36
15203322	511145.b4546	6.25	14
15200059	511145.b0894	6.25	133
15201828	511145.b2819	6.23	76
15200225	511145.b1069	6.21	71
15200671	511145.b1557	6.19	46
15201058	511145.b1969	6.17	35
15199872	511145.b0694	6.15	50
15201049	511145.b1957	6.15	10
15203068	511145.b4192	6.14	49
15201468	511145.b2423	6.14	12
15200738	511145.b1630	6.12	28
15203135	511145.b4266	6.11	53
15201385	511145.b2326	6.07	27
15201324	511145.b2265	6.05	79
15200439	511145.b1297	6.04	59
15201074	511145.b1992	6.03	37
15199726	511145.b0524	6.03	56
15200972	511145.b1869	6.0	18
15199699	511145.b0491	5.96	41
15202975	511145.b4093	5.95	18
15200159	511145.b0995	5.94	38
15201455	511145.b2410	5.89	37
15200995	511145.b1892	5.89	25
15201845	511145.b2836	5.89	116
15199345	511145.b0099	5.87	21
15200339	511145.b1191	5.87	52
15200021	511145.b0855	5.87	63
15202465	511145.b3525	5.77	47
15201891	511145.b2894	5.74	125
15201749	511145.b2735	5.7	26
15199507	511145.b0285	5.66	58
15201721	511145.b2707	5.65	41
15202741	511145.b3832	5.65	78
15200897	511145.b1794	5.64	46
15199582	511145.b0368	5.62	23
15201593	511145.b2548	5.54	57
15201310	511145.b2251	5.52	20
15199905	511145.b0731	5.5	51
15200111	511145.b0946	5.49	20
15203025	511145.b4146	5.45	46
15203278	511145.b4472	5.43	184
15199313	511145.b0066	5.43	30
15199715	511145.b0512	5.43	58
15201380	511145.b2321	5.42	63
15202337	511145.b3387	5.39	33
15199418	511145.b0175	5.36	25
15199459	511145.b0224	5.35	27
15201641	511145.b2602	5.33	9
15200060	511145.b0895	5.3	41
15201580	511145.b2535	5.28	62
15202656	511145.b3727	5.28	22
15200728	511145.b1620	5.27	39
15199388	511145.b0144	5.2	51
15201599	511145.b2554	5.18	43
15201241	511145.b2176	5.15	70
15200013	511145.b0847	5.12	34
15199963	511145.b0796	5.11	31
15201991	511145.b3010	5.1	37
15200774	511145.b1668	5.07	53
15201615	511145.b2570	5.04	13
15201297	511145.b2237	5.02	16
15202203	511145.b3238	4.98	12
15203146	511145.b4287	4.98	26
15202904	511145.b4020	4.92	41
15203072	511145.b4196	4.9	35
15200267	511145.b1111	4.86	29
15200626	511145.b1508	4.85	12
15203235	511145.b4385	4.81	46
15199992	511145.b0826	4.81	31
15200136	511145.b0972	4.8	49
15201259	511145.b2197	4.74	22
15200987	511145.b1884	4.7	39
15201797	511145.b2785	4.67	60
15200907	511145.b1804	4.66	49
15202564	511145.b3627	4.64	58
15202946	511145.b4063	4.63	8
15202487	511145.b3549	4.63	20
15201877	511145.b2878	4.62	113
15200645	511145.b1529	4.62	19
15201383	511145.b2324	4.6	147
15202174	511145.b3208	4.59	34
15201276	511145.b2214	4.59	28
15200591	511145.b1468	4.58	310
15201283	511145.b2221	4.57	30
15202303	511145.b3351	4.56	25
15201983	511145.b2998	4.53	7
15199610	511145.b0401	4.5	25
15200752	511145.b1644	4.49	34
15200080	511145.b0915	4.49	45
15199656	511145.b0447	4.48	16
15199975	511145.b0808	4.44	73
15201009	511145.b1912	4.44	21
15199519	511145.b0298	4.43	40
15201161	511145.b2088	4.43	40
15199585	511145.b0373	4.43	40
15200188	511145.b1027	4.43	40
15199739	511145.b0540	4.43	40
15201604	511145.b2559	4.42	23
15201472	511145.b2427	4.42	31
15203250	511145.b4400	4.39	19
15200484	511145.b1343	4.36	72
15200971	511145.b1868	4.33	32
15199873	511145.b0695	4.32	84
15199874	511145.b0696	4.32	19
15199391	511145.b0147	4.31	21
15201154	511145.b2078	4.3	55
15199871	511145.b0693	4.26	199
15201605	511145.b2560	4.25	29
15201712	511145.b2698	4.24	12
15202833	511145.b3935	4.21	98
15203148	511145.b4289	4.19	20
15202026	511145.b3049	4.18	8
15200200	511145.b1043	4.17	11
15201793	511145.b2781	4.17	24
15200492	511145.b1351	4.17	7
15200627	511145.b1511	4.17	54
15202878	511145.b3990	4.16	46
15201882	511145.b2883	4.14	54
15201854	511145.b2845	4.13	24
15199795	511145.b0601	4.12	25
15202590	511145.b3654	4.11	14
15201212	511145.b2147	4.11	36
15201794	511145.b2782	4.1	15
15200815	511145.b1709	4.05	30
15202220	511145.b3258	4.05	38
15201242	511145.b2177	4.04	55
15199959	511145.b0792	4.04	20
15201831	511145.b2822	4.04	106
15199687	511145.b0479	4.0	27
15202955	511145.b4072	3.98	25
15200378	511145.b1233	3.97	33
15201812	511145.b2800	3.96	23
15201059	511145.b1970	3.94	15
15201066	511145.b1981	3.94	31
15201323	511145.b2264	3.92	49
15202844	511145.b3946	3.92	29
15199943	511145.b0776	3.92	22
15201982	511145.b2997	3.89	37
15200811	511145.b1705	3.89	6
15200195	511145.b1038	3.87	14
15202731	511145.b3822	3.86	48
15200236	511145.b1080	3.84	34
15200517	511145.b1385	3.84	59
15201606	511145.b2561	3.84	23
15202828	511145.b3930	3.84	9
15200230	511145.b1074	3.83	15
15199433	511145.b0190	3.83	26
15200913	511145.b1810	3.81	12
15201644	511145.b2605	3.81	18
15202371	511145.b3424	3.81	28
15200547	511145.b1419	3.79	8
15201405	511145.b2349	3.79	39
15200887	511145.b1784	3.75	43
15200638	511145.b1522	3.75	16
15202692	511145.b3773	3.74	31
15201803	511145.b2791	3.73	27
15199663	511145.b0454	3.7	8
15201129	511145.b2053	3.68	30
15199953	511145.b0786	3.66	24
15201060	511145.b1971	3.65	34
15202082	511145.b3106	3.63	27
15203000	511145.b4120	3.63	28
15199526	511145.b0307	3.62	53
15200518	511145.b1386	3.61	79
15201935	511145.b2943	3.61	30
15199758	511145.b0564	3.6	29
15201448	511145.b2399	3.6	8
15199875	511145.b0697	3.59	37
15202617	511145.b3685	3.59	45
15200203	511145.b1046	3.55	55
15203133	511145.b4264	3.54	34
15200427	511145.b1285	3.52	39
15201257	511145.b2195	3.52	14
15199429	511145.b0186	3.52	69
15201798	511145.b2786	3.51	80
15200714	511145.b1606	3.5	22
15202629	511145.b3700	3.49	26
15203313	511145.b4532	3.48	4
15201445	511145.b2394	3.48	79
15199776	511145.b0582	3.48	79
15199266	511145.b0016	3.48	79
15200556	511145.b1429	3.46	23
15200085	511145.b0920	3.45	20
15200364	511145.b1216	3.45	30
15202559	511145.b3622	3.45	40
15201354	511145.b2295	3.44	9
15202603	511145.b3668	3.42	24
15202089	511145.b3117	3.41	50
15201048	511145.b1956	3.37	48
15199883	511145.b0708	3.36	51
15200045	511145.b0879	3.36	58
15203287	511145.b4481	3.36	33
15202399	511145.b3456	3.32	29
15200847	511145.b1744	3.3	19
15199612	511145.b0403	3.28	68
15199533	511145.b0315	3.26	31
15201275	511145.b2213	3.25	41
15201041	511145.b1948	3.25	16
15201263	511145.b2201	3.22	8
15201695	511145.b2674	3.21	5
15202208	511145.b3243	3.2	37
15201054	511145.b1962	3.19	21
15202706	511145.b3790	3.19	19
15202290	511145.b3338	3.18	123
15201247	511145.b2182	3.18	9
15200003	511145.b0837	3.18	28
15201268	511145.b2206	3.18	77
15201404	511145.b2347	3.18	15
15203099	511145.b4225	3.15	10
15203156	511145.b4297	3.13	54
15202772	511145.b3872	3.12	18
15201052	511145.b1960	3.09	11
15199696	511145.b0488	3.06	5
15201186	511145.b2118	3.05	70
15202310	511145.b3358	3.03	45
15202508	511145.b3570	3.02	35
15202484	511145.b3546	2.99	24
15202222	511145.b3260	2.97	27
15199399	511145.b0155	2.97	26
15201620	511145.b2575	2.96	15
15202923	511145.b4040	2.96	10
15201205	511145.b2140	2.96	26
15203153	511145.b4294	2.95	52
15202754	511145.b3848	2.94	19
15201880	511145.b2881	2.93	53
15201339	511145.b2280	2.92	12
15201745	511145.b2731	2.92	45
15202215	511145.b3252	2.91	48
15201848	511145.b2839	2.89	30
15201744	511145.b2730	2.89	32
15199525	511145.b0306	2.88	23
15199704	511145.b0496	2.87	53
15200183	511145.b1022	2.83	28
15202517	511145.b3579	2.82	24
15202372	511145.b3425	2.81	10
15200084	511145.b0919	2.8	23
15201446	511145.b2395	2.76	45
15201443	511145.b2392	2.74	20
15202674	511145.b3745	2.73	22
15199541	511145.b0324	2.72	27
15199333	511145.b0087	2.71	24
15203182	511145.b4324	2.7	13
15201057	511145.b1968	2.7	37
15200434	511145.b1292	2.69	8
15200125	511145.b0960	2.69	36
15201866	511145.b2867	2.67	22
15200693	511145.b1585	2.66	13
15202507	511145.b3569	2.66	25
15202676	511145.b3747	2.61	43
15202563	511145.b3626	2.61	28
15199517	511145.b0295	2.6	17
15199296	511145.b0047	2.6	42
15200354	511145.b1206	2.59	20
15200651	511145.b1535	2.59	28
15202851	511145.b3954	2.58	16
15201693	511145.b2672	2.57	7
15199665	511145.b0457	2.57	25
15202360	511145.b3410	2.56	4
15200449	511145.b1307	2.56	3
15203011	511145.b4131	2.55	59
15199269	511145.b0020	2.54	25
15201152	511145.b2076	2.53	47
15199960	511145.b0793	2.52	20
15201282	511145.b2220	2.51	26
15199392	511145.b0148	2.49	47
15199744	511145.b0546	2.48	8
15199452	511145.b0215	2.45	15
15201701	511145.b2682	2.44	5
15202644	511145.b3715	2.41	11
15202237	511145.b3283	2.41	11
15203152	511145.b4293	2.4	9
15202104	511145.b3136	2.4	15
15199316	511145.b0069	2.4	24
15202064	511145.b3088	2.39	17
15202050	511145.b3074	2.37	6
15202067	511145.b3091	2.37	37
15201450	511145.b2405	2.36	16
15203161	511145.b4302	2.35	11
15200697	511145.b1589	2.34	24
15202094	511145.b3124	2.32	26
15202069	511145.b3093	2.31	18
15200740	511145.b1632	2.31	11
15199490	511145.b0265	2.29	52
15199499	511145.b0275	2.29	52
15203303	511145.b4516	2.29	52
15202945	511145.b4062	2.27	8
15199574	511145.b0358	2.27	20
15202455	511145.b3515	2.27	19
15202989	511145.b4109	2.27	34
15199660	511145.b0451	2.25	7
15201829	511145.b2820	2.24	71
15199609	511145.b0400	2.22	19
15202228	511145.b3266	2.2	103
15199761	511145.b0567	2.2	27
15201031	511145.b1938	2.2	28
15200576	511145.b1450	2.15	10
15201876	511145.b2877	2.14	15
15203272	511145.b4466	2.12	84
15202896	511145.b4012	2.1	9
15200639	511145.b1523	2.1	8
15201070	511145.b1987	2.08	13
15201427	511145.b2375	2.07	8
15200228	511145.b1072	2.06	11
15200330	511145.b1182	2.05	22
15199305	511145.b0058	2.04	13
15202472	511145.b3532	2.04	50
15202845	511145.b3947	2.02	149
15199760	511145.b0566	2.0	19
15203273	511145.b4467	1.99	19
15200262	511145.b1106	1.92	8
15200992	511145.b1889	1.92	17
15199504	511145.b0281	1.91	17
15202700	511145.b3784	1.9	10
15199565	511145.b0349	1.9	19
15201659	511145.b2623	1.9	31
15202005	511145.b3026	1.89	24
15201001	511145.b1900	1.89	37
15200024	511145.b0858	1.89	5
15200281	511145.b1125	1.88	17
15201800	511145.b2788	1.87	24
15202502	511145.b3564	1.85	30
15203307	511145.b4522	1.85	5
15201319	511145.b2260	1.85	16
15199998	511145.b0832	1.85	15
15203163	511145.b4304	1.84	15
15200715	511145.b1607	1.8	4
15203275	511145.b4469	1.79	35
15199276	511145.b0027	1.78	5
15200494	511145.b1353	1.76	8
15200736	511145.b1628	1.76	10
15202318	511145.b3366	1.76	6
15200592	511145.b1469	1.75	19
15200374	511145.b1226	1.75	17
15199524	511145.b0305	1.75	19
15200966	511145.b1863	1.75	7
15201936	511145.b2944	1.74	8
15201741	511145.b2727	1.74	16
15200000	511145.b0834	1.71	23
15199948	511145.b0781	1.7	23
15201366	511145.b2307	1.7	5
15201439	511145.b2387	1.67	6
15203173	511145.b4315	1.66	12
15202786	511145.b3886	1.65	8
15201515	511145.b2470	1.65	32
15200196	511145.b1039	1.63	5
15201483	511145.b2438	1.58	9
15200513	511145.b1381	1.57	41
15200709	511145.b1601	1.57	9
15203052	511145.b4176	1.56	4
15200233	511145.b1077	1.55	7
15200880	511145.b1777	1.55	4
15201128	511145.b2052	1.54	6
15202071	511145.b3095	1.54	6
15199658	511145.b0449	1.54	22
15201194	511145.b2127	1.53	11
15202641	511145.b3712	1.53	11
15199551	511145.b0335	1.53	19
15202960	511145.b4077	1.52	27
15199607	511145.b0398	1.52	19
15202459	511145.b3519	1.51	29
15199285	511145.b0036	1.5	8
15202324	511145.b3374	1.5	77
15202475	511145.b3536	1.5	23
15201772	511145.b2758	1.5	8
15199488	511145.b0262	1.5	12
15202461	511145.b3521	1.48	10
15201095	511145.b2017	1.48	3
15200854	511145.b1751	1.47	12
15200565	511145.b1439	1.47	13
15201666	511145.b2630	1.46	12
15200975	511145.b1872	1.46	24
15203249	511145.b4399	1.46	14
15201879	511145.b2880	1.46	10
15200642	511145.b1526	1.45	8
15200140	511145.b0976	1.45	8
15199486	511145.b0260	1.44	9
15200471	511145.b1330	1.42	15
15203194	511145.b4336	1.41	17
15201138	511145.b2062	1.41	15
15199613	511145.b0404	1.4	12
15201650	511145.b2611	1.4	8
15199961	511145.b0794	1.4	20
15201249	511145.b2184	1.39	25
15200295	511145.b1139	1.38	9
15203137	511145.b4268	1.37	8
15200902	511145.b1799	1.36	12
15200729	511145.b1621	1.36	17
15202173	511145.b3207	1.35	9
15199588	511145.b0377	1.35	12
15203193	511145.b4335	1.34	9
15202419	511145.b3476	1.33	18
15203289	511145.b4483	1.33	12
15199862	511145.b0682	1.32	5
15203147	511145.b4288	1.31	14
15202998	511145.b4118	1.3	9
15201244	511145.b2179	1.3	10
15200611	511145.b1491	1.3	19
15203030	511145.b4151	1.29	4
15202394	511145.b3451	1.26	9
15199311	511145.b0064	1.26	8
15199579	511145.b0365	1.24	10
15202513	511145.b3575	1.23	21
15201581	511145.b2536	1.23	11
15201239	511145.b2174	1.22	8
15200229	511145.b1073	1.22	4
15201435	511145.b2383	1.21	111
15201965	511145.b2979	1.21	17
15201256	511145.b2194	1.2	13
15200689	511145.b1581	1.19	15
15199651	511145.b0442	1.18	3
15201412	511145.b2360	1.17	7
15201331	511145.b2272	1.16	3
15202602	511145.b3667	1.15	9
15200012	511145.b0846	1.15	3
15201153	511145.b2077	1.15	6
15203024	511145.b4145	1.13	8
15200579	511145.b1453	1.13	10
15199890	511145.b0715	1.13	6
15202916	511145.b4032	1.12	10
15201092	511145.b2014	1.12	4
15200982	511145.b1879	1.12	14
15199547	511145.b0330	1.12	17
15199657	511145.b0448	1.11	11
15201962	511145.b2975	1.09	13
15202889	511145.b4001	1.09	8
15203230	511145.b4380	1.09	21
15199707	511145.b0503	1.09	12
15202230	511145.b3269	1.08	6
15200420	511145.b1278	1.08	8
15203157	511145.b4298	1.07	8
15199476	511145.b0247	1.07	5
15200911	511145.b1808	1.07	10
15200723	511145.b1615	1.06	12
15199966	511145.b0799	1.06	21
15200504	511145.b1372	1.06	25
15202470	511145.b3530	1.06	34
15203199	511145.b4346	1.04	12
15199406	511145.b0162	1.03	6
15199717	511145.b0514	1.03	8
15200181	511145.b1020	1.03	5
15200946	511145.b1843	1.02	8
15202061	511145.b3085	1.02	3
15202409	511145.b3466	1.02	4
15201990	511145.b3009	1.02	4
15201030	511145.b1937	1.01	3
15201113	511145.b2037	1.01	9
15203270	511145.b4464	0.998	22
15203084	511145.b4209	0.99	7
15201274	511145.b2212	0.99	29
15202598	511145.b3663	0.989	6
15200924	511145.b1821	0.983	6
15201981	511145.b2996	0.974	11
15202418	511145.b3475	0.965	3
15200706	511145.b1598	0.949	3
15202961	511145.b4078	0.924	7
15199956	511145.b0789	0.923	13
15200035	511145.b0869	0.922	15
15200371	511145.b1223	0.921	16
15202034	511145.b3057	0.917	10
15199335	511145.b0089	0.914	10
15200145	511145.b0981	0.909	15
15200050	511145.b0885	0.903	8
15203071	511145.b4195	0.898	3
15202505	511145.b3567	0.894	11
15200349	511145.b1201	0.891	19
15200315	511145.b1164	0.886	3
15203087	511145.b4212	0.883	3
15201878	511145.b2879	0.88	15
15202944	511145.b4061	0.87	16
15202974	511145.b4092	0.869	6
15202012	511145.b3033	0.854	3
15202655	511145.b3726	0.838	8
15201956	511145.b2964	0.828	9
15201590	511145.b2545	0.827	11
15203267	511145.b4460	0.827	6
15201304	511145.b2245	0.826	3
15199466	511145.b0233	0.824	3
15202780	511145.b3880	0.811	8
15199743	511145.b0545	0.811	4
15202369	511145.b3421	0.81	18
15202333	511145.b3383	0.809	6
15200696	511145.b1588	0.807	13
15200564	511145.b1438	0.795	3
15202997	511145.b4117	0.794	15
15202892	511145.b4004	0.787	7
15203005	511145.b4125	0.777	8
15200530	511145.b1398	0.772	9
15202105	511145.b3137	0.761	10
15201587	511145.b2542	0.752	5
15200142	511145.b0978	0.751	8
15202728	511145.b3819	0.75	3
15201519	511145.b2474	0.75	10
15200237	511145.b1081	0.748	10
15201417	511145.b2365	0.747	6
15202448	511145.b3508	0.745	3
15200688	511145.b1580	0.739	4
15201036	511145.b1943	0.736	4
15200981	511145.b1878	0.726	3
15200586	511145.b1463	0.723	7
15200529	511145.b1397	0.71	9
15202601	511145.b3666	0.705	8
15202088	511145.b3116	0.684	7
15201044	511145.b1951	0.678	4
15201143	511145.b2067	0.676	18
15202352	511145.b3402	0.67	7
15199556	511145.b0340	0.667	3
15201514	511145.b2469	0.661	6
15202162	511145.b3196	0.657	22
15202647	511145.b3718	0.655	4
15201840	511145.b2831	0.654	5
15199965	511145.b0798	0.654	3
15201136	511145.b2060	0.642	10
15200695	511145.b1587	0.629	18
15200894	511145.b1791	0.626	5
15202967	511145.b4084	0.623	3
15200148	511145.b0984	0.623	6
15199309	511145.b0062	0.622	6
15200071	511145.b0906	0.618	5
15203189	511145.b4331	0.613	3
15199938	511145.b0771	0.612	14
15202017	511145.b3039	0.6	4
15199268	511145.b0019	0.596	5
15203158	511145.b4299	0.596	7
15200319	511145.b1168	0.593	5
15201685	511145.b2664	0.591	3
15202119	511145.b3151	0.591	7
15199453	511145.b0217	0.589	4
15199636	511145.b0427	0.579	4
15201730	511145.b2716	0.577	8
15202668	511145.b3739	0.547	11
15201432	511145.b2380	0.546	27
15202488	511145.b3550	0.539	4
15202385	511145.b3441	0.533	3
15202711	511145.b3795	0.527	8
15201601	511145.b2556	0.52	4
15202712	511145.b3800	0.518	3
15200410	511145.b1268	0.517	4
15202473	511145.b3533	0.515	8
15202781	511145.b3881	0.515	3
15200568	511145.b1442	0.513	3
15200435	511145.b1293	0.509	3
15200588	511145.b1465	0.499	3
15202422	511145.b3479	0.48	7
15200443	511145.b1301	0.476	10
15202093	511145.b3121	0.464	4
15201124	511145.b2048	0.453	6
15199397	511145.b0153	0.452	8
15203284	511145.b4478	0.428	3
15202416	511145.b3473	0.427	3
15200519	511145.b1387	0.42	16
15203134	511145.b4265	0.416	3
15199763	511145.b0569	0.412	8
15201532	511145.b2487	0.41	4
15201151	511145.b2075	0.408	9
15200918	511145.b1815	0.401	3
15200074	511145.b0909	0.4	3
15201872	511145.b2873	0.399	5
15199642	511145.b0433	0.389	8
15203142	511145.b4278	0.386	4
15201726	511145.b2712	0.384	8
15202708	511145.b3792	0.382	4
15199841	511145.b0650	0.378	3
15201357	511145.b2298	0.378	6
15199482	511145.b0253	0.376	3
15201674	511145.b2642	0.374	5
15201316	511145.b2257	0.37	6
15199291	511145.b0042	0.363	3
15199568	511145.b0352	0.362	3
15200874	511145.b1771	0.358	4
15200157	511145.b0993	0.341	6
15202953	511145.b4070	0.336	5
15200161	511145.b0997	0.332	5
15202458	511145.b3518	0.332	4
15202028	511145.b3051	0.332	4
15203074	511145.b4198	0.331	3
15202648	511145.b3719	0.33	4
15200765	511145.b1657	0.327	3
15202447	511145.b3507	0.326	3
15203198	511145.b4345	0.326	8
15201243	511145.b2178	0.321	3
15201724	511145.b2710	0.32	4
15201422	511145.b2370	0.307	10
15202592	511145.b3656	0.305	4
15199288	511145.b0039	0.298	3
15201622	511145.b2577	0.289	3
15202970	511145.b4087	0.284	3
15201595	511145.b2550	0.282	4
15199999	511145.b0833	0.281	8
15202541	511145.b3604	0.279	3
15201542	511145.b2497	0.275	3
15199711	511145.b0507	0.258	3
15201120	511145.b2044	0.251	3
15201750	511145.b2736	0.25	3
15201658	511145.b2622	0.245	4
15201594	511145.b2549	0.233	8
15200983	511145.b1880	0.227	13
15200658	511145.b1542	0.227	12
15201237	511145.b2172	0.224	12
15201420	511145.b2368	0.22	3
15203122	511145.b4253	0.203	3
15202806	511145.b3906	0.198	4
15200081	511145.b0916	0.192	3
15203291	511145.b4485	0.184	3
15201788	511145.b2776	0.169	3
15201329	511145.b2270	0.164	3
15202509	511145.b3571	0.158	4
15200609	511145.b1489	0.156	3
15202279	511145.b3327	0.144	9
15202683	511145.b3754	0.14	6
15200853	511145.b1750	0.137	3
15200807	511145.b1701	0.126	9
15202798	511145.b3898	0.118	3
15203119	511145.b4249	0.097	5
15201437	511145.b2385	0.072	14
15201436	511145.b2384	0.071	7
15199878	511145.b0700	0.06	3
15202963	511145.b4080	0.058	7
15200713	511145.b1605	0.046	3
15200175	511145.b1012	0.046	14
15200105	511145.b0940	0.044	3
15200174	511145.b1011	0.043	3
15199262	511145.b0011	0.039	3
15199483	511145.b0254	0.032	3
15201119	511145.b2043	0.025	3
15199891	511145.b0716	0.025	4
15202091	511145.b3119	0.024	3
15202274	511145.b3322	0.018	3
15200761	511145.b1653	0.014	14
15199870	511145.b0692	0.013	3
15202421	511145.b3478	0.011	3
15199464	511145.b0231	0.006	3
15200271	511145.b1115	0.005	3
15201496	511145.b2451	0.003	3
15200184	511145.b1023	0.003	3
