#id: 581136066
#name: E.coli - Whole organism, Gly and lac substrate, SC (Lewis,mol_syst_biol,2010)
#score: 6.54
#weight:  20%
#description: abundance based on Spectral counting, Gly and Lac substrate, Interaction consistency score: 6.54, Coverage: 21
#organ: WHOLE_ORGANISM
#integrated: false
#coverage: 21
#link: http://www.ncbi.nlm.nih.gov/pubmed/20664636
#publication_year: 2010
#filename: 511145-WT-lewis-peptide_count.txt
#
#internal_id	string_external_id	abundance	raw_spectral_count
15202262	511145.b3310	27519	1043552
15199272	511145.b0023	25162	296492
15202873	511145.b3985	20817	1179803
15200122	511145.b0957	19558	2448069
15203079	511145.b4203	16729	1322013
15202042	511145.b3065	15889	103008
15201648	511145.b2609	15319	329412
15203078	511145.b4202	14998	264181
15202632	511145.b3703	14353	40105
15202253	511145.b3301	13577	735040
15202293	511145.b3341	13493	690018
15199649	511145.b0440	12979	290827
15202256	511145.b3304	12962	269694
15200382	511145.b1237	12798	422333
15200926	511145.b1823	12304	493024
15201462	511145.b2417	11417	533195
15202255	511145.b3303	11377	752010
15202574	511145.b3637	10995	137344
15200882	511145.b1779	10508	978336
15202874	511145.b3986	10356	291004
15202264	511145.b3312	10330	255496
15202151	511145.b3185	9625	336836
15202201	511145.b3236	9526	808493
15200465	511145.b1324	9443	468870
15202267	511145.b3315	9430	347970
15202272	511145.b3320	9243	606598
15202403	511145.b3460	9163	775063
15201921	511145.b2926	8812	1182922
15202888	511145.b4000	8706	239705
15202871	511145.b3983	8664	470715
15202291	511145.b3339	8082	2293292
15202868	511145.b3980	8082	2293292
15199925	511145.b0758	7646	739772
15200600	511145.b1480	7553	40737
15201165	511145.b2094	7343	317604
15202899	511145.b4015	7338	1095804
15201459	511145.b2414	7328	731167
15202248	511145.b3296	7208	439180
15202257	511145.b3305	7205	436913
15202258	511145.b3306	7124	328058
15201791	511145.b2779	7118	866431
15202259	511145.b3307	7096	79896
15202271	511145.b3319	7088	367175
15202261	511145.b3309	7014	277758
15202254	511145.b3302	6930	78684
15199412	511145.b0169	6917	537418
15201250	511145.b2185	6804	190056
15202246	511145.b3294	6756	194944
15201645	511145.b2606	6597	196490
15200292	511145.b1136	6567	728092
15202250	511145.b3298	6304	223554
15202266	511145.b3314	6283	308389
15202269	511145.b3317	5943	468193
15201164	511145.b2093	5822	343717
15202195	511145.b3230	5290	178459
15200822	511145.b1717	5240	75753
15202133	511145.b3165	5022	55411
15202740	511145.b3831	4970	295565
15202265	511145.b3313	4962	168948
15200821	511145.b1716	4943	58311
15202677	511145.b3748	4836	307015
15202196	511145.b3231	4705	159056
15202294	511145.b3342	4669	105512
15199645	511145.b0436	4641	747230
15202872	511145.b3984	4541	442219
15201901	511145.b2904	4472	47559
15203116	511145.b4245	4348	435863
15203022	511145.b4143	4329	627229
15199799	511145.b0605	4210	277074
15202273	511145.b3321	4198	177827
15202483	511145.b3544	4173	585896
15202738	511145.b3829	4125	903049
15203076	511145.b4200	3982	167534
15199922	511145.b0755	3954	267648
15200245	511145.b1089	3941	55121
15202661	511145.b3732	3895	622574
15199421	511145.b0178	3873	171474
15202292	511145.b3340	3771	763830
15201543	511145.b2498	3731	238904
15200960	511145.b1857	3654	278323
15203115	511145.b4244	3647	178330
15202263	511145.b3311	3570	64097
15199682	511145.b0474	3340	187696
15201167	511145.b2096	3257	188657
15201596	511145.b2551	3180	282160
15199413	511145.b0170	3100	343887
15201215	511145.b2150	3091	364900
15202260	511145.b3308	3088	223024
15203021	511145.b4142	3048	138730
15202268	511145.b3316	3010	98752
15202808	511145.b3908	3009	135965
15200386	511145.b1243	2971	450362
15200818	511145.b1712	2866	63963
15200076	511145.b0911	2826	364105
15199360	511145.b0116	2808	375398
15202573	511145.b3636	2776	39740
15200842	511145.b1739	2740	73323
15199624	511145.b0415	2557	103942
15203226	511145.b4376	2541	168664
15201460	511145.b2415	2538	40730
15202247	511145.b3295	2536	313559
15199646	511145.b0437	2508	98646
15201166	511145.b2095	2433	276852
15200602	511145.b1482	2408	54453
15202152	511145.b3186	2381	74726
15199902	511145.b0728	2369	349050
15202693	511145.b3774	2359	356669
15201909	511145.b2913	2346	213632
15199903	511145.b0729	2337	211379
15201553	511145.b2508	2222	309452
15201624	511145.b2579	2168	78937
15201521	511145.b2476	2131	213560
15202665	511145.b3736	2127	119154
15200953	511145.b1850	2097	114020
15202663	511145.b3734	2097	288232
15202074	511145.b3098	2080	52342
15199816	511145.b0623	2076	89351
15201563	511145.b2518	2028	112280
15201106	511145.b2029	2022	312213
15202251	511145.b3299	2002	5497
15199264	511145.b0014	1934	353989
15200823	511145.b1718	1930	116367
15199415	511145.b0172	1915	65095
15201368	511145.b2309	1763	142531
15200259	511145.b1103	1657	39081
15203100	511145.b4226	1652	45082
15202301	511145.b3349	1603	59217
15200920	511145.b1817	1595	189053
15201085	511145.b2007	1547	39696
15201920	511145.b2925	1545	154439
15202270	511145.b3318	1470	32092
15199440	511145.b0197	1459	122769
15200664	511145.b1550	1450	28882
15203089	511145.b4214	1430	186331
15202585	511145.b3649	1424	49937
15201382	511145.b2323	1392	102310
15202660	511145.b3731	1380	31634
15199468	511145.b0237	1375	300833
15201706	511145.b2687	1365	106280
15202336	511145.b3386	1336	64163
15202664	511145.b3735	1322	74854
15199362	511145.b0118	1297	386878
15200430	511145.b1288	1285	105761
15200394	511145.b1251	1283	11442
15200355	511145.b1207	1282	160345
15199259	511145.b0008	1267	180663
15202834	511145.b3936	1255	34562
15199979	511145.b0812	1252	93736
15200167	511145.b1003	1252	53554
15202870	511145.b3982	1251	59902
15200363	511145.b1215	1243	70451
15199518	511145.b0296	1241	59323
15200578	511145.b1452	1217	151324
15202249	511145.b3297	1194	53712
15201097	511145.b2020	1188	90041
15201578	511145.b2533	1181	76770
15199772	511145.b0578	1175	93704
15201651	511145.b2614	1154	71138
15202221	511145.b3259	1149	47936
15201369	511145.b2310	1144	129817
15202817	511145.b3919	1122	60185
15199635	511145.b0426	1097	69890
15200864	511145.b1761	1080	148072
15202826	511145.b3928	1074	30152
15200218	511145.b1062	1071	82606
15200782	511145.b1676	1058	159184
15202379	511145.b3433	1051	85808
15199325	511145.b0078	1040	63976
15199986	511145.b0820	1037	188512
15199727	511145.b0525	1036	34630
15201017	511145.b1920	1034	128905
15199255	511145.b0004	1024	140133
15200403	511145.b1260	1023	74630
15200322	511145.b1174	1021	33594
15200788	511145.b1682	1006	81285
15200049	511145.b0884	975	19605
15202698	511145.b3781	973	49701
15199978	511145.b0811	968	104264
15199725	511145.b0523	965	32679
15202020	511145.b3042	956	35047
15200249	511145.b1093	928	71792
15202214	511145.b3251	925	80567
15202309	511145.b3357	919	70474
15202364	511145.b3414	913	48755
15199389	511145.b0145	912	53478
15202353	511145.b3403	912	140710
15199602	511145.b0391	907	15269
15201910	511145.b2914	890	37602
15203286	511145.b4480	883	75052
15203233	511145.b4383	879	160204
15199407	511145.b0163	874	42743
15200868	511145.b1765	869	58533
15200323	511145.b1175	868	84745
15202934	511145.b4051	866	85420
15201343	511145.b2284	842	167755
15200077	511145.b0912	832	25792
15202771	511145.b3871	830	132877
15200248	511145.b1092	826	38027
15201890	511145.b2893	821	67773
15200054	511145.b0889	820	38104
15201062	511145.b1973	805	47350
15203251	511145.b4401	792	61994
15201560	511145.b2515	786	110560
15199281	511145.b0032	783	98338
15202163	511145.b3197	777	82316
15201096	511145.b2019	775	69513
15202401	511145.b3458	762	101754
15202217	511145.b3255	760	29238
15199254	511145.b0003	746	55404
15202008	511145.b3029	742	7512
15202894	511145.b4006	741	118146
15201950	511145.b2958	730	54245
15203114	511145.b4243	726	25063
15200068	511145.b0903	717	174721
15200026	511145.b0860	716	67584
15201236	511145.b2171	704	22986
15200384	511145.b1241	699	158484
15202132	511145.b3164	687	137766
15199647	511145.b0438	686	121640
15200762	511145.b1654	681	26466
15201928	511145.b2935	679	105631
15202137	511145.b3169	654	125327
15199455	511145.b0220	651	37591
15200289	511145.b1133	651	65490
15200046	511145.b0880	642	12120
15202680	511145.b3751	642	82978
15199428	511145.b0185	631	63421
15200867	511145.b1764	628	66309
15202876	511145.b3988	624	252655
15199857	511145.b0677	623	123721
15200119	511145.b0954	621	35651
15201710	511145.b2696	621	10990
15202547	511145.b3610	620	9019
15201375	511145.b2316	620	50761
15199319	511145.b0072	620	68791
15201540	511145.b2495	620	18733
15199366	511145.b0122	618	17790
15202875	511145.b3987	618	214612
15199801	511145.b0607	617	29881
15199679	511145.b0471	616	17164
15200093	511145.b0928	614	77804
15203234	511145.b4384	612	67023
15200545	511145.b1415	608	131490
15199846	511145.b0655	603	59981
15199341	511145.b0095	591	105560
15202770	511145.b3870	589	98317
15202847	511145.b3950	587	16501
15199778	511145.b0584	586	114045
15199375	511145.b0131	584	11585
15201575	511145.b2530	583	84206
15202375	511145.b3429	580	84971
15200816	511145.b1710	580	48001
15201103	511145.b2026	579	27974
15201218	511145.b2153	576	31093
15201523	511145.b2478	573	47218
15201525	511145.b2480	572	31012
15199863	511145.b0683	569	34047
15200701	511145.b1593	566	35047
15200783	511145.b1677	566	25371
15202784	511145.b3884	562	41032
15200029	511145.b0863	561	41122
15200072	511145.b0907	561	68396
15200977	511145.b1874	559	30875
15200957	511145.b1854	555	94101
15200508	511145.b1376	550	27794
15202240	511145.b3288	543	39554
15199985	511145.b0819	541	20211
15201777	511145.b2763	540	107082
15202701	511145.b3785	538	59581
15202334	511145.b3384	537	50823
15202764	511145.b3863	530	113320
15199924	511145.b0757	521	27335
15201946	511145.b2954	521	11567
15199320	511145.b0073	518	48147
15199318	511145.b0071	509	30817
15201598	511145.b2553	506	19454
15200820	511145.b1714	494	65989
15203082	511145.b4207	492	34066
15201011	511145.b1914	488	64048
15200655	511145.b1539	487	20740
15202840	511145.b3942	485	104667
15201168	511145.b2097	457	36280
15200094	511145.b0929	455	59074
15199409	511145.b0166	454	40286
15201461	511145.b2416	452	87372
15202699	511145.b3783	451	70776
15202139	511145.b3172	444	78639
15201090	511145.b2012	435	4179
15199282	511145.b0033	433	132753
15199359	511145.b0115	433	111670
15199950	511145.b0783	433	30329
15202662	511145.b3733	430	31583
15199437	511145.b0194	429	74874
15201355	511145.b2296	429	55200
15201118	511145.b2042	422	46471
15199901	511145.b0727	418	31641
15199631	511145.b0422	415	10152
15200711	511145.b1603	414	71812
15203023	511145.b4144	407	14432
15202673	511145.b3744	399	60293
15202198	511145.b3233	393	19150
15201174	511145.b2103	391	43704
15199358	511145.b0114	389	108032
15200819	511145.b1713	385	92750
15200808	511145.b1702	382	67051
15199425	511145.b0182	382	27369
15202436	511145.b3495	381	11094
15202299	511145.b3347	379	34779
15199573	511145.b0357	378	7848
15199641	511145.b0432	372	24474
15202942	511145.b4059	372	26436
15203053	511145.b4177	372	46009
15199895	511145.b0720	369	59010
15202172	511145.b3206	367	9798
15201574	511145.b2529	364	21973
15202810	511145.b3910	356	31102
15201508	511145.b2463	356	80241
15202223	511145.b3261	354	2145
15199887	511145.b0712	352	28535
15200749	511145.b1641	348	10156
15199278	511145.b0029	344	32475
15202179	511145.b3213	343	54537
15201690	511145.b2669	343	13454
15202308	511145.b3356	341	16484
15200710	511145.b1602	339	36394
15199378	511145.b0134	339	11018
15201470	511145.b2425	335	36795
15199423	511145.b0180	335	16946
15199253	511145.b0002	334	110782
15201576	511145.b2531	331	15469
15199832	511145.b0641	330	17333
15202836	511145.b3938	330	6610
15200414	511145.b1272	329	61090
15199349	511145.b0104	329	23399
15202170	511145.b3204	328	14518
15202311	511145.b3359	327	34577
15200053	511145.b0888	327	26775
15201934	511145.b2942	326	46870
15199972	511145.b0805	325	57987
15200250	511145.b1094	324	5843
15201998	511145.b3019	322	85940
15199426	511145.b0183	319	27904
15202577	511145.b3640	318	10392
15199265	511145.b0015	318	31382
15202144	511145.b3178	316	60099
15199592	511145.b0381	310	32081
15201638	511145.b2599	306	33202
15199921	511145.b0754	304	26151
15202136	511145.b3168	303	61617
15199868	511145.b0688	302	61334
15199546	511145.b0329	297	10356
15201713	511145.b2699	295	23957
15202124	511145.b3156	294	11531
15200952	511145.b1849	291	32095
15202130	511145.b3162	290	57242
15203138	511145.b4269	287	38489
15199822	511145.b0631	286	8866
15200095	511145.b0930	282	47573
15199842	511145.b0651	282	22245
15200351	511145.b1203	281	37909
15201749	511145.b2735	280	9419
15199898	511145.b0723	276	56306
15200809	511145.b1703	274	29223
15202714	511145.b3802	274	44047
15200895	511145.b1792	272	6437
15201711	511145.b2697	267	96829
15200765	511145.b1657	267	25727
15199800	511145.b0606	263	27390
15199471	511145.b0241	263	27199
15201220	511145.b2155	262	65849
15202497	511145.b3559	262	78252
15200220	511145.b1064	261	21307
15200058	511145.b0893	260	35297
15202753	511145.b3847	260	43108
15202685	511145.b3764	251	8724
15199789	511145.b0595	249	40002
15202439	511145.b3498	248	63893
15201294	511145.b2234	244	55645
15202921	511145.b4037	242	9542
15201792	511145.b2780	237	35299
15202402	511145.b3459	236	14287
15201636	511145.b2595	233	32126
15202724	511145.b3813	232	68663
15199858	511145.b0678	231	24586
15201005	511145.b1905	230	8421
15202818	511145.b3920	228	8483
15200032	511145.b0866	227	4946
15202340	511145.b3390	225	19576
15202742	511145.b3833	223	19054
15202857	511145.b3960	221	30699
15202556	511145.b3619	221	26169
15201568	511145.b2523	221	44504
15203231	511145.b4381	221	21515
15202216	511145.b3253	219	22505
15200934	511145.b1831	219	13089
15200632	511145.b1516	219	17386
15202766	511145.b3866	218	14018
15202545	511145.b3608	217	16697
15200970	511145.b1867	217	6593
15199472	511145.b0242	214	25111
15200712	511145.b1604	212	22862
15201888	511145.b2891	212	26372
15202821	511145.b3923	211	8413
15199457	511145.b0222	211	7703
15199650	511145.b0441	210	53293
15203289	511145.b4483	209	22196
15202194	511145.b3229	209	13429
15201292	511145.b2232	209	19401
15199900	511145.b0726	205	59375
15199864	511145.b0684	205	10474
15201020	511145.b1923	205	27991
15200404	511145.b1261	200	17280
15201012	511145.b1915	198	5862
15202347	511145.b3397	196	21712
15203094	511145.b4219	196	12110
15202657	511145.b3728	196	17993
15203123	511145.b4254	196	29627
15202859	511145.b3962	195	50316
15200369	511145.b1221	191	7297
15200247	511145.b1091	188	23284
15199934	511145.b0767	186	15701
15199542	511145.b0325	185	34131
15200419	511145.b1277	185	10772
15200935	511145.b1832	185	7105
15199818	511145.b0627	182	2572
15201379	511145.b2320	182	26459
15200251	511145.b1095	182	16808
15199411	511145.b0168	181	19282
15202898	511145.b4014	181	19248
15201570	511145.b2525	179	9035
15201609	511145.b2564	176	12087
15199302	511145.b0053	176	24143
15201251	511145.b2186	173	22258
15202147	511145.b3181	171	12241
15200719	511145.b1611	170	27387
15200770	511145.b1662	165	10242
15199400	511145.b0156	165	4566
15202014	511145.b3035	165	32659
15202853	511145.b3956	164	37414
15201778	511145.b2764	164	25408
15203225	511145.b4375	163	27466
15202044	511145.b3067	163	18008
15202537	511145.b3600	163	25523
15199422	511145.b0179	162	12159
15199854	511145.b0674	162	25387
15202979	511145.b4097	161	16861
15200470	511145.b1329	161	29576
15203051	511145.b4175	161	10504
15201291	511145.b2231	160	46971
15199819	511145.b0628	159	12013
15202029	511145.b3052	159	32606
15201102	511145.b2025	158	16924
15199677	511145.b0469	158	11974
15202881	511145.b3993	158	15153
15199370	511145.b0126	157	10687
15200381	511145.b1236	155	16350
15199671	511145.b0463	155	18788
15202689	511145.b3770	154	13970
15200969	511145.b1866	154	28285
15201068	511145.b1983	154	7966
15201602	511145.b2557	153	57942
15201145	511145.b2069	153	18497
15201027	511145.b1930	151	3406
15202882	511145.b3994	151	25094
15201552	511145.b2507	151	30376
15199398	511145.b0154	148	26839
15199692	511145.b0484	147	32024
15199731	511145.b0529	147	13148
15202880	511145.b3992	146	11676
15201353	511145.b2294	145	13226
15201016	511145.b1919	144	13310
15199597	511145.b0386	143	10758
15201637	511145.b2597	142	7547
15199981	511145.b0814	140	6561
15200677	511145.b1563	140	2957
15203317	511145.b4537	140	4709
15200400	511145.b1257	139	8718
15201895	511145.b2898	139	13581
15201917	511145.b2922	138	8010
15199851	511145.b0660	137	20489
15201556	511145.b2511	136	21758
15200130	511145.b0965	134	6503
15202397	511145.b3454	134	9733
15200112	511145.b0947	133	10550
15202015	511145.b3037	132	10097
15202218	511145.b3256	132	18433
15199405	511145.b0161	131	17009
15199321	511145.b0074	131	27885
15201025	511145.b1928	129	7512
15199469	511145.b0238	128	6267
15199852	511145.b0661	128	13661
15199364	511145.b0120	127	10710
15199673	511145.b0465	127	35679
15202239	511145.b3287	126	6234
15200015	511145.b0849	125	3688
15202812	511145.b3912	125	5363
15201801	511145.b2789	123	11034
15202606	511145.b3671	123	20499
15200883	511145.b1780	121	13322
15201101	511145.b2024	121	9470
15201633	511145.b2592	120	38911
15201963	511145.b2976	119	29862
15202539	511145.b3602	119	4522
15202893	511145.b4005	118	13844
15199914	511145.b0740	117	15993
15201626	511145.b2581	116	8538
15201887	511145.b2890	115	15926
15202167	511145.b3201	115	9198
15200450	511145.b1308	115	4537
15202628	511145.b3699	115	32692
15199949	511145.b0782	114	9633
15202530	511145.b3592	113	7814
15200273	511145.b1117	112	8368
15199403	511145.b0159	112	10379
15201099	511145.b2022	111	11650
15202765	511145.b3865	111	9711
15201522	511145.b2477	111	10480
15200407	511145.b1264	111	21613
15201566	511145.b2521	111	8351
15202815	511145.b3917	111	12711
15200766	511145.b1658	110	23597
15199617	511145.b0408	108	23521
15201889	511145.b2892	108	17023
15201989	511145.b3008	108	15932
15201321	511145.b2262	107	4940
15201776	511145.b2762	107	7460
15202046	511145.b3070	107	6190
15200824	511145.b1719	107	25040
15202407	511145.b3464	105	16629
15203170	511145.b4312	104	7624
15199369	511145.b0125	103	11349
15200168	511145.b1004	103	5723
15202339	511145.b3389	101	23067
15200759	511145.b1651	101	4385
15201517	511145.b2472	100	21779
15200240	511145.b1084	99.8	21509
15201466	511145.b2421	99.7	14323
15200287	511145.b1131	98.2	12892
15201561	511145.b2516	97.8	7069
15200075	511145.b0910	97.4	3545
15202175	511145.b3209	97.2	3778
15202233	511145.b3279	96.8	8675
15199930	511145.b0763	96.5	11587
15201612	511145.b2567	96.5	9990
15200566	511145.b1440	96.4	15294
15199803	511145.b0610	96.0	3880
15203304	511145.b4517	95.8	2712
15201356	511145.b2297	95.0	24195
15199661	511145.b0452	94.3	6022
15200418	511145.b1276	93.2	35047
15199595	511145.b0384	93.0	4019
15199987	511145.b0821	92.9	10210
15199625	511145.b0416	92.1	3611
15199968	511145.b0801	91.9	7760
15202199	511145.b3234	91.7	8001
15199860	511145.b0680	91.6	16844
15202715	511145.b3803	91.4	6437
15200286	511145.b1130	91.3	10048
15201346	511145.b2287	90.7	8503
15199377	511145.b0133	89.9	6534
15199828	511145.b0637	89.8	1784
15200764	511145.b1656	89.4	7088
15202288	511145.b3336	87.1	8322
15199497	511145.b0273	86.7	17105
15202149	511145.b3183	86.0	7294
15203127	511145.b4258	85.4	21440
15202355	511145.b3405	85.2	6339
15201766	511145.b2752	84.1	8898
15200967	511145.b1864	84.0	7827
15200750	511145.b1642	83.5	5774
15200773	511145.b1667	83.4	4411
15201900	511145.b2903	83.3	24109
15201952	511145.b2960	82.6	6909
15200835	511145.b1732	82.5	29185
15202341	511145.b3391	82.0	7550
15202909	511145.b4025	80.5	11509
15199347	511145.b0102	79.7	10504
15200190	511145.b1033	79.3	8966
15203026	511145.b4147	79.3	4148
15199703	511145.b0495	79.1	6099
15201211	511145.b2146	78.2	11805
15202952	511145.b4069	78.0	15470
15202142	511145.b3176	77.7	14492
15199888	511145.b0713	77.4	2936
15202908	511145.b4024	77.1	11947
15200202	511145.b1045	76.8	8267
15203255	511145.b4407	76.5	1846
15202315	511145.b3363	76.3	3734
15202856	511145.b3959	75.9	4780
15199859	511145.b0679	75.4	6194
15201565	511145.b2520	75.3	57851
15200179	511145.b1018	75.2	8482
15200070	511145.b0905	75.2	15542
15202988	511145.b4108	75.0	2175
15201700	511145.b2679	74.9	3562
15202019	511145.b3041	74.9	5852
15199648	511145.b0439	74.4	19454
15201907	511145.b2910	74.0	3736
15200279	511145.b1123	73.8	8667
15201634	511145.b2593	73.6	5715
15202618	511145.b3686	73.1	5025
15202406	511145.b3463	72.8	2633
15201371	511145.b2312	71.8	15504
15202373	511145.b3426	71.5	16755
15199907	511145.b0733	71.5	6892
15199681	511145.b0473	70.9	19035
15201939	511145.b2947	70.8	9114
15200962	511145.b1859	70.2	3380
15202580	511145.b3644	69.9	8051
15202178	511145.b3212	69.5	34264
15203241	511145.b4391	69.0	11962
15201912	511145.b2917	68.2	12209
15201157	511145.b2081	67.9	10812
15201905	511145.b2908	67.8	8509
15200128	511145.b0963	67.8	2799
15200852	511145.b1749	66.6	6926
15201509	511145.b2464	65.4	16643
15200335	511145.b1187	64.5	4799
15199424	511145.b0181	63.9	1717
15201964	511145.b2977	63.6	3451
15203180	511145.b4322	62.6	10980
15200206	511145.b1049	62.1	14969
15201473	511145.b2428	61.7	9949
15202830	511145.b3932	61.7	3284
15199257	511145.b0006	61.5	4682
15201115	511145.b2039	61.2	7848
15199702	511145.b0494	61.1	6528
15201105	511145.b2028	61.0	5218
15199976	511145.b0809	61.0	3452
15201640	511145.b2601	60.7	5755
15201627	511145.b2582	60.4	3811
15200720	511145.b1612	59.5	24443
15202814	511145.b3916	59.1	5255
15202168	511145.b3202	58.9	10608
15199833	511145.b0642	58.3	22915
15199867	511145.b0687	57.9	3981
15201252	511145.b2187	57.6	1594
15200020	511145.b0854	57.5	5949
15201300	511145.b2241	56.5	11137
15199688	511145.b0480	56.4	8142
15200114	511145.b0949	56.0	9337
15201388	511145.b2329	55.4	11708
15201093	511145.b2015	55.3	3029
15200843	511145.b1740	55.2	7314
15202479	511145.b3540	54.7	7401
15199367	511145.b0123	54.6	5777
15202099	511145.b3129	54.6	2943
15200348	511145.b1200	54.5	5816
15201510	511145.b2465	54.4	21980
15202135	511145.b3167	54.4	1808
15199473	511145.b0243	54.3	6806
15201376	511145.b2317	54.3	1473
15199823	511145.b0632	54.1	8999
15201098	511145.b2021	54.1	4536
15200989	511145.b1886	53.7	5571
15201993	511145.b3012	53.5	5891
15201095	511145.b2017	53.2	1437
15201614	511145.b2569	52.7	7588
15203083	511145.b4208	51.8	4927
15202879	511145.b3991	51.0	4258
15203186	511145.b4328	50.8	3954
15199553	511145.b0337	50.8	4178
15199344	511145.b0098	50.6	17575
15200746	511145.b1638	50.5	3668
15200337	511145.b1189	49.9	7317
15199324	511145.b0077	49.6	10793
15202926	511145.b4043	49.1	4693
15202854	511145.b3957	48.4	3646
15202897	511145.b4013	48.4	5223
15200359	511145.b1211	48.4	6323
15202829	511145.b3931	48.4	6026
15202491	511145.b3553	47.8	2630
15201698	511145.b2677	47.3	3809
15199768	511145.b0574	47.2	8318
15200346	511145.b1198	46.6	11586
15202839	511145.b3941	46.5	6808
15202317	511145.b3365	46.2	14792
15199899	511145.b0724	46.0	5965
15202596	511145.b3661	45.9	4664
15201399	511145.b2342	45.7	4677
15202415	511145.b3472	45.2	2407
15200542	511145.b1412	45.0	1895
15201817	511145.b2805	44.9	5059
15199913	511145.b0739	44.3	3855
15202068	511145.b3092	44.1	6868
15199394	511145.b0150	43.8	13643
15201902	511145.b2905	43.5	4210
15201524	511145.b2479	42.7	1378
15200990	511145.b1887	42.5	4462
15200097	511145.b0932	42.4	10041
15200849	511145.b1746	41.8	10097
15201545	511145.b2500	41.8	3409
15199915	511145.b0741	41.6	2200
15201342	511145.b2283	41.5	12276
15202697	511145.b3780	41.5	5242
15203208	511145.b4355	41.5	6954
15199280	511145.b0031	41.3	5649
15201282	511145.b2220	41.3	5787
15200345	511145.b1197	41.0	8005
15199781	511145.b0587	40.9	3051
15200205	511145.b1048	40.8	6903
15199414	511145.b0171	40.7	4250
15202658	511145.b3729	40.4	8041
15199759	511145.b0565	40.2	6113
15201362	511145.b2303	39.9	2388
15201772	511145.b2758	39.4	1946
15200191	511145.b1034	39.4	4127
15199526	511145.b0307	39.3	6929
15202544	511145.b3607	39.2	2436
15203105	511145.b4233	38.7	3506
15199275	511145.b0026	38.7	16263
15201471	511145.b2426	38.6	2829
15199993	511145.b0827	38.0	4375
15200830	511145.b1727	38.0	3380
15202155	511145.b3189	37.9	6725
15202118	511145.b3150	37.6	2750
15202126	511145.b3158	37.4	2492
15201214	511145.b2149	37.2	5722
15203002	511145.b4122	37.2	18158
15202642	511145.b3713	37.1	2007
15203221	511145.b4371	37.0	5218
15202117	511145.b3149	36.4	2167
15201765	511145.b2751	36.1	4207
15200512	511145.b1380	35.9	2574
15201940	511145.b2948	35.9	2455
15202480	511145.b3541	35.0	6831
15201649	511145.b2610	34.8	4734
15200005	511145.b0839	34.7	5839
15201277	511145.b2215	34.1	7093
15202038	511145.b3061	33.5	7360
15202498	511145.b3560	33.4	4442
15199923	511145.b0756	32.9	3506
15202028	511145.b3051	32.6	9949
15201707	511145.b2688	32.5	4585
15202587	511145.b3651	32.4	2846
15199328	511145.b0082	32.3	3789
15200073	511145.b0908	32.3	5802
15201930	511145.b2937	32.1	2142
15200721	511145.b1613	31.4	2322
15202384	511145.b3440	31.0	4078
15199587	511145.b0376	31.0	2228
15200963	511145.b1860	30.9	4393
15201175	511145.b2104	30.6	2092
15202536	511145.b3599	30.4	4033
15201449	511145.b2400	30.1	4647
15200416	511145.b1274	29.7	9514
15199353	511145.b0109	29.5	3050
15200482	511145.b1341	29.5	5220
15203107	511145.b4235	29.4	5701
15202584	511145.b3648	29.2	1551
15201327	511145.b2268	29.1	2575
15202659	511145.b3730	28.5	4093
15203050	511145.b4174	28.4	4485
15203104	511145.b4232	27.8	3521
15201704	511145.b2685	27.7	3483
15203088	511145.b4213	27.7	7367
15199967	511145.b0800	27.5	4230
15200955	511145.b1852	27.3	3758
15201558	511145.b2513	26.6	2289
15201345	511145.b2286	26.5	6987
15200426	511145.b1284	26.4	3728
15201703	511145.b2684	26.3	1364
15202918	511145.b4034	26.0	4680
15202690	511145.b3771	25.6	4501
15202241	511145.b3289	25.4	3790
15201571	511145.b2526	24.8	6335
15201827	511145.b2818	24.7	3323
15199527	511145.b0308	24.4	2750
15201796	511145.b2784	24.1	6472
15202412	511145.b3469	24.0	7479
15200509	511145.b1377	23.5	4901
15199315	511145.b0068	23.3	2108
15202205	511145.b3240	23.3	5876
15202115	511145.b3147	23.2	4472
15200743	511145.b1635	23.0	2049
15201200	511145.b2133	22.6	3785
15202357	511145.b3407	22.6	4246
15201513	511145.b2468	22.3	7481
15202605	511145.b3670	21.7	1479
15201709	511145.b2690	21.6	2125
15200409	511145.b1267	21.3	2279
15201401	511145.b2344	21.3	2595
15201911	511145.b2916	21.3	1637
15202197	511145.b3232	21.2	2691
15203033	511145.b4154	21.1	4053
15201621	511145.b2576	20.6	2757
15202723	511145.b3812	20.5	3192
15200826	511145.b1723	20.1	1969
15201559	511145.b2514	20.1	2841
15201140	511145.b2064	19.8	5850
15202392	511145.b3449	19.8	1441
15199873	511145.b0695	18.8	2950
15200377	511145.b1232	18.0	1322
15199780	511145.b0586	17.3	8917
15201104	511145.b2027	17.1	2026
15201191	511145.b2124	16.9	1757
15203056	511145.b4180	16.8	1393
15202823	511145.b3925	16.7	3088
15201815	511145.b2803	15.9	11349
15200270	511145.b1114	15.7	4115
15202081	511145.b3105	15.5	1145
15201467	511145.b2422	15.2	1614
15200276	511145.b1120	15.2	1472
15202351	511145.b3401	14.7	1795
15201298	511145.b2239	14.4	2312
15202858	511145.b3961	14.3	1637
15202546	511145.b3609	14.2	921
15201185	511145.b2114	14.2	4912
15202430	511145.b3487	14.2	1991
15200799	511145.b1693	14.1	1727
15203018	511145.b4139	14.0	1968
15199866	511145.b0686	13.9	1167
15199685	511145.b0477	13.6	1895
15200090	511145.b0925	13.5	2455
15200254	511145.b1098	13.5	1075
15202971	511145.b4088	13.4	1537
15199538	511145.b0320	13.1	11349
15203204	511145.b4351	12.9	1561
15202837	511145.b3939	12.9	1576
15201931	511145.b2938	12.6	3314
15201456	511145.b2411	12.0	4463
15202398	511145.b3455	12.0	1385
15200282	511145.b1126	11.5	2026
15201683	511145.b2662	11.3	2258
15200745	511145.b1637	11.2	2045
15200991	511145.b1888	11.1	2835
15203203	511145.b4350	11.0	4707
15200110	511145.b0945	10.5	1795
15201094	511145.b2016	10.1	1300
15200048	511145.b0882	9.8	2903
15200257	511145.b1101	9.55	1044
15200428	511145.b1286	9.45	2205
15202475	511145.b3536	9.26	975
15201378	511145.b2319	8.02	959
15200059	511145.b0894	6.98	1990
15202528	511145.b3590	6.93	1727
15200372	511145.b1224	6.86	3654
15200166	511145.b1002	6.75	1559
15200722	511145.b1614	6.37	1919
15199939	511145.b0772	6.3	836
15202838	511145.b3940	6.19	1451
15201001	511145.b1900	5.97	7206
15202346	511145.b3396	5.85	1431
15202903	511145.b4019	5.78	2203
15199420	511145.b0177	5.27	1811
15203009	511145.b4129	5.16	1361
15200089	511145.b0924	3.59	2160
15202210	511145.b3247	3.17	721
15202227	511145.b3265	2.62	1401
15200641	511145.b1525	1.1	279
