#id: 2086135090
#name: E.coli - Whole organism, SC (Pride,prd000485,2012)
#score: 12.75
#weight:  80%
#description: abundance based on Spectral counting, Interaction consistency score: 12.75, Coverage: 48
#organ: WHOLE_ORGANISM
#integrated: false
#coverage: 48
#link: http://www.ebi.ac.uk/pride/archive/projects/PRD000485
#publication_year: 2012
#filename: 511145-Escherichia_coli_SC_biomart_18119_E__5reps.txt
#
#internal_id	string_external_id	abundance	raw_spectral_count
15202450	511145.b3510	18012	76
15202874	511145.b3986	15190	312
15200382	511145.b1237	8781	230
15202267	511145.b3315	8367	149
15200250	511145.b1094	8294	90
15202256	511145.b3304	7160	75
15201624	511145.b2579	6832	274
15200882	511145.b1779	6715	395
15203114	511145.b4243	6172	72
15202250	511145.b3298	6140	161
15200068	511145.b0903	5605	899
15200926	511145.b1823	5578	126
15202637	511145.b3708	5487	508
15202266	511145.b3314	5461	176
15202042	511145.b3065	5361	46
15200122	511145.b0957	5234	354
15202259	511145.b3307	5169	32
15199264	511145.b0014	5061	530
15202573	511145.b3636	4967	26
15202899	511145.b4015	4965	369
15202826	511145.b3928	4834	83
15201921	511145.b2926	4423	335
15201791	511145.b2779	4389	293
15200384	511145.b1241	4335	783
15202151	511145.b3185	4267	61
15202196	511145.b3231	4019	103
15202291	511145.b3339	3869	723
15202868	511145.b3980	3869	723
15200245	511145.b1089	3867	38
15201821	511145.b2809	3810	24
15200783	511145.b1677	3806	70
15202269	511145.b3317	3772	189
15201020	511145.b1923	3759	362
15201645	511145.b2606	3688	97
15202293	511145.b3341	3676	137
15202255	511145.b3303	3595	144
15200821	511145.b1716	3555	73
15200465	511145.b1324	3526	97
15199272	511145.b0023	3359	54
15202195	511145.b3230	3218	107
15201596	511145.b2551	3192	214
15202257	511145.b3305	3149	146
15203116	511145.b4245	3148	260
15199922	511145.b0755	3132	182
15202249	511145.b3297	3037	87
15202261	511145.b3309	2984	69
15202201	511145.b3236	2949	162
15200386	511145.b1243	2904	319
15202264	511145.b3312	2885	34
15203124	511145.b4255	2880	24
15199799	511145.b0605	2859	124
15201651	511145.b2614	2844	60
15199979	511145.b0812	2718	134
15201250	511145.b2185	2676	75
15199649	511145.b0440	2624	54
15202834	511145.b3936	2604	42
15200118	511145.b0953	2602	42
15201166	511145.b2095	2581	173
15202248	511145.b3296	2568	120
15200076	511145.b0911	2565	298
15201648	511145.b2609	2552	43
15203021	511145.b4142	2543	58
15202246	511145.b3294	2463	58
15202449	511145.b3509	2403	58
15202817	511145.b3919	2385	83
15199864	511145.b0684	2365	63
15199412	511145.b0169	2349	135
15202260	511145.b3308	2320	125
15201220	511145.b2155	2307	342
15202574	511145.b3637	2301	38
15201553	511145.b2508	2293	196
15203022	511145.b4143	2240	294
15200292	511145.b1136	2225	242
15200842	511145.b1739	2206	36
15202133	511145.b3165	2201	32
15199259	511145.b0008	2189	215
15200077	511145.b0912	2166	38
15201167	511145.b2096	2159	113
15201164	511145.b2093	2130	45
15202663	511145.b3734	2124	230
15202273	511145.b3321	2122	68
15201382	511145.b2323	2102	84
15202824	511145.b3926	2100	284
15202872	511145.b3984	2097	140
15201909	511145.b2913	2065	118
15202770	511145.b3870	2064	195
15202292	511145.b3340	2059	332
15201563	511145.b2518	2051	50
15202685	511145.b3764	2050	48
15199413	511145.b0170	2038	199
15201521	511145.b2476	2034	126
15201106	511145.b2029	2023	218
15202888	511145.b4000	2015	44
15203078	511145.b4202	1989	30
15203076	511145.b4200	1985	72
15200093	511145.b0928	1978	204
15202258	511145.b3306	1973	74
15202585	511145.b3649	1957	40
15200168	511145.b1004	1933	96
15202909	511145.b4025	1916	222
15202871	511145.b3983	1916	64
15200823	511145.b1718	1897	53
15200248	511145.b1092	1892	59
15203079	511145.b4203	1883	102
15200600	511145.b1480	1878	18
15199624	511145.b0415	1859	47
15201085	511145.b2007	1843	39
15199921	511145.b0754	1833	118
15202253	511145.b3301	1827	76
15203258	511145.b4411	1805	13
15200749	511145.b1641	1792	47
15202169	511145.b3203	1791	30
15202223	511145.b3261	1780	12
15199682	511145.b0474	1777	100
15199645	511145.b0436	1765	240
15202265	511145.b3313	1763	30
15200818	511145.b1712	1759	52
15200578	511145.b1452	1758	120
15200989	511145.b1886	1755	257
15200430	511145.b1288	1739	100
15200984	511145.b1881	1722	83
15199978	511145.b0811	1695	116
15199908	511145.b0734	1690	28
15201637	511145.b2597	1663	43
15202373	511145.b3426	1657	235
15201654	511145.b2617	1652	17
15201543	511145.b2498	1649	70
15201544	511145.b2499	1647	76
15199725	511145.b0523	1645	34
15199930	511145.b0763	1643	143
15203053	511145.b4177	1641	177
15200782	511145.b1676	1634	204
15202262	511145.b3310	1632	33
15201706	511145.b2687	1615	66
15200664	511145.b1550	1612	44
15201461	511145.b2416	1605	210
15200764	511145.b1656	1595	73
15199727	511145.b0525	1591	55
15200864	511145.b1761	1577	159
15202661	511145.b3732	1567	191
15201633	511145.b2592	1557	328
15201017	511145.b1920	1535	139
15199920	511145.b0753	1531	10
15202898	511145.b4014	1530	179
15200450	511145.b1308	1529	28
15202546	511145.b3609	1526	38
15202699	511145.b3783	1525	175
15202740	511145.b3831	1516	67
15199934	511145.b0767	1512	51
15199759	511145.b0565	1509	132
15200912	511145.b1809	1507	27
15200265	511145.b1109	1506	163
15203100	511145.b4226	1487	74
15199801	511145.b0607	1470	49
15201690	511145.b2669	1466	51
15201920	511145.b2925	1465	85
15202272	511145.b3320	1453	81
15199358	511145.b0114	1447	302
15201686	511145.b2665	1441	74
15200054	511145.b0889	1439	55
15202135	511145.b3167	1426	39
15199409	511145.b0166	1422	90
15199359	511145.b0115	1421	229
15202446	511145.b3506	1413	57
15199378	511145.b0134	1379	40
15201934	511145.b2942	1378	111
15200657	511145.b1541	1370	34
15199616	511145.b0407	1369	25
15202812	511145.b3912	1367	39
15199635	511145.b0426	1361	72
15201165	511145.b2094	1357	39
15199816	511145.b0623	1345	43
15202549	511145.b3612	1342	120
15199660	511145.b0451	1338	25
15200131	511145.b0966	1333	5
15202494	511145.b3556	1331	45
15201462	511145.b2417	1329	41
15201389	511145.b2330	1323	39
15202003	511145.b3024	1314	40
15199405	511145.b0161	1310	110
15200257	511145.b1101	1302	94
15202890	511145.b4002	1301	25
15201460	511145.b2415	1295	23
15199360	511145.b0116	1285	133
15199789	511145.b0595	1284	98
15202379	511145.b3433	1284	66
15203115	511145.b4244	1283	47
15201808	511145.b2796	1283	46
15200403	511145.b1260	1282	81
15202698	511145.b3781	1280	42
15202483	511145.b3544	1278	149
15199877	511145.b0699	1273	22
15200218	511145.b1062	1272	84
15199700	511145.b0492	1261	61
15202301	511145.b3349	1260	26
15199282	511145.b0033	1257	294
15200369	511145.b1221	1256	44
15202457	511145.b3517	1256	226
15202294	511145.b3342	1248	22
15202175	511145.b3209	1241	45
15200095	511145.b0930	1240	128
15199457	511145.b0222	1237	65
15200167	511145.b1003	1232	24
15200613	511145.b1493	1232	222
15199907	511145.b0733	1222	89
15199772	511145.b0578	1218	67
15202894	511145.b4006	1215	169
15200287	511145.b1131	1213	109
15200032	511145.b0866	1208	15
15203023	511145.b4144	1204	15
15200710	511145.b1602	1204	58
15202808	511145.b3908	1204	46
15201928	511145.b2935	1192	141
15202251	511145.b3299	1186	4
15202158	511145.b3192	1186	54
15201910	511145.b2914	1179	40
15201954	511145.b2962	1168	40
15201353	511145.b2294	1167	57
15199854	511145.b0674	1167	179
15202364	511145.b3414	1165	37
15200220	511145.b1064	1165	60
15202876	511145.b3988	1161	360
15201236	511145.b2171	1158	33
15202451	511145.b3511	1156	21
15200602	511145.b1482	1152	35
15202873	511145.b3985	1151	46
15201988	511145.b3006	1151	48
15199602	511145.b0391	1148	15
15202334	511145.b3384	1146	76
15200029	511145.b0863	1142	60
15202893	511145.b4005	1139	80
15199903	511145.b0729	1138	81
15202934	511145.b4051	1138	63
15203233	511145.b4383	1136	104
15200934	511145.b1831	1125	51
15202353	511145.b3403	1109	135
15200367	511145.b1219	1109	19
15200164	511145.b1000	1108	50
15203018	511145.b4139	1102	98
15202254	511145.b3302	1099	15
15200773	511145.b1667	1096	36
15200119	511145.b0954	1093	46
15202853	511145.b3956	1089	240
15202497	511145.b3559	1088	191
15202814	511145.b3916	1086	93
15201713	511145.b2699	1085	78
15201056	511145.b1967	1084	49
15200952	511145.b1849	1075	95
15200072	511145.b0907	1066	90
15200363	511145.b1215	1062	62
15202875	511145.b3987	1061	343
15200322	511145.b1174	1054	35
15200939	511145.b1836	1052	12
15201459	511145.b2414	1048	69
15202928	511145.b4045	1047	14
15200920	511145.b1817	1042	75
15199415	511145.b0172	1037	30
15199440	511145.b0197	1037	57
15201298	511145.b2239	1033	79
15199646	511145.b0437	1026	34
15202074	511145.b3098	1023	19
15203048	511145.b4172	1020	28
15201993	511145.b3012	1016	71
15202662	511145.b3733	1016	78
15201355	511145.b2296	1014	73
15200846	511145.b1743	1012	34
15202247	511145.b3295	1007	112
15202137	511145.b3169	1002	100
15202918	511145.b4034	999	110
15201703	511145.b2684	998	33
15201987	511145.b3005	994	25
15201559	511145.b2514	993	110
15203231	511145.b4381	987	61
15199407	511145.b0163	984	39
15202309	511145.b3357	984	75
15200004	511145.b0838	984	50
15201887	511145.b2890	981	167
15202988	511145.b4108	979	22
15200247	511145.b1091	977	49
15199681	511145.b0473	977	171
15200762	511145.b1654	976	22
15199915	511145.b0741	975	42
15199421	511145.b0178	973	35
15202556	511145.b3619	972	92
15199800	511145.b0606	971	100
15202759	511145.b3858	968	25
15199778	511145.b0584	968	132
15200969	511145.b1866	965	156
15202132	511145.b3164	958	133
15201356	511145.b2297	953	129
15199902	511145.b0728	952	99
15201917	511145.b2922	943	36
15202738	511145.b3829	943	161
15201279	511145.b2217	943	37
15199341	511145.b0095	942	110
15203082	511145.b4207	941	38
15203292	511145.b4487	939	3
15202315	511145.b3363	938	23
15202660	511145.b3731	934	8
15202548	511145.b3611	932	25
15203226	511145.b4376	927	40
15201568	511145.b2523	920	105
15200843	511145.b1740	919	84
15202288	511145.b3336	919	47
15199468	511145.b0237	918	97
15202673	511145.b3744	918	68
15202403	511145.b3460	916	52
15202554	511145.b3617	916	66
15200991	511145.b1888	916	105
15199414	511145.b0171	913	37
15200750	511145.b1642	912	34
15201930	511145.b2937	906	40
15203039	511145.b4160	906	29
15201522	511145.b2477	899	72
15201895	511145.b2898	895	69
15203009	511145.b4129	895	148
15203251	511145.b4401	894	40
15199553	511145.b0337	894	60
15200223	511145.b1067	894	38
15202940	511145.b4057	891	24
15203331	511145.b4558	890	14
15202632	511145.b3703	890	3
15203234	511145.b4384	889	72
15201900	511145.b2903	888	125
15199428	511145.b0185	887	67
15201626	511145.b2581	884	54
15201509	511145.b2464	884	106
15202299	511145.b3347	882	55
15199362	511145.b0118	879	184
15202243	511145.b3291	877	19
15199833	511145.b0642	876	170
15200612	511145.b1492	876	48
15199546	511145.b0329	870	14
15201291	511145.b2231	867	165
15203208	511145.b4355	864	126
15202359	511145.b3409	864	109
15203241	511145.b4391	862	124
15202680	511145.b3751	860	65
15200474	511145.b1333	856	48
15202843	511145.b3945	856	49
15201700	511145.b2679	856	41
15200957	511145.b1854	855	89
15202271	511145.b3319	853	41
15200355	511145.b1207	851	53
15200953	511145.b1850	849	35
15202263	511145.b3311	845	13
15199349	511145.b0104	845	36
15199281	511145.b0032	841	65
15201602	511145.b2557	836	228
15201525	511145.b2480	834	41
15201168	511145.b2097	832	69
15201902	511145.b2905	832	46
15200251	511145.b1095	828	46
15199509	511145.b0287	828	33
15199901	511145.b0727	826	56
15200553	511145.b1426	826	8
15202198	511145.b3233	826	32
15202044	511145.b3067	821	80
15200323	511145.b1175	821	49
15202547	511145.b3610	820	24
15200082	511145.b0917	818	16
15202391	511145.b3448	813	26
15201449	511145.b2400	813	82
15200415	511145.b1273	810	18
15202014	511145.b3035	805	91
15201368	511145.b2309	805	47
15202492	511145.b3554	796	36
15200205	511145.b1048	794	92
15201156	511145.b2080	793	22
15200572	511145.b1446	793	10
15199822	511145.b0631	788	11
15201566	511145.b2521	786	45
15199659	511145.b0450	784	24
15202753	511145.b3847	781	88
15203254	511145.b4406	779	13
15200745	511145.b1637	778	74
15200017	511145.b0851	767	38
15202214	511145.b3251	764	55
15201218	511145.b2153	763	42
15201575	511145.b2530	760	85
15200418	511145.b1276	760	101
15201118	511145.b2042	757	48
15202308	511145.b3356	756	19
15202218	511145.b3256	755	69
15199790	511145.b0596	752	45
15202840	511145.b3942	751	124
15201792	511145.b2780	751	94
15199275	511145.b0026	748	184
15200421	511145.b1279	747	4
15199788	511145.b0594	744	67
15199923	511145.b0756	741	52
15200394	511145.b1251	740	8
15200770	511145.b1662	737	40
15201558	511145.b2513	735	32
15199850	511145.b0659	733	6
15199914	511145.b0740	733	65
15199671	511145.b0463	731	58
15201552	511145.b2507	730	112
15199369	511145.b0125	730	31
15201523	511145.b2478	726	45
15199780	511145.b0586	726	160
15202407	511145.b3464	726	57
15200949	511145.b1846	725	27
15200508	511145.b1376	723	31
15200279	511145.b1123	721	65
15201375	511145.b2316	720	45
15202152	511145.b3186	715	21
15199949	511145.b0782	715	41
15201325	511145.b2266	715	20
15201300	511145.b2241	713	99
15202314	511145.b3362	712	3
15200955	511145.b1852	711	102
15200058	511145.b0893	710	79
15200249	511145.b1093	709	38
15199255	511145.b0004	706	64
15199593	511145.b0382	704	14
15202136	511145.b3168	702	126
15200049	511145.b0884	701	12
15202785	511145.b3885	698	27
15201561	511145.b2516	698	27
15202665	511145.b3736	698	32
15201005	511145.b1905	695	16
15200446	511145.b1304	694	30
15199981	511145.b0814	693	23
15199885	511145.b0710	689	34
15200037	511145.b0871	688	63
15202144	511145.b3178	687	90
15200110	511145.b0945	687	64
15199420	511145.b0177	684	124
15200030	511145.b0864	684	17
15201943	511145.b2951	684	32
15201711	511145.b2697	675	165
15202836	511145.b3938	675	16
15202376	511145.b3430	674	59
15200545	511145.b1415	673	88
15201103	511145.b2026	673	12
15200985	511145.b1882	672	23
15199860	511145.b0680	671	90
15200743	511145.b1635	671	33
15202358	511145.b3408	667	19
15199253	511145.b0002	667	145
15201117	511145.b2041	665	65
15200721	511145.b1613	664	55
15202859	511145.b3962	656	57
15203328	511145.b4554	655	10
15203050	511145.b4174	654	73
15199967	511145.b0800	652	45
15202008	511145.b3029	651	11
15202537	511145.b3600	651	53
15199398	511145.b0154	651	44
15201697	511145.b2676	650	37
15203304	511145.b4517	650	17
15199924	511145.b0757	649	28
15199647	511145.b0438	647	78
15200069	511145.b0904	647	12
15201510	511145.b2465	644	85
15201574	511145.b2529	643	23
15200166	511145.b1002	642	56
15201400	511145.b2343	640	12
15202147	511145.b3181	636	33
15200381	511145.b1236	634	35
15200883	511145.b1780	633	42
15202628	511145.b3699	632	101
15201888	511145.b2891	630	44
15202771	511145.b3871	628	66
15202439	511145.b3498	624	102
15201508	511145.b2463	623	102
15201025	511145.b1928	622	24
15200867	511145.b1764	619	49
15201079	511145.b2000	618	83
15203121	511145.b4252	618	14
15201905	511145.b2908	618	59
15200828	511145.b1725	616	41
15199424	511145.b0181	616	15
15200820	511145.b1714	615	57
15202355	511145.b3405	613	38
15201931	511145.b2938	612	65
15201898	511145.b2901	611	70
15200712	511145.b1604	610	53
15200286	511145.b1130	608	41
15199302	511145.b0053	608	53
15200409	511145.b1267	608	30
15202178	511145.b3212	605	209
15202658	511145.b3729	604	74
15199899	511145.b0724	603	52
15202827	511145.b3929	603	25
15203094	511145.b4219	602	27
15202498	511145.b3560	600	35
15202870	511145.b3982	600	28
15203104	511145.b4232	598	41
15199437	511145.b0194	598	87
15200819	511145.b1713	597	104
15202664	511145.b3735	597	21
15201294	511145.b2234	596	105
15200404	511145.b1261	595	36
15200711	511145.b1603	594	66
15200746	511145.b1638	593	34
15203296	511145.b4506	593	2
15202351	511145.b3401	592	28
15202194	511145.b3229	591	38
15203127	511145.b4258	591	139
15199972	511145.b0805	587	70
15202268	511145.b3316	586	16
15202642	511145.b3713	581	23
15199846	511145.b0655	581	36
15200240	511145.b1084	578	100
15202829	511145.b3931	577	62
15202436	511145.b3495	577	11
15202142	511145.b3176	577	61
15201027	511145.b1930	576	7
15201919	511145.b2924	575	33
15203051	511145.b4175	572	43
15199403	511145.b0159	570	28
15202491	511145.b3553	568	32
15201577	511145.b2532	567	26
15200766	511145.b1658	567	57
15202032	511145.b3055	565	24
15202415	511145.b3472	563	29
15202401	511145.b3458	562	42
15202020	511145.b3042	561	17
15200130	511145.b0965	561	25
15203026	511145.b4147	561	21
15199411	511145.b0168	560	37
15202657	511145.b3728	553	50
15200922	511145.b1819	552	41
15201636	511145.b2595	551	43
15200062	511145.b0897	551	23
15200226	511145.b1070	550	17
15202146	511145.b3180	550	8
15199787	511145.b0593	549	50
15199868	511145.b0688	549	69
15201890	511145.b2893	548	20
15200097	511145.b0932	544	118
15199344	511145.b0098	542	115
15201016	511145.b1919	540	28
15200895	511145.b1792	539	17
15200126	511145.b0961	537	12
15200377	511145.b1232	532	31
15200190	511145.b1033	531	42
15200284	511145.b1128	530	26
15199631	511145.b0422	528	10
15202536	511145.b3599	527	44
15199389	511145.b0145	525	16
15201379	511145.b2320	524	52
15201208	511145.b2143	521	23
15201755	511145.b2741	519	26
15203129	511145.b4260	518	48
15201897	511145.b2900	516	14
15200769	511145.b1661	516	66
15201115	511145.b2039	516	49
15201068	511145.b1983	515	23
15200557	511145.b1430	514	36
15202747	511145.b3839	511	8
15200259	511145.b1103	510	16
15200881	511145.b1778	507	11
15202357	511145.b3407	507	91
15202029	511145.b3052	502	56
15199916	511145.b0742	501	17
15201992	511145.b3011	499	33
15201321	511145.b2262	498	30
15199895	511145.b0720	497	51
15201066	511145.b1981	497	21
15202671	511145.b3742	497	9
15199897	511145.b0722	496	10
15200655	511145.b1539	496	18
15199896	511145.b0721	494	16
15199728	511145.b0526	494	54
15202666	511145.b3737	493	5
15200808	511145.b1702	493	81
15200988	511145.b1885	493	50
15200031	511145.b0865	492	19
15200235	511145.b1079	491	27
15200722	511145.b1614	491	58
15200075	511145.b0910	490	22
15200824	511145.b1719	489	86
15202141	511145.b3175	489	10
15201039	511145.b1946	489	6
15201359	511145.b2300	488	12
15199620	511145.b0411	487	28
15201185	511145.b2114	487	92
15201096	511145.b2019	486	32
15202129	511145.b3161	486	11
15200406	511145.b1263	485	29
15199370	511145.b0126	484	26
15201112	511145.b2036	484	56
15200283	511145.b1127	482	48
15199926	511145.b0759	481	29
15201951	511145.b2959	481	18
15201963	511145.b2976	481	81
15199542	511145.b0325	480	40
15202045	511145.b3068	478	20
15201476	511145.b2431	477	32
15201836	511145.b2827	477	22
15202947	511145.b4064	476	15
15202239	511145.b3287	472	19
15199828	511145.b0637	471	11
15203033	511145.b4154	467	46
15199277	511145.b0028	465	10
15200967	511145.b1864	465	20
15201463	511145.b2418	465	29
15199968	511145.b0801	464	19
15200395	511145.b1252	463	12
15199886	511145.b0711	463	5
15200053	511145.b0888	463	31
15200056	511145.b0891	461	28
15202216	511145.b3253	460	34
15202577	511145.b3640	459	11
15202441	511145.b3500	459	42
15202580	511145.b3644	457	39
15199648	511145.b0439	455	76
15199679	511145.b0471	454	18
15202252	511145.b3300	453	23
15199898	511145.b0723	453	63
15201371	511145.b2312	450	42
15201295	511145.b2235	449	33
15202336	511145.b3386	449	20
15200852	511145.b1749	447	36
15201215	511145.b2150	442	38
15203243	511145.b4393	441	15
15202007	511145.b3028	440	16
15201443	511145.b2392	440	19
15200791	511145.b1685	438	10
15200654	511145.b1538	438	57
15199900	511145.b0726	437	95
15200830	511145.b1727	437	25
15200036	511145.b0870	433	41
15199863	511145.b0683	433	13
15199650	511145.b0441	431	64
15203055	511145.b4179	431	86
15201098	511145.b2021	430	28
15199867	511145.b0687	427	19
15201984	511145.b3001	427	31
15200784	511145.b1678	426	20
15200342	511145.b1194	426	24
15199455	511145.b0220	421	16
15201358	511145.b2299	421	15
15202167	511145.b3201	420	26
15201649	511145.b2610	419	40
15201940	511145.b2948	415	22
15202217	511145.b3255	415	15
15199334	511145.b0088	411	26
15199377	511145.b0133	410	36
15200731	511145.b1623	409	16
15200357	511145.b1209	408	28
15200419	511145.b1277	408	16
15199328	511145.b0082	407	29
15200417	511145.b1275	407	29
15201621	511145.b2576	406	40
15200744	511145.b1636	405	22
15203107	511145.b4235	405	54
15200264	511145.b1108	404	21
15202942	511145.b4059	404	20
15201614	511145.b2569	403	55
15202858	511145.b3961	403	26
15201974	511145.b2989	403	31
15201421	511145.b2369	402	19
15200326	511145.b1178	402	11
15200067	511145.b0902	401	28
15200542	511145.b1412	401	13
15200544	511145.b1414	401	21
15201570	511145.b2525	400	16
15200727	511145.b1619	398	28
15200720	511145.b1612	397	80
15202338	511145.b3388	395	25
15203317	511145.b4537	395	7
15200407	511145.b1264	394	47
15201104	511145.b2027	393	34
15200026	511145.b0860	393	27
15201949	511145.b2957	393	36
15201557	511145.b2512	393	36
15200475	511145.b1334	392	12
15200428	511145.b1286	391	59
15199976	511145.b0809	390	19
15202768	511145.b3868	390	41
15200414	511145.b1272	390	35
15200990	511145.b1887	387	20
15202340	511145.b3390	387	23
15201349	511145.b2290	385	33
15199365	511145.b0121	385	19
15200512	511145.b1380	385	28
15202539	511145.b3602	384	8
15202406	511145.b3463	383	13
15199363	511145.b0119	382	9
15200886	511145.b1783	382	63
15202124	511145.b3156	381	10
15199851	511145.b0660	380	29
15199985	511145.b0819	379	16
15200352	511145.b1204	378	19
15199337	511145.b0091	377	38
15201184	511145.b2113	377	17
15200759	511145.b1651	376	8
15202991	511145.b4111	372	19
15202905	511145.b4021	372	17
15201973	511145.b2988	371	55
15201613	511145.b2568	371	27
15201343	511145.b2284	371	42
15202065	511145.b3089	370	22
15200935	511145.b1832	369	17
15199842	511145.b0651	368	24
15200885	511145.b1782	368	18
15202697	511145.b3780	368	39
15201247	511145.b2182	367	8
15201440	511145.b2388	366	30
15200347	511145.b1199	364	20
15199859	511145.b0679	364	30
15200599	511145.b1479	364	48
15199331	511145.b0085	363	35
15202367	511145.b3417	363	81
15202693	511145.b3774	362	52
15199710	511145.b0506	361	24
15200046	511145.b0880	360	5
15199325	511145.b0078	356	16
15202937	511145.b4054	355	33
15199303	511145.b0054	353	79
15200754	511145.b1646	352	15
15199394	511145.b0150	350	52
15199823	511145.b0632	349	43
15202630	511145.b3701	348	22
15199993	511145.b0827	347	18
15199641	511145.b0432	347	19
15200073	511145.b0908	344	37
15201802	511145.b2790	342	7
15200227	511145.b1071	341	10
15200558	511145.b1431	341	25
15201516	511145.b2471	340	9
15199618	511145.b0409	338	17
15200005	511145.b0839	335	40
15199592	511145.b0381	335	29
15199786	511145.b0592	334	15
15201038	511145.b1945	333	25
15202684	511145.b3755	333	8
15200786	511145.b1680	333	21
15202990	511145.b4110	332	29
15200015	511145.b0849	332	7
15202750	511145.b3844	331	21
15199693	511145.b0485	331	13
15201760	511145.b2746	330	9
15202179	511145.b3213	330	47
15200701	511145.b1593	330	9
15200822	511145.b1717	329	5
15200208	511145.b1051	328	6
15202742	511145.b3833	328	21
15203016	511145.b4137	328	8
15199832	511145.b0641	327	14
15200179	511145.b1018	326	33
15200048	511145.b0882	324	59
15200921	511145.b1818	322	9
15201008	511145.b1908	322	15
15203105	511145.b4233	322	20
15200471	511145.b1330	321	10
15201907	511145.b2910	321	9
15199597	511145.b0386	320	14
15201299	511145.b2240	320	21
15201578	511145.b2533	319	29
15201110	511145.b2034	319	33
15199940	511145.b0773	319	9
15201009	511145.b1912	318	14
15202233	511145.b3279	318	18
15202761	511145.b3860	317	17
15201989	511145.b3008	317	29
15202715	511145.b3803	317	32
15202118	511145.b3150	316	16
15199265	511145.b0015	316	24
15200788	511145.b1682	315	27
15202298	511145.b3346	315	15
15202765	511145.b3865	315	17
15201638	511145.b2599	314	22
15199347	511145.b0102	314	21
15200398	511145.b1255	314	6
15201345	511145.b2286	314	54
15199858	511145.b0678	312	16
15203299	511145.b4511	312	3
15200868	511145.b1765	311	17
15202764	511145.b3863	311	64
15200351	511145.b1203	310	29
15201707	511145.b2688	310	27
15201431	511145.b2379	310	20
15200964	511145.b1861	309	6
15200790	511145.b1684	309	8
15202654	511145.b3725	309	20
15200960	511145.b1857	308	18
15199640	511145.b0431	307	25
15201609	511145.b2564	307	13
15203041	511145.b4162	306	16
15201630	511145.b2585	303	32
15199977	511145.b0810	303	25
15201714	511145.b2700	303	9
15201141	511145.b2065	302	13
15200951	511145.b1848	299	7
15199625	511145.b0416	299	12
15202413	511145.b3470	299	6
15199643	511145.b0434	299	14
15199730	511145.b0528	298	9
15201100	511145.b2023	298	11
15200092	511145.b0927	297	14
15201338	511145.b2279	296	4
15201683	511145.b2662	295	24
15200137	511145.b0973	295	52
15202375	511145.b3429	295	28
15200333	511145.b1185	294	14
15200215	511145.b1059	294	25
15201344	511145.b2285	294	8
15202766	511145.b3866	293	7
15201560	511145.b2515	292	35
15202139	511145.b3172	291	40
15201693	511145.b2672	290	5
15200405	511145.b1262	288	34
15200387	511145.b1244	288	14
15201369	511145.b2310	286	20
15199887	511145.b0712	283	19
15202384	511145.b3440	283	21
15203089	511145.b4214	283	15
15202745	511145.b3836	283	6
15200816	511145.b1710	283	15
15202013	511145.b3034	283	15
15200932	511145.b1829	283	15
15200373	511145.b1225	282	29
15200999	511145.b1896	281	24
15201234	511145.b2169	281	19
15201252	511145.b2187	280	5
15201362	511145.b2303	279	14
15201037	511145.b1944	278	12
15201906	511145.b2909	278	5
15199632	511145.b0423	276	32
15202240	511145.b3288	276	15
15202839	511145.b3941	275	19
15200979	511145.b1876	274	42
15201346	511145.b2287	273	14
15201892	511145.b2895	272	7
15201542	511145.b2497	271	6
15199692	511145.b0484	270	36
15199628	511145.b0419	270	24
15202221	511145.b3259	270	10
15200121	511145.b0956	269	8
15202924	511145.b4041	269	57
15202553	511145.b3616	268	20
15202046	511145.b3070	268	11
15200154	511145.b0990	268	19
15199439	511145.b0196	267	9
15202149	511145.b3183	267	14
15201142	511145.b2066	266	17
15203017	511145.b4138	265	13
15202085	511145.b3113	264	9
15199443	511145.b0200	263	11
15202746	511145.b3838	263	8
15201939	511145.b2947	263	21
15201682	511145.b2661	262	30
15202117	511145.b3149	262	5
15199633	511145.b0424	262	13
15202694	511145.b3775	261	9
15200335	511145.b1187	261	14
15199644	511145.b0435	261	6
15199423	511145.b0180	260	18
15200280	511145.b1124	260	7
15200192	511145.b1035	259	12
15199677	511145.b0469	258	13
15202095	511145.b3125	257	16
15201657	511145.b2620	257	9
15202821	511145.b3923	256	8
15201101	511145.b2024	256	11
15200088	511145.b0923	254	13
15199603	511145.b0393	254	25
15201756	511145.b2742	254	13
15202434	511145.b3493	253	7
15200416	511145.b1274	252	50
15200372	511145.b1224	252	68
15199856	511145.b0676	252	27
15200163	511145.b0999	251	5
15202626	511145.b3697	251	13
15200863	511145.b1760	250	5
15202869	511145.b3981	250	9
15203106	511145.b4234	249	10
15202339	511145.b3389	246	16
15200447	511145.b1305	246	4
15202335	511145.b3385	245	8
15200191	511145.b1034	245	19
15202822	511145.b3924	245	15
15202725	511145.b3816	245	13
15201248	511145.b2183	245	12
15200389	511145.b1246	243	23
15199782	511145.b0588	243	8
15201301	511145.b2242	243	13
15202453	511145.b3513	243	21
15203049	511145.b4173	243	29
15201911	511145.b2916	242	14
15201116	511145.b2040	242	15
15200388	511145.b1245	242	5
15199442	511145.b0199	241	17
15203056	511145.b4180	239	10
15201342	511145.b2283	239	44
15201099	511145.b2022	238	20
15201178	511145.b2107	237	6
15203232	511145.b4382	237	33
15199928	511145.b0761	237	13
15199623	511145.b0414	236	19
15201545	511145.b2500	236	12
15199254	511145.b0003	236	12
15202542	511145.b3605	235	24
15199834	511145.b0643	235	13
15199697	511145.b0489	234	15
15201097	511145.b2020	233	14
15202854	511145.b3957	233	16
15202383	511145.b3439	232	15
15199617	511145.b0408	231	41
15200390	511145.b1247	231	18
15202199	511145.b3234	229	20
15201251	511145.b2186	228	20
15201598	511145.b2553	228	9
15199572	511145.b0356	228	17
15201979	511145.b2994	227	22
15203246	511145.b4396	227	13
15201373	511145.b2314	227	7
15202467	511145.b3527	226	19
15202791	511145.b3891	225	19
15203186	511145.b4328	223	14
15200692	511145.b1584	222	12
15202627	511145.b3698	220	5
15203225	511145.b4375	220	24
15199662	511145.b0453	220	5
15200483	511145.b1342	218	13
15200412	511145.b1270	217	7
15201087	511145.b2009	217	8
15202161	511145.b3195	217	10
15199819	511145.b0628	215	12
15202659	511145.b3730	215	21
15200334	511145.b1186	215	11
15202068	511145.b3092	215	25
15202576	511145.b3639	214	16
15199444	511145.b0207	214	14
15203083	511145.b4208	213	11
15199278	511145.b0029	213	14
15200288	511145.b1132	212	11
15201458	511145.b2413	212	5
15202047	511145.b3071	211	12
15202897	511145.b4013	211	14
15200399	511145.b1256	210	9
15200917	511145.b1814	209	14
15201032	511145.b1939	208	18
15199718	511145.b0515	208	8
15203031	511145.b4152	208	5
15202887	511145.b3999	207	14
15202584	511145.b3648	206	9
15199473	511145.b0243	206	25
15199939	511145.b0772	205	21
15200787	511145.b1681	204	15
15201807	511145.b2795	204	26
15202328	511145.b3378	204	4
15201689	511145.b2668	204	4
15201518	511145.b2473	203	9
15200282	511145.b1126	203	18
15200827	511145.b1724	203	4
15202190	511145.b3225	203	8
15200177	511145.b1014	203	46
15201952	511145.b2960	203	10
15202825	511145.b3927	202	7
15203081	511145.b4206	202	12
15200244	511145.b1088	202	9
15201569	511145.b2524	202	3
15199779	511145.b0585	201	18
15202653	511145.b3724	201	13
15201444	511145.b2393	201	13
15200970	511145.b1867	200	7
15199257	511145.b0006	200	11
15201816	511145.b2804	199	4
15200132	511145.b0967	197	11
15200219	511145.b1063	196	7
15201384	511145.b2325	195	5
15199731	511145.b0529	195	14
15199320	511145.b0073	194	12
15200273	511145.b1117	193	8
15202689	511145.b3770	193	14
15199400	511145.b0156	193	5
15199804	511145.b0611	193	9
15202571	511145.b3634	192	9
15202908	511145.b4024	191	18
15200930	511145.b1827	191	19
15203110	511145.b4239	191	25
15201019	511145.b1922	188	16
15202939	511145.b4056	188	4
15202714	511145.b3802	187	12
15202831	511145.b3933	187	17
15202735	511145.b3826	186	7
15201618	511145.b2573	186	11
15199304	511145.b0055	186	9
15200789	511145.b1683	186	24
15201696	511145.b2675	186	37
15201457	511145.b2412	184	5
15202163	511145.b3197	184	10
15199280	511145.b0031	183	12
15203032	511145.b4153	182	9
15202209	511145.b3244	181	13
15202241	511145.b3289	181	18
15200365	511145.b1217	181	3
15199724	511145.b0522	181	14
15202885	511145.b3997	180	10
15202026	511145.b3049	180	3
15201374	511145.b2315	179	12
15200327	511145.b1179	179	5
15200232	511145.b1076	179	10
15201095	511145.b2017	179	4
15202086	511145.b3114	179	68
15202702	511145.b3786	178	14
15199472	511145.b0242	178	17
15202619	511145.b3687	178	7
15202145	511145.b3179	177	8
15199853	511145.b0662	176	16
15202810	511145.b3910	176	9
15200799	511145.b1693	176	11
15202670	511145.b3741	175	16
15200811	511145.b1705	175	3
15201985	511145.b3002	174	5
15200353	511145.b1205	173	2
15201698	511145.b2677	173	9
15200463	511145.b1322	172	9
15201806	511145.b2794	172	15
15202019	511145.b3041	172	10
15201407	511145.b2351	171	11
15201572	511145.b2527	171	6
15199661	511145.b0452	171	12
15199911	511145.b0737	170	8
15201094	511145.b2016	170	14
15201341	511145.b2282	169	11
15203002	511145.b4122	169	48
15202526	511145.b3588	169	16
15201026	511145.b1929	169	10
15200792	511145.b1686	169	3
15202362	511145.b3412	168	7
15199857	511145.b0677	168	12
15201388	511145.b2329	168	12
15202482	511145.b3543	168	7
15199666	511145.b0458	168	4
15201556	511145.b2511	167	23
15199701	511145.b0493	166	9
15199332	511145.b0086	164	10
15202865	511145.b3972	164	14
15200243	511145.b1087	164	8
15200809	511145.b1703	164	12
15199821	511145.b0630	163	5
15201292	511145.b2232	163	8
15200514	511145.b1382	163	3
15202544	511145.b3607	162	7
15200871	511145.b1768	162	8
15202430	511145.b3487	162	18
15201075	511145.b1993	161	5
15199342	511145.b0096	160	10
15199912	511145.b0738	160	4
15199971	511145.b0804	160	6
15201571	511145.b2526	159	19
15201308	511145.b2249	159	13
15200755	511145.b1647	158	11
15201811	511145.b2799	158	12
15200289	511145.b1133	156	10
15202932	511145.b4049	156	10
15202635	511145.b3706	155	19
15199952	511145.b0785	155	5
15201471	511145.b2426	155	15
15200835	511145.b1732	155	29
15203205	511145.b4352	154	11
15201155	511145.b2079	153	12
15202749	511145.b3843	153	17
15202063	511145.b3087	152	9
15199622	511145.b0413	152	6
15200346	511145.b1198	152	13
15201219	511145.b2154	152	14
15200239	511145.b1083	152	8
15201390	511145.b2331	151	3
15202634	511145.b3705	150	12
15199340	511145.b0094	150	13
15200851	511145.b1748	150	11
15202510	511145.b3572	149	17
15201102	511145.b2025	149	11
15200051	511145.b0886	149	17
15202350	511145.b3400	147	4
15203154	511145.b4295	147	12
15200910	511145.b1807	147	6
15203245	511145.b4395	146	9
15201547	511145.b2502	146	25
15201062	511145.b1973	145	6
15199855	511145.b0675	145	8
15202830	511145.b3932	145	5
15200001	511145.b0835	145	10
15200206	511145.b1049	144	31
15200826	511145.b1723	144	12
15199913	511145.b0739	143	5
15200652	511145.b1536	143	4
15201540	511145.b2495	142	5
15200810	511145.b1704	142	10
15202078	511145.b3102	141	8
15200496	511145.b1356	141	2
15199583	511145.b0369	139	12
15199364	511145.b0120	138	10
15202115	511145.b3147	137	22
15203088	511145.b4213	137	22
15200083	511145.b0918	137	10
15203202	511145.b4349	136	21
15201922	511145.b2927	135	8
15202935	511145.b4052	134	16
15200128	511145.b0963	133	4
15202929	511145.b4046	133	5
15200254	511145.b1098	133	7
15200339	511145.b1191	133	10
15201871	511145.b2872	133	14
15202596	511145.b3661	132	8
15201608	511145.b2563	131	3
15202512	511145.b3574	131	7
15201363	511145.b2304	131	10
15202723	511145.b3812	131	9
15199432	511145.b0189	131	2
15202372	511145.b3425	129	3
15201946	511145.b2954	129	7
15199422	511145.b0179	129	10
15200089	511145.b0924	128	48
15202941	511145.b4058	128	24
15199338	511145.b0092	128	8
15199946	511145.b0779	128	18
15201031	511145.b1938	128	18
15202191	511145.b3226	127	10
15201232	511145.b2167	127	9
15200771	511145.b1663	126	6
15199346	511145.b0101	126	3
15201067	511145.b1982	126	9
15201200	511145.b2133	126	25
15200337	511145.b1189	126	14
15201233	511145.b2168	125	8
15200992	511145.b1889	125	15
15201114	511145.b2038	124	8
15203040	511145.b4161	123	9
15201576	511145.b2531	123	4
15199324	511145.b0077	123	17
15199375	511145.b0131	123	2
15201340	511145.b2281	123	8
15202164	511145.b3198	122	7
15202159	511145.b3193	122	5
15200113	511145.b0948	122	21
15201796	511145.b2784	122	24
15202073	511145.b3097	121	3
15202838	511145.b3940	121	22
15201199	511145.b2132	120	19
15201562	511145.b2517	120	14
15203181	511145.b4323	120	16
15201495	511145.b2450	119	6
15199932	511145.b0765	119	13
15199803	511145.b0610	119	3
15200261	511145.b1105	119	4
15201699	511145.b2678	119	2
15201903	511145.b2906	118	10
15201049	511145.b1957	118	2
15201635	511145.b2594	118	8
15200348	511145.b1200	118	8
15202210	511145.b3247	118	13
15201647	511145.b2608	118	6
15200320	511145.b1171	116	4
15200860	511145.b1757	116	11
15202926	511145.b4043	115	7
15200536	511145.b1406	115	6
15199756	511145.b0559	114	3
15199824	511145.b0633	114	5
15200270	511145.b1114	114	37
15200052	511145.b0887	113	11
15202787	511145.b3887	113	5
15202883	511145.b3995	113	3
15202794	511145.b3894	113	22
15201779	511145.b2765	113	5
15200933	511145.b1830	113	18
15201983	511145.b2998	113	4
15199791	511145.b0597	112	5
15203014	511145.b4135	112	7
15200963	511145.b1860	112	8
15200423	511145.b1281	111	7
15202479	511145.b3540	111	7
15200258	511145.b1102	111	18
15202143	511145.b3177	111	10
15201014	511145.b1917	110	6
15201108	511145.b2032	110	13
15201632	511145.b2587	110	6
15202360	511145.b3410	110	1
15199773	511145.b0579	109	5
15202718	511145.b3806	109	19
15200986	511145.b1883	109	8
15202412	511145.b3469	109	13
15200055	511145.b0890	109	13
15200993	511145.b1890	108	6
15203220	511145.b4367	108	6
15201157	511145.b2081	107	12
15203240	511145.b4390	107	16
15202938	511145.b4055	107	8
15201810	511145.b2798	107	5
15199749	511145.b0551	107	5
15201986	511145.b3003	107	6
15203207	511145.b4354	106	11
15201838	511145.b2829	106	16
15199688	511145.b0480	106	15
15202070	511145.b3094	106	4
15202999	511145.b4119	105	11
15200733	511145.b1625	105	3
15202155	511145.b3189	105	9
15202863	511145.b3966	105	17
15202528	511145.b3590	105	15
15201047	511145.b1955	104	8
15203228	511145.b4378	104	6
15199441	511145.b0198	104	5
15199306	511145.b0059	104	29
15201277	511145.b2215	103	12
15202952	511145.b4069	102	16
15202591	511145.b3655	101	12
15202270	511145.b3318	101	3
15200112	511145.b0947	101	6
15199353	511145.b0109	101	9
15202378	511145.b3432	98.9	19
15199487	511145.b0261	98.1	6
15200393	511145.b1250	98.0	5
15203316	511145.b4536	97.8	3
15200680	511145.b1566	97.6	3
15202170	511145.b3204	97.2	3
15202186	511145.b3221	96.7	4
15202920	511145.b4036	96.5	8
15202304	511145.b3352	96.4	17
15200114	511145.b0949	96.3	9
15203346	511145.b4596	96.0	2
15199274	511145.b0025	95.3	6
15200758	511145.b1650	95.3	7
15202075	511145.b3099	95.0	4
15199333	511145.b0087	94.8	7
15199301	511145.b0052	94.4	5
15200614	511145.b1494	93.7	18
15199615	511145.b0406	93.7	8
15202720	511145.b3809	93.6	5
15200408	511145.b1266	93.2	4
15199827	511145.b0636	92.8	3
15200426	511145.b1284	91.8	7
15202739	511145.b3830	91.8	4
15200950	511145.b1847	91.8	4
15201709	511145.b2690	91.7	3
15202440	511145.b3499	91.4	7
15202160	511145.b3194	91.2	4
15203043	511145.b4167	91.0	5
15201418	511145.b2366	91.0	10
15200359	511145.b1211	90.9	7
15199260	511145.b0009	90.7	4
15200748	511145.b1640	89.1	5
15202860	511145.b3963	88.9	6
15201616	511145.b2571	88.8	5
15202737	511145.b3828	88.8	6
15202165	511145.b3199	88.7	2
15201011	511145.b1914	88.5	6
15199680	511145.b0472	88.5	3
15202166	511145.b3200	88.4	3
15199530	511145.b0312	88.3	5
15203203	511145.b4350	88.2	27
15202244	511145.b3292	87.8	5
15199395	511145.b0151	87.7	7
15202856	511145.b3959	87.6	4
15202311	511145.b3359	87.6	5
15203253	511145.b4403	87.4	7
15203150	511145.b4291	87.2	15
15201479	511145.b2434	87.1	3
15203028	511145.b4149	86.3	6
15199387	511145.b0143	85.9	12
15200383	511145.b1238	85.1	5
15202031	511145.b3054	84.7	8
15201064	511145.b1976	84.7	4
15199326	511145.b0080	84.6	6
15199492	511145.b0268	84.0	12
15201646	511145.b2607	84.0	6
15200266	511145.b1110	83.8	3
15201378	511145.b2319	83.6	7
15201944	511145.b2952	82.7	4
15203244	511145.b4394	82.6	4
15200202	511145.b1045	82.2	5
15200222	511145.b1066	81.8	6
15202705	511145.b3789	81.8	10
15200411	511145.b1269	81.6	6
15201611	511145.b2566	81.5	8
15200392	511145.b1249	81.4	9
15203054	511145.b4178	81.3	2
15199843	511145.b0652	81.1	3
15200413	511145.b1271	81.0	6
15201335	511145.b2276	80.4	4
15203242	511145.b4392	80.4	14
15200765	511145.b1657	80.3	3
15201818	511145.b2806	80.3	7
15201089	511145.b2011	80.2	14
15200084	511145.b0919	79.9	7
15199792	511145.b0598	79.9	5
15202730	511145.b3821	79.7	6
15201284	511145.b2222	79.6	4
15202578	511145.b3641	79.3	6
15200142	511145.b0978	79.2	5
15202606	511145.b3671	79.1	9
15200510	511145.b1378	78.6	16
15202197	511145.b3232	78.5	6
15199849	511145.b0658	78.5	7
15200260	511145.b1104	78.4	4
15200242	511145.b1086	78.3	9
15202672	511145.b3743	77.8	4
15199268	511145.b0019	77.6	4
15202320	511145.b3368	77.5	5
15199470	511145.b0239	77.1	11
15200636	511145.b1520	76.2	5
15202392	511145.b3449	76.1	7
15202102	511145.b3132	75.8	19
15200096	511145.b0931	75.3	10
15202545	511145.b3608	75.1	4
15203109	511145.b4238	74.9	10
15202374	511145.b3428	74.4	13
15200574	511145.b1448	74.0	3
15203131	511145.b4262	73.5	4
15199417	511145.b0174	73.2	4
15199670	511145.b0462	73.2	15
15199570	511145.b0354	73.1	1
15201830	511145.b2821	73.1	14
15202405	511145.b3462	72.9	7
15201998	511145.b3019	72.9	10
15199676	511145.b0468	72.8	2
15201372	511145.b2313	72.8	3
15202114	511145.b3146	72.4	3
15200470	511145.b1329	72.4	11
15199382	511145.b0138	70.9	4
15203086	511145.b4211	70.7	3
15200256	511145.b1100	70.7	4
15199629	511145.b0420	70.3	9
15199866	511145.b0686	70.2	5
15199685	511145.b0477	70.2	8
15202719	511145.b3807	70.2	3
15200485	511145.b1344	69.4	6
15200079	511145.b0914	68.6	13
15200272	511145.b1116	68.6	6
15203180	511145.b4322	67.9	9
15199941	511145.b0774	67.8	4
15200812	511145.b1706	67.7	9
15199686	511145.b0478	67.4	5
15203144	511145.b4280	66.9	7
15203236	511145.b4386	66.3	7
15201968	511145.b2983	66.0	8
15199367	511145.b0123	65.9	4
15200464	511145.b1323	65.8	11
15200275	511145.b1119	65.7	4
15202168	511145.b3202	65.6	7
15202410	511145.b3467	65.6	2
15201625	511145.b2580	65.4	5
15199689	511145.b0481	65.0	3
15200942	511145.b1839	64.8	1
15202138	511145.b3170	64.6	4
15202862	511145.b3965	64.1	9
15200127	511145.b0962	63.9	9
15200730	511145.b1622	63.9	7
15201823	511145.b2811	63.8	3
15202921	511145.b4037	63.2	2
15202156	511145.b3190	63.2	1
15202529	511145.b3591	63.1	9
15202953	511145.b4070	63.0	5
15201278	511145.b2216	62.9	11
15203213	511145.b4360	62.7	1
15199991	511145.b0825	62.6	2
15200742	511145.b1634	62.5	3
15201997	511145.b3018	62.4	3
15203111	511145.b4240	62.3	4
15199446	511145.b0209	62.2	4
15202480	511145.b3541	62.0	5
15200890	511145.b1787	61.7	2
15200671	511145.b1557	61.7	9
15202356	511145.b3406	61.5	3
15200238	511145.b1082	61.4	7
15201691	511145.b2670	61.2	1
15202586	511145.b3650	61.2	11
15202867	511145.b3974	61.1	7
15202344	511145.b3394	60.9	3
15199598	511145.b0387	60.6	4
15200212	511145.b1056	60.4	3
15199393	511145.b0149	60.3	12
15202193	511145.b3228	59.9	3
15202925	511145.b4042	59.9	2
15201629	511145.b2584	59.8	12
15200047	511145.b0881	59.7	3
15200476	511145.b1335	59.3	2
15201758	511145.b2744	59.2	2
15203130	511145.b4261	59.1	4
15201956	511145.b2964	59.0	3
15199330	511145.b0084	59.0	8
15203138	511145.b4269	58.7	4
15199653	511145.b0444	58.4	4
15202153	511145.b3187	58.3	3
15202552	511145.b3615	58.1	4
15201034	511145.b1941	58.1	5
15200618	511145.b1498	58.0	6
15202866	511145.b3973	57.7	6
15200973	511145.b1870	57.2	6
15202669	511145.b3740	57.1	4
15202906	511145.b4022	57.0	4
15202377	511145.b3431	56.4	9
15199410	511145.b0167	56.0	16
15199910	511145.b0736	55.7	3
15200549	511145.b1421	55.7	10
15201255	511145.b2193	55.4	3
15199793	511145.b0599	54.8	4
15202465	511145.b3525	54.8	5
15202048	511145.b3072	54.8	22
15200982	511145.b1879	54.7	5
15202506	511145.b3568	54.5	5
15199950	511145.b0783	54.5	3
15200954	511145.b1851	54.4	8
15201350	511145.b2291	54.3	2
15200070	511145.b0905	54.1	5
15199355	511145.b0111	53.8	6
15200178	511145.b1015	53.5	4
15200234	511145.b1078	52.6	2
15199469	511145.b0238	52.5	2
15200575	511145.b1449	52.2	5
15201302	511145.b2243	51.9	7
15199336	511145.b0090	51.9	4
15203123	511145.b4254	51.7	5
15199368	511145.b0124	51.5	4
15199986	511145.b0820	51.4	7
15200543	511145.b1413	51.1	23
15200974	511145.b1871	51.0	4
15201347	511145.b2288	51.0	1
15201271	511145.b2209	50.9	2
15202297	511145.b3345	50.8	1
15199552	511145.b0336	50.7	1
15202121	511145.b3153	50.6	1
15199458	511145.b0223	50.5	4
15202756	511145.b3850	50.5	3
15201955	511145.b2963	50.5	5
15202429	511145.b3486	50.4	12
15201513	511145.b2468	50.4	12
15202707	511145.b3791	50.2	7
15201140	511145.b2064	49.1	11
15201403	511145.b2346	48.9	4
15201656	511145.b2619	48.9	3
15200340	511145.b1192	48.6	3
15201109	511145.b2033	48.6	4
15202703	511145.b3787	48.5	4
15201222	511145.b2157	48.4	3
15202774	511145.b3874	48.0	4
15201759	511145.b2745	48.0	7
15202886	511145.b3998	47.9	5
15199512	511145.b0290	47.7	6
15202884	511145.b3996	47.5	5
15201793	511145.b2781	47.3	4
15200760	511145.b1652	47.0	2
15203248	511145.b4398	46.6	3
15202176	511145.b3210	46.6	7
15202987	511145.b4107	46.5	1
15202793	511145.b3893	46.3	4
15200138	511145.b0974	46.0	4
15202960	511145.b4077	45.8	4
15201822	511145.b2810	45.8	5
15199300	511145.b0051	45.7	3
15202784	511145.b3884	45.6	4
15202748	511145.b3842	45.2	2
15200085	511145.b0920	45.2	3
15201597	511145.b2552	45.1	5
15200494	511145.b1353	44.5	2
15200656	511145.b1540	44.5	2
15202769	511145.b3869	44.4	3
15200626	511145.b1508	44.4	1
15202567	511145.b3630	44.2	4
15200090	511145.b0925	44.2	3
15201517	511145.b2472	44.1	4
15200552	511145.b1424	44.1	9
15201612	511145.b2567	43.9	3
15200987	511145.b1884	43.4	4
15202016	511145.b3038	43.3	3
15200204	511145.b1047	43.2	10
15200870	511145.b1767	42.7	3
15202120	511145.b3152	42.5	3
15201849	511145.b2840	42.4	4
15199988	511145.b0822	42.2	4
15201466	511145.b2421	42.2	2
15201843	511145.b2834	42.1	3
15203239	511145.b4389	41.8	6
15203204	511145.b4351	41.8	3
15203125	511145.b4256	41.8	2
15199547	511145.b0330	41.7	3
15202816	511145.b3918	41.6	5
15202347	511145.b3397	41.3	2
15202496	511145.b3558	41.3	5
15203227	511145.b4377	41.2	4
15201402	511145.b2345	41.2	4
15203268	511145.b4461	40.7	3
15199527	511145.b0308	40.5	4
15200133	511145.b0968	40.1	2
15203309	511145.b4526	40.1	1
15202587	511145.b3651	39.9	3
15200144	511145.b0980	39.5	7
15199297	511145.b0048	39.4	1
15199461	511145.b0226	39.4	1
15201722	511145.b2708	39.4	5
15199609	511145.b0400	39.3	6
15200678	511145.b1564	39.2	1
15203319	511145.b4541	39.0	1
15200925	511145.b1822	38.9	2
15200663	511145.b1549	38.8	2
15200136	511145.b0972	38.8	3
15199429	511145.b0186	38.8	6
15201747	511145.b2733	38.6	6
15202691	511145.b3772	38.5	6
15201650	511145.b2611	38.4	1
15202484	511145.b3546	38.4	3
15202089	511145.b3117	38.3	7
15202923	511145.b4040	38.2	1
15203198	511145.b4345	37.9	4
15199818	511145.b0627	37.6	1
15202397	511145.b3454	37.5	1
15199943	511145.b0776	37.5	4
15200462	511145.b1321	37.2	5
15201214	511145.b2149	37.1	8
15200060	511145.b0895	37.0	2
15201058	511145.b1969	37.0	3
15202466	511145.b3526	36.9	2
15201804	511145.b2792	36.8	1
15202820	511145.b3922	36.6	1
15203047	511145.b4171	36.4	3
15201383	511145.b2324	36.1	4
15202903	511145.b4019	36.1	10
15200978	511145.b1875	36.0	2
15202599	511145.b3664	35.8	2
15200732	511145.b1624	35.7	2
15201964	511145.b2977	35.5	1
15202489	511145.b3551	35.1	4
15202704	511145.b3788	34.9	7
15201481	511145.b2436	34.9	3
15200116	511145.b0951	34.8	5
15202605	511145.b3670	34.8	1
15199339	511145.b0093	34.8	3
15199318	511145.b0071	34.7	2
15200338	511145.b1190	34.7	4
15201392	511145.b2333	34.7	1
15201040	511145.b1947	34.5	1
15201546	511145.b2501	33.7	9
15199431	511145.b0188	33.7	5
15202563	511145.b3626	33.5	4
15199449	511145.b0212	33.4	2
15201224	511145.b2159	33.4	4
15200697	511145.b1589	33.3	2
15202804	511145.b3904	33.3	3
15201761	511145.b2747	33.3	1
15201401	511145.b2344	33.2	3
15202468	511145.b3528	33.2	2
15203247	511145.b4397	33.1	1
15201024	511145.b1927	32.8	4
15201789	511145.b2777	32.5	2
15200592	511145.b1469	32.5	3
15202242	511145.b3290	32.5	2
15199974	511145.b0807	32.4	1
15201567	511145.b2522	32.3	1
15201264	511145.b2202	32.2	2
15203330	511145.b4557	32.0	1
15203063	511145.b4187	32.0	4
15201978	511145.b2993	32.0	1
15201054	511145.b1962	32.0	2
15201221	511145.b2156	31.8	1
15200897	511145.b1794	31.7	4
15200615	511145.b1495	31.7	6
15199357	511145.b0113	31.6	1
15199573	511145.b0357	31.3	1
15201981	511145.b2996	31.1	3
15202724	511145.b3813	31.0	5
15199695	511145.b0487	30.9	1
15200316	511145.b1165	30.6	1
15203229	511145.b4379	30.5	3
15200637	511145.b1521	30.4	4
15201191	511145.b2124	30.2	2
15201163	511145.b2091	30.2	2
15202701	511145.b3785	30.2	4
15200224	511145.b1068	30.1	2
15199852	511145.b0661	30.1	3
15201704	511145.b2685	29.9	3
15202976	511145.b4094	29.7	2
15200057	511145.b0892	29.4	3
15201914	511145.b2919	29.3	4
15201050	511145.b1958	29.3	1
15199463	511145.b0228	29.2	1
15202033	511145.b3056	29.1	4
15199848	511145.b0657	28.7	4
15203044	511145.b4168	28.5	1
15199435	511145.b0192	28.2	1
15199722	511145.b0520	28.1	3
15203221	511145.b4371	28.0	2
15203132	511145.b4263	28.0	4
15202368	511145.b3418	27.8	8
15202076	511145.b3100	27.7	1
15200146	511145.b0982	27.7	2
15200887	511145.b1784	27.7	3
15203194	511145.b4336	27.6	4
15200576	511145.b1450	27.5	1
15201715	511145.b2701	27.4	1
15200371	511145.b1223	27.3	1
15200522	511145.b1390	27.1	3
15201408	511145.b2352	27.0	3
15202690	511145.b3771	27.0	4
15201512	511145.b2467	26.7	2
15199881	511145.b0706	26.6	4
15200556	511145.b1429	26.3	1
15199604	511145.b0394	26.2	4
15200330	511145.b1182	26.2	4
15202131	511145.b3163	26.0	1
15199657	511145.b0448	25.9	4
15202274	511145.b3322	25.9	1
15199404	511145.b0160	25.7	3
15201855	511145.b2846	25.6	5
15199451	511145.b0214	25.6	2
15201950	511145.b2958	25.5	3
15202710	511145.b3794	25.5	3
15202550	511145.b3613	25.5	3
15203133	511145.b4264	25.4	2
15202215	511145.b3252	25.1	4
15201139	511145.b2063	24.8	4
15202711	511145.b3795	24.8	2
15200203	511145.b1046	24.7	5
15201128	511145.b2052	24.7	1
15200481	511145.b1340	24.5	1
15200379	511145.b1234	24.5	2
15201212	511145.b2147	24.2	3
15202103	511145.b3133	24.2	1
15200059	511145.b0894	24.1	5
15202837	511145.b3939	24.1	2
15199350	511145.b0106	23.8	1
15201274	511145.b2212	23.8	3
15200795	511145.b1689	23.6	1
15201434	511145.b2382	23.5	2
15203122	511145.b4253	23.4	7
15200595	511145.b1475	23.3	4
15200290	511145.b1134	23.2	1
15200050	511145.b0885	23.2	1
15203238	511145.b4388	23.1	3
15199565	511145.b0349	23.1	3
15201659	511145.b2623	22.9	3
15201790	511145.b2778	22.8	1
15203185	511145.b4327	22.8	2
15201712	511145.b2698	22.8	1
15200125	511145.b0960	22.8	6
15200814	511145.b1708	22.6	1
15200456	511145.b1314	22.4	3
15199999	511145.b0833	22.4	4
15201326	511145.b2267	22.2	1
15202134	511145.b3166	22.2	1
15199813	511145.b0620	22.1	1
15202721	511145.b3810	22.1	2
15199699	511145.b0491	22.0	1
15202024	511145.b3047	22.0	1
15200633	511145.b1517	21.9	2
15200285	511145.b1129	21.9	4
15199945	511145.b0778	21.9	1
15199683	511145.b0475	21.8	2
15200590	511145.b1467	21.6	6
15203084	511145.b4209	21.5	1
15202668	511145.b3739	21.5	1
15200491	511145.b1350	21.5	2
15201253	511145.b2188	21.4	3
15199673	511145.b0465	21.4	5
15200012	511145.b0846	21.1	1
15200045	511145.b0879	20.9	5
15199571	511145.b0355	20.9	3
15200719	511145.b1611	20.8	3
15202035	511145.b3058	20.8	1
15201003	511145.b1902	20.8	2
15201360	511145.b2301	20.7	1
15202213	511145.b3250	20.7	2
15201370	511145.b2311	20.4	1
15200800	511145.b1694	20.3	3
15203278	511145.b4472	20.3	8
15202398	511145.b3455	20.1	2
15201839	511145.b2830	20.1	1
15199419	511145.b0176	20.0	4
15201365	511145.b2306	20.0	1
15201674	511145.b2642	20.0	4
15200253	511145.b1097	19.9	2
15202846	511145.b3949	19.8	1
15199558	511145.b0342	19.8	1
15202534	511145.b3597	19.7	3
15200961	511145.b1858	19.6	1
15200364	511145.b1216	19.6	1
15201315	511145.b2256	19.6	5
15201290	511145.b2230	19.5	4
15200839	511145.b1736	19.4	1
15201565	511145.b2520	19.4	9
15201837	511145.b2828	19.4	2
15201072	511145.b1990	19.4	1
15202030	511145.b3053	19.3	6
15200281	511145.b1125	19.3	1
15199406	511145.b0162	19.1	2
15202782	511145.b3882	18.9	2
15201320	511145.b2261	18.8	2
15200033	511145.b0867	18.8	1
15201757	511145.b2743	18.8	1
15200785	511145.b1679	18.7	1
15199514	511145.b0292	18.6	1
15199305	511145.b0058	18.6	1
15200606	511145.b1486	18.5	1
15203034	511145.b4155	18.4	3
15201605	511145.b2560	18.4	1
15201486	511145.b2441	18.2	3
15202469	511145.b3529	18.2	4
15200838	511145.b1735	18.2	1
15201309	511145.b2250	18.2	2
15200931	511145.b1828	18.2	2
15202679	511145.b3750	18.2	1
15201237	511145.b2172	18.1	3
15201538	511145.b2493	18.0	1
15202419	511145.b3476	18.0	2
15203275	511145.b4469	17.9	3
15201186	511145.b2118	17.8	6
15199621	511145.b0412	17.8	1
15203058	511145.b4182	17.5	1
15202011	511145.b3032	17.3	1
15202366	511145.b3416	17.0	4
15202603	511145.b3668	17.0	1
15200297	511145.b1141	16.9	1
15203011	511145.b4131	16.9	4
15201022	511145.b1925	16.5	1
15203145	511145.b4284	16.5	5
15199484	511145.b0256	16.5	5
15200535	511145.b1404	16.5	5
15200276	511145.b1120	16.4	1
15200006	511145.b0840	16.4	1
15202763	511145.b3862	16.4	1
15200803	511145.b1697	16.4	1
15200246	511145.b1090	16.3	2
15202555	511145.b3618	16.1	2
15202927	511145.b4044	16.1	2
15202647	511145.b3718	16.1	1
15202211	511145.b3248	16.0	1
15199445	511145.b0208	16.0	1
15202454	511145.b3514	15.8	3
15200345	511145.b1197	15.8	2
15202823	511145.b3925	15.7	2
15200832	511145.b1729	15.7	1
15201245	511145.b2180	15.6	2
15202845	511145.b3947	15.4	5
15202570	511145.b3633	15.4	2
15200101	511145.b0936	15.3	2
15201312	511145.b2253	15.3	2
15201825	511145.b2813	15.2	2
15202130	511145.b3162	15.1	3
15200956	511145.b1853	15.1	2
15200919	511145.b1816	14.9	2
15200158	511145.b0994	14.9	2
15201743	511145.b2729	14.9	1
15202188	511145.b3223	14.9	1
15199742	511145.b0544	14.9	3
15199996	511145.b0830	14.8	2
15200902	511145.b1799	14.7	1
15199501	511145.b0278	14.5	2
15200767	511145.b1659	14.3	2
15201456	511145.b2411	14.3	3
15201189	511145.b2121	14.2	2
15200324	511145.b1176	14.2	1
15201464	511145.b2419	14.1	1
15200525	511145.b1393	14.0	1
15201015	511145.b1918	14.0	1
15201488	511145.b2443	14.0	1
15203045	511145.b4169	13.9	1
15200716	511145.b1608	13.7	1
15200042	511145.b0876	13.6	5
15203096	511145.b4221	13.5	3
15201769	511145.b2755	13.5	1
15201820	511145.b2808	13.5	2
15202041	511145.b3064	13.5	1
15200915	511145.b1812	13.4	1
15199594	511145.b0383	13.3	2
15203066	511145.b4190	13.3	1
15199313	511145.b0066	13.3	1
15202399	511145.b3456	13.2	1
15203029	511145.b4150	13.2	1
15202919	511145.b4035	13.1	5
15201684	511145.b2663	13.0	1
15203214	511145.b4361	12.9	1
15199841	511145.b0650	12.9	3
15201891	511145.b2894	12.8	2
15203171	511145.b4313	12.7	1
15202844	511145.b3946	12.7	1
15199497	511145.b0273	12.7	3
15200504	511145.b1372	12.7	6
15200946	511145.b1843	12.6	1
15199456	511145.b0221	12.6	2
15200752	511145.b1644	12.6	1
15199335	511145.b0089	12.6	3
15201929	511145.b2936	12.5	1
15202062	511145.b3086	12.3	1
15200375	511145.b1227	12.3	1
15202285	511145.b3333	12.2	1
15200848	511145.b1745	12.2	2
15199962	511145.b0795	12.1	2
15200010	511145.b0844	12.1	1
15203291	511145.b4485	12.1	1
15199771	511145.b0577	11.6	1
15202504	511145.b3566	11.5	1
15199296	511145.b0047	11.5	2
15202039	511145.b3062	11.4	1
15199764	511145.b0570	11.4	2
15200793	511145.b1687	11.3	3
15200511	511145.b1379	11.3	1
15199383	511145.b0139	11.2	2
15201864	511145.b2865	11.1	1
15199707	511145.b0503	11.0	1
15201010	511145.b1913	10.9	3
15200263	511145.b1107	10.9	1
15200772	511145.b1664	10.7	1
15199399	511145.b0155	10.6	1
15200526	511145.b1394	10.6	1
15201831	511145.b2822	10.6	6
15200000	511145.b0834	10.6	1
15199606	511145.b0397	10.6	4
15203008	511145.b4128	10.6	1
15199826	511145.b0635	10.5	3
15199959	511145.b0792	10.5	1
15199994	511145.b0828	10.5	1
15202744	511145.b3835	10.4	2
15199992	511145.b0826	10.4	1
15202901	511145.b4017	10.3	3
15202572	511145.b3635	10.3	1
15201957	511145.b2965	10.3	4
15202675	511145.b3746	10.3	1
15201798	511145.b2786	10.2	3
15200356	511145.b1208	10.1	1
15200616	511145.b1496	10.1	3
15199562	511145.b0346	10.1	1
15202458	511145.b3518	10.0	1
15201640	511145.b2601	9.94	3
15200628	511145.b1512	9.9	1
15203201	511145.b4348	9.89	1
15201496	511145.b2451	9.87	2
15202788	511145.b3888	9.86	1
15203142	511145.b4278	9.67	3
15200457	511145.b1315	9.66	1
15200876	511145.b1773	9.58	1
15200977	511145.b1874	9.54	1
15202717	511145.b3805	9.53	1
15199704	511145.b0496	9.49	1
15201912	511145.b2917	9.44	3
15202852	511145.b3955	9.4	2
15200936	511145.b1833	9.26	1
15199964	511145.b0797	9.26	1
15200907	511145.b1804	9.22	1
15202185	511145.b3220	9.14	3
15201454	511145.b2409	9.11	1
15199291	511145.b0042	9.07	1
15200211	511145.b1055	8.97	1
15200262	511145.b1106	8.95	1
15201035	511145.b1942	8.88	1
15201430	511145.b2378	8.82	1
15200873	511145.b1770	8.67	1
15202346	511145.b3396	8.65	1
15202566	511145.b3629	8.58	1
15200588	511145.b1465	8.57	1
15200422	511145.b1280	8.47	1
15202433	511145.b3492	8.43	1
15201119	511145.b2043	8.36	2
15202560	511145.b3623	8.26	1
15199448	511145.b0211	8.17	1
15200008	511145.b0842	8.16	2
15201767	511145.b2753	7.99	1
15203024	511145.b4145	7.96	1
15200313	511145.b1162	7.94	1
15200291	511145.b1135	7.9	1
15199882	511145.b0707	7.82	1
15199371	511145.b0127	7.77	1
15199533	511145.b0315	7.75	1
15201875	511145.b2876	7.69	1
15200779	511145.b1673	7.69	5
15200879	511145.b1776	7.62	1
15201845	511145.b2836	7.56	2
15199321	511145.b0074	7.56	1
15200229	511145.b1073	7.53	2
15200726	511145.b1618	7.51	1
15202977	511145.b4095	7.46	1
15201057	511145.b1968	7.43	1
15200435	511145.b1293	7.4	2
15202970	511145.b4087	7.39	2
15200500	511145.b1360	7.36	1
15202082	511145.b3106	7.3	1
15201205	511145.b2140	7.29	1
15202631	511145.b3702	7.27	1
15201146	511145.b2070	7.22	2
15202622	511145.b3690	7.18	1
15199871	511145.b0693	7.17	4
15200274	511145.b1118	6.97	1
15202066	511145.b3090	6.87	2
15202561	511145.b3624	6.86	2
15200801	511145.b1695	6.77	1
15201170	511145.b2099	6.74	2
15200583	511145.b1460	6.68	3
15202427	511145.b3484	6.68	3
15200100	511145.b0935	6.66	1
15201814	511145.b2802	6.61	1
15199875	511145.b0697	6.52	1
15202695	511145.b3778	6.48	1
15202009	511145.b3030	6.47	2
15201053	511145.b1961	6.47	1
15200802	511145.b1696	6.4	1
15200445	511145.b1303	6.39	1
15201681	511145.b2660	6.31	1
15199557	511145.b0341	6.29	2
15201319	511145.b2260	6.28	1
15201226	511145.b2161	6.19	2
15201187	511145.b2119	6.18	1
15202396	511145.b3453	6.18	1
15199310	511145.b0063	6.0	1
15202348	511145.b3398	5.97	1
15202148	511145.b3182	5.83	1
15202162	511145.b3196	5.82	1
15202116	511145.b3148	5.77	1
15202200	511145.b3235	5.75	1
15200718	511145.b1610	5.74	2
15201470	511145.b2425	5.68	1
15202568	511145.b3631	5.67	1
15202354	511145.b3404	5.62	3
15199504	511145.b0281	5.61	1
15201133	511145.b2057	5.59	1
15199811	511145.b0618	5.5	1
15200807	511145.b1701	5.49	1
15202792	511145.b3892	5.49	1
15201268	511145.b2206	5.43	1
15199427	511145.b0184	5.41	2
15200087	511145.b0922	5.36	1
15202310	511145.b3358	5.3	1
15199763	511145.b0569	5.23	1
15200975	511145.b1872	5.16	2
15199678	511145.b0470	5.14	1
15201639	511145.b2600	4.99	1
15201799	511145.b2787	4.97	1
15202857	511145.b3960	4.95	1
15202043	511145.b3066	4.95	1
15202811	511145.b3911	4.92	1
15200458	511145.b1316	4.83	1
15200427	511145.b1285	4.79	1
15202174	511145.b3208	4.73	2
15200815	511145.b1709	4.72	2
15200621	511145.b1501	4.71	1
15202277	511145.b3325	4.63	1
15200509	511145.b1377	4.54	1
15202767	511145.b3867	4.53	1
15200651	511145.b1535	4.48	2
15201337	511145.b2278	4.47	2
15199737	511145.b0535	4.46	2
15201446	511145.b2395	4.38	1
15201877	511145.b2878	4.3	3
15201273	511145.b2211	4.28	1
15203000	511145.b4120	4.25	2
15199513	511145.b0291	4.17	1
15200513	511145.b1381	4.15	1
15201809	511145.b2797	4.09	1
15199481	511145.b0252	4.05	1
15201669	511145.b2633	4.05	1
15201788	511145.b2776	4.04	2
15203277	511145.b4471	3.98	1
15200889	511145.b1786	3.97	1
15203269	511145.b4463	3.97	2
15199549	511145.b0333	3.9	2
15200591	511145.b1468	3.86	3
15201194	511145.b2127	3.82	1
15201865	511145.b2866	3.73	1
15200361	511145.b1213	3.58	2
15202752	511145.b3846	3.58	1
15200034	511145.b0868	3.54	2
15202641	511145.b3712	3.51	2
15200695	511145.b1587	3.5	2
15201387	511145.b2328	3.47	1
15200642	511145.b1526	3.47	1
15200524	511145.b1392	3.46	2
15201726	511145.b2712	3.1	2
15202470	511145.b3530	2.97	1
15201942	511145.b2950	2.96	1
15201480	511145.b2435	2.81	1
15203013	511145.b4133	2.74	2
15199878	511145.b0700	2.33	1
15201445	511145.b2394	2.31	1
15199776	511145.b0582	2.31	1
15199266	511145.b0016	2.31	1
15199762	511145.b0568	2.29	1
15201060	511145.b1971	2.26	1
15200003	511145.b0837	1.95	2
15203090	511145.b4215	1.91	2
15203140	511145.b4273	1.9	1
15199576	511145.b0361	1.9	1
15201077	511145.b1996	1.9	1
15201862	511145.b2860	1.9	1
15200533	511145.b1402	1.9	1
15202023	511145.b3045	1.9	1
15199769	511145.b0575	1.86	2
15201872	511145.b2873	1.85	1
15201594	511145.b2549	1.85	2
15200603	511145.b1483	1.84	2
15200516	511145.b1384	1.8	2
15201587	511145.b2542	1.74	1
15202461	511145.b3521	1.58	2
15201293	511145.b2233	1.58	1
15200451	511145.b1309	1.55	2
15202464	511145.b3524	1.42	2
15201519	511145.b2474	1.37	3
15200482	511145.b1341	1.29	2
15201661	511145.b2625	1.19	1
15202676	511145.b3747	1.13	2
15201324	511145.b2265	1.06	2
15199392	511145.b0148	0.92	3
15200105	511145.b0940	0.852	2
15200761	511145.b1653	0.45	2
