#id: 118205881
#name: E.coli - Whole organism, SC (Pride,prd000418,2011)
#score: 8.77
#weight:  70%
#description: abundance based on Spectral counting, Interaction consistency score: 8.77, Coverage: 33
#organ: WHOLE_ORGANISM
#integrated: false
#coverage: 33
#link: http://www.ebi.ac.uk/pride/archive/projects/PRD000418
#publication_year: 2011
#filename: 511145-Escherichia_coli_SC_biomart_17112_E__2reps.txt
#
#internal_id	string_external_id	abundance	raw_spectral_count
15200783	511145.b1677	42038	601
15200122	511145.b0957	19103	1032
15202874	511145.b3986	18249	259
15200882	511145.b1779	16969	697
15201624	511145.b2579	11804	264
15200382	511145.b1237	11588	205
15202246	511145.b3294	11240	141
15199799	511145.b0605	10686	280
15201277	511145.b2215	10523	733
15202250	511145.b3298	10301	188
15203018	511145.b4139	8966	500
15201005	511145.b1905	8359	133
15200250	511145.b1094	8243	56
15202266	511145.b3314	8084	190
15202574	511145.b3637	7816	60
15202888	511145.b4000	7646	136
15202267	511145.b3315	7438	96
15202291	511145.b3339	7409	1030
15202868	511145.b3980	7409	1030
15202042	511145.b3065	7369	28
15203022	511145.b4143	7367	476
15200821	511145.b1716	6916	57
15200384	511145.b1241	6883	767
15200068	511145.b0903	6503	731
15201791	511145.b2779	6311	301
15202292	511145.b3340	6225	596
15202269	511145.b3317	5880	218
15202873	511145.b3985	5811	144
15202666	511145.b3737	5732	18
15200764	511145.b1656	5573	168
15200465	511145.b1324	5556	95
15202255	511145.b3303	5473	148
15199264	511145.b0014	5347	385
15202260	511145.b3308	5040	137
15203021	511145.b4142	4997	88
15202265	511145.b3313	4751	71
15202248	511145.b3296	4734	149
15202293	511145.b3341	4686	131
15201921	511145.b2926	4429	265
15202262	511145.b3310	4419	54
15202257	511145.b3305	4354	137
15199272	511145.b0023	4086	35
15203079	511145.b4203	4076	130
15200749	511145.b1641	4067	55
15200508	511145.b1376	3980	104
15202840	511145.b3942	3793	359
15202826	511145.b3928	3767	49
15200076	511145.b0911	3741	324
15202663	511145.b3734	3634	280
15200094	511145.b0929	3589	194
15203124	511145.b4255	3586	15
15202871	511145.b3983	3493	72
15201645	511145.b2606	3490	54
15199981	511145.b0814	3461	76
15202271	511145.b3319	3445	66
15199409	511145.b0166	3439	129
15202294	511145.b3342	3437	31
15202196	511145.b3231	3329	57
15202273	511145.b3321	3314	71
15203053	511145.b4177	3286	211
15199440	511145.b0197	3258	103
15199412	511145.b0169	3251	136
15202253	511145.b3301	3233	88
15201563	511145.b2518	3208	49
15199560	511145.b0344	3198	540
15202824	511145.b3926	3170	276
15202661	511145.b3732	3135	267
15202665	511145.b3736	3128	86
15202272	511145.b3320	3123	92
15202259	511145.b3307	3108	15
15199360	511145.b0116	3094	208
15199616	511145.b0407	3089	36
15200926	511145.b1823	3075	60
15199901	511145.b0727	3041	104
15200657	511145.b1541	2996	39
15202133	511145.b3165	2958	18
15202249	511145.b3297	2942	50
15203048	511145.b4172	2871	52
15201298	511145.b2239	2865	175
15199754	511145.b0557	2865	24
15199926	511145.b0759	2857	126
15201920	511145.b2925	2856	100
15202201	511145.b3236	2843	121
15202817	511145.b3919	2828	61
15202872	511145.b3984	2757	125
15203114	511145.b4243	2746	29
15202546	511145.b3609	2665	37
15201928	511145.b2935	2657	172
15199645	511145.b0436	2622	206
15199413	511145.b0170	2601	152
15202657	511145.b3728	2576	143
15203032	511145.b4153	2570	74
15201690	511145.b2669	2565	47
15202247	511145.b3295	2553	155
15203076	511145.b4200	2539	60
15201368	511145.b2309	2518	91
15202195	511145.b3230	2505	58
15199923	511145.b0756	2480	96
15201710	511145.b2696	2473	12
15201356	511145.b2297	2460	230
15199259	511145.b0008	2414	153
15199991	511145.b0825	2363	68
15202373	511145.b3426	2357	238
15201909	511145.b2913	2248	88
15199801	511145.b0607	2237	57
15202740	511145.b3831	2233	49
15203026	511145.b4147	2215	40
15200762	511145.b1654	2208	31
15201250	511145.b2185	2205	36
15199682	511145.b0474	2182	83
15202152	511145.b3186	2126	24
15199978	511145.b0811	2121	98
15202770	511145.b3870	2089	139
15201910	511145.b2914	2088	39
15202685	511145.b3764	2057	32
15201648	511145.b2609	2051	28
15201949	511145.b2957	2050	118
15201633	511145.b2592	2046	259
15200782	511145.b1676	2025	134
15201462	511145.b2417	2021	45
15202353	511145.b3403	2020	157
15199649	511145.b0440	2000	31
15199924	511145.b0757	1997	62
15202698	511145.b3781	1994	45
15199358	511145.b0114	1984	250
15202198	511145.b3233	1975	44
15203023	511145.b4144	1975	12
15199759	511145.b0565	1973	111
15199903	511145.b0729	1953	76
15202834	511145.b3936	1951	22
15200131	511145.b0966	1940	2
15202251	511145.b3299	1940	2
15199902	511145.b0728	1930	124
15201596	511145.b2551	1921	80
15201300	511145.b2241	1915	164
15200292	511145.b1136	1902	120
15199899	511145.b0724	1880	93
15201637	511145.b2597	1825	36
15201461	511145.b2416	1820	140
15202299	511145.b3347	1817	60
15203033	511145.b4154	1811	131
15202814	511145.b3916	1768	66
15202132	511145.b3164	1750	150
15199660	511145.b0451	1705	12
15201355	511145.b2296	1678	81
15201106	511145.b2029	1675	112
15200920	511145.b1817	1658	70
15201353	511145.b2294	1654	42
15199727	511145.b0525	1631	44
15202264	511145.b3312	1621	16
15201543	511145.b2498	1597	43
15199659	511145.b0450	1580	29
15199915	511145.b0741	1578	48
15199930	511145.b0763	1574	81
15200430	511145.b1288	1572	55
15201521	511145.b2476	1552	67
15203100	511145.b4226	1549	37
15201471	511145.b2426	1540	67
15201460	511145.b2415	1525	16
15199908	511145.b0734	1518	12
15200957	511145.b1854	1504	95
15199255	511145.b0004	1503	75
15201215	511145.b2150	1498	82
15199925	511145.b0758	1482	77
15199681	511145.b0473	1466	168
15202268	511145.b3316	1436	24
15202876	511145.b3988	1434	279
15201523	511145.b2478	1433	58
15202436	511145.b3495	1430	23
15200363	511145.b1215	1428	45
15201525	511145.b2480	1418	30
15200818	511145.b1712	1413	25
15202875	511145.b3987	1404	264
15202141	511145.b3175	1386	12
15201085	511145.b2007	1383	18
15201811	511145.b2799	1383	71
15201871	511145.b2872	1345	103
15203078	511145.b4202	1340	13
15199671	511145.b0463	1316	48
15200249	511145.b1093	1316	29
15200093	511145.b0928	1311	88
15199816	511145.b0623	1289	28
15202673	511145.b3744	1288	62
15199832	511145.b0641	1277	24
15203234	511145.b4384	1266	61
15200386	511145.b1243	1255	91
15199415	511145.b0172	1243	21
15199895	511145.b0720	1237	76
15203104	511145.b4232	1233	42
15200808	511145.b1702	1231	115
15199846	511145.b0655	1230	55
15199898	511145.b0723	1227	112
15200031	511145.b0865	1225	23
15201553	511145.b2508	1224	63
15199907	511145.b0733	1221	48
15201459	511145.b2414	1212	58
15199800	511145.b0606	1212	84
15203233	511145.b4383	1209	67
15202664	511145.b3735	1208	28
15202988	511145.b4108	1206	11
15202549	511145.b3612	1198	79
15202843	511145.b3945	1196	36
15202258	511145.b3306	1187	29
15202147	511145.b3181	1187	37
15199646	511145.b0437	1167	16
15202458	511145.b3518	1157	68
15202151	511145.b3185	1154	14
15201301	511145.b2242	1153	42
15200953	511145.b1850	1141	24
15199405	511145.b0161	1139	68
15200842	511145.b1739	1135	14
15199359	511145.b0115	1134	128
15202637	511145.b3708	1120	77
15200934	511145.b1831	1108	27
15199864	511145.b0684	1107	18
15202159	511145.b3193	1098	20
15199439	511145.b0196	1095	21
15201979	511145.b2994	1094	69
15202909	511145.b4025	1093	77
15201651	511145.b2614	1093	20
15199635	511145.b0426	1092	36
15202014	511145.b3035	1089	68
15202494	511145.b3556	1082	31
15203050	511145.b4174	1077	59
15200355	511145.b1207	1066	56
15203115	511145.b4244	1053	19
15200058	511145.b0893	1048	76
15202457	511145.b3517	1046	140
15202261	511145.b3309	1040	19
15200248	511145.b1092	1038	19
15200287	511145.b1131	1033	52
15200613	511145.b1493	1027	137
15203017	511145.b4138	1026	21
15199553	511145.b0337	1019	42
15200710	511145.b1602	1015	38
15200323	511145.b1175	1010	33
15201713	511145.b2699	997	39
15202680	511145.b3751	988	48
15201302	511145.b2243	987	83
15201400	511145.b2343	983	12
15199854	511145.b0674	980	75
15202947	511145.b4064	976	7
15202450	511145.b3510	961	1
15203331	511145.b4558	956	9
15199979	511145.b0812	954	35
15201369	511145.b2310	954	49
15200824	511145.b1719	942	100
15202812	511145.b3912	940	18
15202771	511145.b3871	939	64
15203082	511145.b4207	934	29
15201508	511145.b2463	931	99
15200864	511145.b1761	927	54
15201522	511145.b2477	924	44
15199650	511145.b0441	923	68
15202585	511145.b3649	916	9
15199362	511145.b0118	905	145
15200509	511145.b1377	883	126
15201552	511145.b2507	879	72
15203116	511145.b4245	872	45
15202490	511145.b3552	871	14
15201544	511145.b2499	870	28
15202942	511145.b4059	862	22
15199922	511145.b0755	861	38
15202309	511145.b3357	861	39
15201382	511145.b2323	854	26
15202548	511145.b3611	850	17
15203258	511145.b4411	845	3
15201561	511145.b2516	841	26
15202194	511145.b3229	827	33
15202699	511145.b3783	825	59
15202547	511145.b3610	817	9
15200399	511145.b1256	814	19
15201566	511145.b2521	814	29
15202658	511145.b3729	812	57
15202142	511145.b3176	810	60
15202829	511145.b3931	809	58
15201934	511145.b2942	801	46
15203070	511145.b4194	798	8
15199631	511145.b0422	792	8
15203068	511145.b4192	791	35
15202396	511145.b3453	786	43
15200820	511145.b1714	785	45
15203251	511145.b4401	782	30
15200251	511145.b1095	780	22
15199868	511145.b0688	779	70
15202263	511145.b3311	779	4
15201232	511145.b2167	778	24
15199468	511145.b0237	773	53
15199900	511145.b0726	772	91
15200095	511145.b0930	771	48
15202483	511145.b3544	770	49
15202856	511145.b3959	766	19
15200072	511145.b0907	765	50
15202689	511145.b3770	761	26
15201706	511145.b2687	757	25
15202446	511145.b3506	757	18
15201557	511145.b2512	755	33
15203009	511145.b4129	750	91
15202315	511145.b3363	745	11
15202894	511145.b4006	740	69
15200015	511145.b0849	735	4
15200415	511145.b1273	733	7
15200322	511145.b1174	732	15
15199389	511145.b0145	727	16
15200446	511145.b1304	725	19
15199341	511145.b0095	721	60
15202190	511145.b3225	720	18
15200572	511145.b1446	714	4
15202556	511145.b3619	711	48
15199375	511145.b0131	709	7
15200745	511145.b1637	709	40
15202573	511145.b3636	698	3
15199420	511145.b0177	689	76
15200922	511145.b1819	685	28
15200394	511145.b1251	683	4
15200154	511145.b0990	682	23
15201992	511145.b3011	677	28
15200727	511145.b1619	673	28
15200381	511145.b1236	667	26
15202214	511145.b3251	665	32
15202118	511145.b3150	664	19
15200773	511145.b1667	661	14
15202139	511145.b3172	656	53
15202008	511145.b3029	655	4
15202254	511145.b3302	654	4
15202554	511145.b3617	652	39
15202364	511145.b3414	651	12
15199407	511145.b0163	647	14
15201340	511145.b2281	647	14
15202759	511145.b3858	643	11
15200264	511145.b1108	639	24
15199619	511145.b0410	636	2
15201792	511145.b2780	635	52
15199949	511145.b0782	633	24
15202158	511145.b3192	631	16
15200026	511145.b0860	628	24
15202239	511145.b3287	624	16
15199625	511145.b0416	621	12
15202178	511145.b3212	619	113
15201574	511145.b2529	616	14
15202256	511145.b3304	614	5
15201558	511145.b2513	610	23
15200823	511145.b1718	604	13
15199253	511145.b0002	601	82
15202124	511145.b3156	597	11
15199921	511145.b0754	594	25
15201347	511145.b2288	593	7
15199914	511145.b0740	589	37
15202693	511145.b3774	589	49
15201887	511145.b2890	588	79
15200819	511145.b1713	587	66
15200450	511145.b1308	586	4
15199603	511145.b0393	585	17
15203123	511145.b4254	584	33
15203051	511145.b4175	584	18
15202634	511145.b3705	583	22
15202252	511145.b3300	582	15
15201602	511145.b2557	582	93
15202577	511145.b3640	581	7
15202905	511145.b4021	579	17
15200474	511145.b1333	577	20
15200110	511145.b0945	575	34
15199469	511145.b0238	573	9
15199281	511145.b0032	571	20
15201234	511145.b2169	569	22
15202401	511145.b3458	569	25
15200279	511145.b1123	567	30
15201343	511145.b2284	566	36
15201711	511145.b2697	565	98
15202653	511145.b3724	563	23
15203129	511145.b4260	562	33
15200883	511145.b1780	559	21
15202870	511145.b3982	558	11
15200053	511145.b0888	558	19
15199822	511145.b0631	554	7
15199594	511145.b0383	549	38
15201917	511145.b2922	548	12
15200721	511145.b1613	546	32
15201484	511145.b2439	544	7
15202137	511145.b3169	539	44
15203002	511145.b4122	538	70
15199421	511145.b0178	538	9
15200077	511145.b0912	537	8
15199772	511145.b0578	536	16
15202820	511145.b3922	534	5
15200655	511145.b1539	534	10
15199437	511145.b0194	533	46
15200612	511145.b1492	530	10
15201901	511145.b2904	530	2
15201291	511145.b2231	529	61
15199349	511145.b0104	527	16
15202794	511145.b3894	526	79
15199897	511145.b0722	526	4
15200930	511145.b1827	525	27
15201185	511145.b2114	523	62
15202793	511145.b3893	522	26
15202136	511145.b3168	522	57
15203106	511145.b4234	521	6
15201168	511145.b2097	521	20
15202007	511145.b3028	515	10
15200720	511145.b1612	514	76
15202376	511145.b3430	510	25
15199624	511145.b0415	506	9
15201389	511145.b2330	506	13
15201900	511145.b2903	502	45
15202334	511145.b3384	499	19
15203039	511145.b4160	498	17
15200029	511145.b0863	493	18
15200245	511145.b1089	493	3
15199885	511145.b0710	492	16
15201344	511145.b2285	488	9
15201902	511145.b2905	485	21
15202379	511145.b3433	481	16
15201540	511145.b2495	478	5
15202430	511145.b3487	478	27
15201597	511145.b2552	476	26
15199302	511145.b0053	469	23
15202853	511145.b3956	469	67
15202821	511145.b3923	466	7
15199398	511145.b0154	465	24
15200969	511145.b1866	463	48
15202497	511145.b3559	462	50
15201102	511145.b2025	462	23
15199282	511145.b0033	460	62
15199648	511145.b0439	459	56
15203241	511145.b4391	458	46
15199471	511145.b0241	456	39
15202858	511145.b3961	454	18
15202439	511145.b3498	453	45
15200048	511145.b0882	451	43
15202218	511145.b3256	450	26
15201598	511145.b2553	450	10
15199725	511145.b0523	449	4
15203127	511145.b4258	449	71
15200964	511145.b1861	444	5
15199275	511145.b0026	440	69
15199833	511145.b0642	440	59
15199643	511145.b0434	439	14
15199976	511145.b0809	438	10
15200240	511145.b1084	438	45
15200770	511145.b1662	437	12
15203055	511145.b4179	437	63
15199377	511145.b0133	435	24
15200967	511145.b1864	434	9
15201371	511145.b2312	434	29
15199677	511145.b0469	433	12
15199457	511145.b0222	431	9
15201128	511145.b2052	428	8
15200890	511145.b1787	427	8
15202893	511145.b4005	426	24
15201476	511145.b2431	422	17
15200895	511145.b1792	421	10
15200259	511145.b1103	420	7
15200955	511145.b1852	419	39
15203231	511145.b4381	418	20
15202375	511145.b3429	417	22
15200867	511145.b1764	416	22
15200743	511145.b1635	413	15
15200351	511145.b1203	412	24
15200618	511145.b1498	410	23
15201568	511145.b2523	408	35
15202918	511145.b4034	407	25
15200979	511145.b1876	406	41
15201559	511145.b2514	404	28
15199858	511145.b0678	404	15
15200512	511145.b1380	403	17
15201842	511145.b2833	403	2
15199509	511145.b0287	401	9
15202216	511145.b3253	401	20
15201346	511145.b2287	399	14
15199823	511145.b0632	395	30
15201943	511145.b2951	394	41
15200046	511145.b0880	393	4
15202857	511145.b3960	393	25
15201299	511145.b2240	392	19
15202715	511145.b3803	392	25
15202492	511145.b3554	391	9
15202144	511145.b3178	391	34
15202999	511145.b4119	389	19
15201575	511145.b2530	388	28
15200712	511145.b1604	388	17
15200032	511145.b0866	384	2
15202544	511145.b3607	380	8
15202498	511145.b3560	379	17
15200166	511145.b1002	377	22
15200283	511145.b1127	376	24
15200600	511145.b1480	376	1
15202694	511145.b3775	375	5
15202690	511145.b3771	375	30
15199863	511145.b0683	372	10
15199592	511145.b0381	372	18
15200056	511145.b0891	371	15
15200130	511145.b0965	371	8
15202074	511145.b3098	367	3
15200942	511145.b1839	366	2
15202223	511145.b3261	366	1
15199400	511145.b0156	366	5
15202953	511145.b4070	365	27
15202044	511145.b3067	364	21
15202745	511145.b3836	362	4
15201888	511145.b2891	361	15
15202415	511145.b3472	358	11
15202039	511145.b3062	357	11
15203083	511145.b4208	357	9
15201056	511145.b1967	356	10
15201930	511145.b2937	356	10
15201025	511145.b1928	355	9
15202135	511145.b3167	353	7
15201954	511145.b2962	349	9
15199843	511145.b0652	348	6
15201342	511145.b2283	347	32
15202010	511145.b3031	346	3
15201211	511145.b2146	346	21
15202403	511145.b3460	344	11
15202038	511145.b3061	342	14
15201836	511145.b2827	342	11
15199325	511145.b0078	341	6
15201345	511145.b2286	341	40
15201614	511145.b2569	341	28
15202029	511145.b3052	341	27
15200082	511145.b0917	339	4
15202630	511145.b3701	337	11
15200005	511145.b0839	336	17
15202753	511145.b3847	335	20
15202827	511145.b3929	333	8
15199916	511145.b0742	333	7
15201212	511145.b2147	328	16
15202317	511145.b3365	327	41
15201449	511145.b2400	327	18
15203246	511145.b4396	325	8
15201236	511145.b2171	322	6
15201760	511145.b2746	321	6
15200177	511145.b1014	320	52
15200750	511145.b1642	319	7
15202825	511145.b3927	318	4
15203232	511145.b4382	316	21
15201321	511145.b2262	316	11
15199985	511145.b0819	315	6
15200075	511145.b0910	312	8
15201939	511145.b2947	311	14
15201098	511145.b2021	311	10
15203088	511145.b4213	310	28
15202792	511145.b3892	308	7
15199622	511145.b0413	307	6
15203031	511145.b4152	307	3
15201096	511145.b2019	307	12
15199424	511145.b0181	307	4
15199336	511145.b0090	304	10
15202761	511145.b3860	300	9
15202662	511145.b3733	299	11
15199326	511145.b0080	298	13
15201375	511145.b2316	298	11
15201570	511145.b2525	297	6
15201978	511145.b2993	297	7
15203105	511145.b4233	295	11
15201124	511145.b2048	293	17
15203071	511145.b4195	293	6
15199617	511145.b0408	292	31
15202830	511145.b3932	292	5
15199277	511145.b0028	292	3
15201756	511145.b2742	291	9
15202654	511145.b3725	288	9
15199414	511145.b0171	288	10
15201012	511145.b1915	286	2
15201974	511145.b2989	285	9
15201016	511145.b1919	282	10
15202659	511145.b3730	280	13
15201919	511145.b2924	280	13
15202217	511145.b3255	279	6
15202836	511145.b3938	276	5
15200119	511145.b0954	276	8
15199370	511145.b0126	276	9
15201869	511145.b2870	275	20
15199428	511145.b0185	274	12
15201059	511145.b1970	273	6
15202032	511145.b3055	272	7
15201294	511145.b2234	272	27
15201359	511145.b2300	270	4
15199940	511145.b0773	270	2
15202742	511145.b3833	267	10
15201982	511145.b2997	267	12
15199472	511145.b0242	267	10
15202015	511145.b3037	267	5
15201897	511145.b2900	267	5
15200868	511145.b1765	265	8
15202188	511145.b3223	265	12
15200711	511145.b1603	265	17
15201101	511145.b2024	264	9
15202738	511145.b3829	264	25
15203089	511145.b4214	262	10
15201898	511145.b2901	262	13
15202169	511145.b3203	262	3
15199423	511145.b0180	261	10
15199647	511145.b0438	260	22
15200327	511145.b1179	259	3
15200828	511145.b1725	257	14
15200097	511145.b0932	256	33
15200447	511145.b1305	256	2
15200147	511145.b0983	256	10
15201440	511145.b2388	255	10
15201103	511145.b2026	254	2
15202199	511145.b3234	253	11
15203003	511145.b4123	248	4
15201895	511145.b2898	247	14
15200244	511145.b1088	245	6
15199620	511145.b0411	245	12
15199378	511145.b0134	244	6
15201981	511145.b2996	243	13
15199859	511145.b0679	243	12
15200412	511145.b1270	242	4
15199473	511145.b0243	242	16
15203109	511145.b4238	241	18
15202954	511145.b4071	241	8
15200286	511145.b1130	241	13
15202336	511145.b3386	241	5
15200247	511145.b1091	240	9
15200545	511145.b1415	240	24
15203101	511145.b4227	240	7
15201951	511145.b2959	239	6
15199559	511145.b0343	239	6
15200223	511145.b1067	236	7
15199851	511145.b0660	236	15
15201880	511145.b2881	236	19
15199867	511145.b0687	236	8
15201208	511145.b2143	235	8
15199291	511145.b0042	234	10
15200067	511145.b0902	232	9
15199254	511145.b0003	232	7
15199860	511145.b0680	231	23
15201905	511145.b2908	230	17
15201931	511145.b2938	230	17
15202179	511145.b3213	229	16
15200288	511145.b1132	227	5
15200843	511145.b1740	226	11
15202955	511145.b4072	225	4
15201946	511145.b2954	224	2
15199570	511145.b0354	223	2
15202739	511145.b3830	223	5
15203056	511145.b4180	223	7
15203097	511145.b4222	221	3
15202175	511145.b3209	221	10
15202338	511145.b3388	221	8
15201611	511145.b2566	218	7
15199265	511145.b0015	218	7
15202612	511145.b3677	217	1
15202855	511145.b3958	216	7
15199290	511145.b0041	215	4
15199852	511145.b0661	215	18
15201973	511145.b2988	214	17
15199315	511145.b0068	212	9
15200036	511145.b0870	212	13
15199320	511145.b0073	211	11
15199670	511145.b0462	209	22
15199911	511145.b0737	208	5
15199602	511145.b0391	207	2
15200369	511145.b1221	205	5
15200951	511145.b1848	205	1
15202115	511145.b3147	204	16
15201184	511145.b2113	204	5
15201571	511145.b2526	204	16
15201129	511145.b2053	203	9
15200059	511145.b0894	202	23
15201141	511145.b2065	200	4
15201807	511145.b2795	199	15
15203072	511145.b4196	198	6
15202584	511145.b3648	198	5
15201626	511145.b2581	196	6
15202952	511145.b4069	195	15
15202240	511145.b3288	195	9
15201485	511145.b2440	194	5
15199819	511145.b0628	194	8
15200354	511145.b1206	194	5
15202068	511145.b3092	194	16
15201621	511145.b2576	193	14
15202491	511145.b3553	193	5
15203207	511145.b4354	192	8
15200403	511145.b1260	192	6
15201636	511145.b2595	191	9
15199344	511145.b0098	191	28
15201627	511145.b2582	190	6
15202656	511145.b3727	189	4
15202149	511145.b3183	189	5
15199303	511145.b0054	189	28
15201008	511145.b1908	187	7
15200886	511145.b1783	186	18
15199692	511145.b0484	185	13
15202714	511145.b3802	184	8
15200923	511145.b1820	183	3
15201338	511145.b2279	183	1
15200054	511145.b0889	183	3
15199701	511145.b0493	181	5
15199597	511145.b0386	180	6
15201993	511145.b3012	180	8
15201486	511145.b2441	179	12
15202536	511145.b3599	179	8
15200917	511145.b1814	179	5
15202764	511145.b3863	177	21
15200257	511145.b1101	176	6
15199260	511145.b0009	175	4
15201064	511145.b1976	175	3
15201097	511145.b2020	175	6
15202580	511145.b3644	173	8
15201335	511145.b2276	171	4
15202340	511145.b3390	171	7
15200083	511145.b0918	170	7
15201649	511145.b2610	168	11
15202351	511145.b3401	168	6
15199814	511145.b0621	168	2
15203186	511145.b4328	168	9
15202579	511145.b3642	168	6
15201816	511145.b2804	167	3
15200921	511145.b1818	166	2
15202339	511145.b3389	166	6
15202899	511145.b4015	166	10
15199319	511145.b0072	164	9
15201068	511145.b1983	164	5
15199497	511145.b0273	163	17
15202086	511145.b3114	162	39
15202441	511145.b3500	161	10
15201218	511145.b2153	161	4
15200404	511145.b1261	161	6
15200701	511145.b1593	161	4
15200822	511145.b1717	160	1
15199318	511145.b0071	160	4
15200871	511145.b1768	159	2
15200164	511145.b1000	158	5
15201002	511145.b1901	156	7
15203074	511145.b4198	156	4
15202161	511145.b3195	156	5
15202482	511145.b3543	156	3
15199696	511145.b0488	155	1
15201104	511145.b2027	155	6
15203247	511145.b4397	155	3
15200758	511145.b1650	154	5
15200373	511145.b1225	152	13
15202019	511145.b3041	152	7
15201094	511145.b2016	152	6
15199934	511145.b0767	151	3
15200428	511145.b1286	151	14
15202956	511145.b4073	151	4
15200001	511145.b0835	150	6
15201950	511145.b2958	150	4
15200377	511145.b1232	149	4
15200276	511145.b1120	149	6
15202467	511145.b3527	147	9
15201483	511145.b2438	146	4
15199849	511145.b0658	145	7
15201403	511145.b2346	145	5
15201890	511145.b2893	145	4
15200722	511145.b1614	143	14
15202193	511145.b3228	143	4
15202545	511145.b3608	142	5
15202367	511145.b3417	141	18
15202537	511145.b3600	141	7
15203236	511145.b4386	140	4
15202384	511145.b3440	140	7
15202628	511145.b3699	140	12
15202016	511145.b3038	139	7
15202434	511145.b3493	139	2
15199857	511145.b0677	139	6
15199834	511145.b0643	139	4
15200205	511145.b1048	138	7
15201613	511145.b2568	138	4
15199855	511145.b0675	138	5
15201477	511145.b2432	137	3
15202642	511145.b3713	136	5
15201099	511145.b2022	135	7
15202243	511145.b3291	135	1
15202357	511145.b3407	133	15
15201233	511145.b2168	133	4
15201520	511145.b2475	132	4
15201516	511145.b2471	132	2
15201271	511145.b2209	132	4
15202810	511145.b3910	132	3
15202301	511145.b3349	131	3
15200146	511145.b0982	131	6
15200145	511145.b0981	131	9
15202163	511145.b3197	130	4
15201087	511145.b2009	130	2
15199583	511145.b0369	130	7
15201337	511145.b2278	129	4
15201906	511145.b2909	128	1
15201295	511145.b2235	128	7
15203180	511145.b4322	126	8
15200463	511145.b1322	126	5
15203181	511145.b4323	126	10
15200881	511145.b1778	126	2
15202095	511145.b3125	125	5
15201268	511145.b2206	125	17
15199993	511145.b0827	124	4
15202155	511145.b3189	124	8
15202934	511145.b4051	123	4
15202089	511145.b3117	123	3
15199321	511145.b0074	123	9
15200542	511145.b1412	121	4
15201877	511145.b2878	121	22
15199403	511145.b0159	121	5
15200020	511145.b0854	121	7
15201878	511145.b2879	121	9
15200697	511145.b1589	121	5
15201609	511145.b2564	120	5
15199968	511145.b0801	120	6
15199977	511145.b0810	120	5
15201657	511145.b2620	117	2
15202412	511145.b3469	117	9
15202453	511145.b3513	117	5
15203084	511145.b4209	117	4
15201255	511145.b2193	116	4
15200766	511145.b1658	116	7
15200348	511145.b1200	115	4
15202618	511145.b3686	114	2
15201742	511145.b2728	114	1
15200419	511145.b1277	113	5
15201560	511145.b2515	113	7
15202702	511145.b3786	113	5
15199280	511145.b0031	113	5
15202619	511145.b3687	113	2
15201907	511145.b2910	112	2
15202020	511145.b3042	112	2
15202300	511145.b3348	111	1
15199728	511145.b0526	111	9
15200261	511145.b1105	111	3
15199697	511145.b0489	109	6
15200793	511145.b1687	108	14
15203168	511145.b4310	108	4
15201569	511145.b2524	108	1
15200388	511145.b1245	108	1
15199618	511145.b0409	107	3
15202087	511145.b3115	107	4
15201165	511145.b2094	107	2
15199369	511145.b0125	107	3
15199661	511145.b0452	107	4
15203290	511145.b4484	106	2
15201984	511145.b3001	106	7
15200265	511145.b1109	106	7
15200289	511145.b1133	105	4
15200220	511145.b1064	105	5
15202103	511145.b3133	105	2
15201500	511145.b2455	105	4
15201352	511145.b2293	104	3
15199331	511145.b0085	104	7
15201827	511145.b2818	104	5
15203049	511145.b4173	104	6
15202747	511145.b3839	103	1
15201758	511145.b2744	103	3
15202908	511145.b4024	102	6
15200416	511145.b1274	101	13
15201707	511145.b2688	101	6
15201759	511145.b2745	101	7
15201251	511145.b2186	100	7
15202221	511145.b3259	99.8	2
15201384	511145.b2325	99.7	1
15200692	511145.b1584	99.2	4
15199346	511145.b0101	99.0	2
15201444	511145.b2393	98.9	3
15199987	511145.b0821	98.9	7
15199411	511145.b0168	98.5	5
15202920	511145.b4036	98.3	6
15201142	511145.b2066	97.4	3
15200365	511145.b1217	97.1	1
15201011	511145.b1914	96.4	5
15202355	511145.b3405	95.9	4
15201308	511145.b2249	95.7	4
15200852	511145.b1749	95.7	5
15202378	511145.b3432	95.6	12
15201458	511145.b2413	95.5	1
15199986	511145.b0820	95.5	10
15201502	511145.b2457	95.3	3
15200085	511145.b0920	95.3	2
15200134	511145.b0969	94.8	1
15200049	511145.b0884	93.8	1
15200952	511145.b1849	93.4	6
15202962	511145.b4079	93.0	10
15202407	511145.b3464	92.8	6
15201997	511145.b3018	92.7	2
15200602	511145.b1482	92.3	1
15202863	511145.b3966	91.9	9
15202528	511145.b3590	91.4	9
15202298	511145.b3346	91.3	3
15203130	511145.b4261	91.0	3
15201348	511145.b2289	90.7	3
15199324	511145.b0077	90.2	7
15203107	511145.b4235	89.9	7
15202270	511145.b3318	89.5	1
15202881	511145.b3993	89.3	4
15200178	511145.b1015	89.2	3
15202454	511145.b3514	89.0	9
15202233	511145.b3279	88.5	4
15202711	511145.b3795	88.3	3
15201683	511145.b2662	88.2	6
15202576	511145.b3639	88.1	4
15199608	511145.b0399	88.0	3
15200536	511145.b1406	87.6	3
15199967	511145.b0800	87.2	5
15202730	511145.b3821	87.1	4
15199387	511145.b0143	86.8	7
15199718	511145.b0515	86.5	2
15199338	511145.b0092	86.4	4
15202374	511145.b3428	86.3	10
15200903	511145.b1800	86.0	5
15201178	511145.b2107	85.9	1
15201374	511145.b2315	85.5	4
15201747	511145.b2733	85.4	11
15202413	511145.b3470	85.3	1
15200810	511145.b1704	85.2	3
15202671	511145.b3742	84.1	1
15202691	511145.b3772	83.4	7
15200352	511145.b1204	82.9	3
15201166	511145.b2095	82.8	4
15200218	511145.b1062	82.7	4
15203245	511145.b4395	81.8	3
15202077	511145.b3101	81.6	1
15199809	511145.b0616	81.4	4
15203081	511145.b4206	81.2	1
15201576	511145.b2531	80.8	2
15202882	511145.b3994	80.8	5
15202621	511145.b3689	80.6	5
15202746	511145.b3838	80.4	2
15200771	511145.b1663	80.3	2
15199962	511145.b0795	80.3	5
15202170	511145.b3204	79.7	2
15200830	511145.b1727	79.7	3
15200042	511145.b0876	79.6	5
15201505	511145.b2460	79.5	2
15202138	511145.b3170	79.1	3
15202406	511145.b3463	78.9	1
15200372	511145.b1224	78.5	18
15203094	511145.b4219	78.2	3
15203225	511145.b4375	77.9	5
15202045	511145.b3068	77.8	2
15200879	511145.b1776	77.7	3
15201118	511145.b2042	77.1	5
15200511	511145.b1379	76.8	2
15202553	511145.b3616	76.6	2
15202589	511145.b3653	75.9	1
15199810	511145.b0617	75.3	2
15201200	511145.b2133	75.2	6
15202839	511145.b3941	75.0	3
15200557	511145.b1430	74.5	3
15202626	511145.b3697	74.0	3
15202635	511145.b3706	73.9	5
15200654	511145.b1538	73.2	8
15203270	511145.b4464	72.5	1
15200475	511145.b1334	72.4	1
15202356	511145.b3406	72.2	2
15200004	511145.b0838	71.9	3
15201401	511145.b2344	71.4	3
15201312	511145.b2253	71.3	4
15202838	511145.b3940	71.2	7
15201214	511145.b2149	71.2	8
15201762	511145.b2748	71.0	1
15200732	511145.b1624	70.5	3
15199309	511145.b0062	70.2	5
15199886	511145.b0711	69.6	1
15201418	511145.b2366	69.4	6
15202925	511145.b4042	69.1	1
15200167	511145.b1003	68.9	1
15200148	511145.b0984	68.7	7
15201616	511145.b2571	68.7	3
15200149	511145.b0985	68.2	2
15199257	511145.b0006	68.0	2
15201837	511145.b2828	67.7	2
15202852	511145.b3955	67.6	3
15201014	511145.b1917	66.8	2
15200933	511145.b1830	66.8	7
15203041	511145.b4162	66.2	2
15202167	511145.b3201	65.9	3
15202419	511145.b3476	65.8	5
15201741	511145.b2727	65.3	3
15199632	511145.b0423	64.9	4
15199542	511145.b0325	64.5	4
15199633	511145.b0424	64.1	1
15202859	511145.b3962	63.9	3
15201457	511145.b2412	63.6	1
15199688	511145.b0480	62.9	6
15202391	511145.b3448	62.5	1
15200073	511145.b0908	62.4	4
15201292	511145.b2232	62.0	2
15199558	511145.b0342	61.9	1
15200030	511145.b0864	61.6	1
15199828	511145.b0637	61.3	1
15199441	511145.b0198	61.2	1
15203316	511145.b4536	60.8	1
15200932	511145.b1829	60.7	2
15200417	511145.b1275	60.4	3
15199912	511145.b0738	60.1	1
15201938	511145.b2946	59.6	3
15202311	511145.b3359	59.4	3
15200017	511145.b0851	59.1	2
15200367	511145.b1219	59.0	1
15201546	511145.b2501	58.7	8
15202991	511145.b4111	58.7	2
15199700	511145.b0492	58.6	2
15199299	511145.b0050	58.5	1
15202941	511145.b4058	58.3	8
15202768	511145.b3868	58.2	4
15200190	511145.b1033	58.2	4
15202924	511145.b4041	57.9	8
15202631	511145.b3702	57.8	5
15202209	511145.b3244	57.8	3
15199609	511145.b0400	57.5	3
15201510	511145.b2465	57.5	10
15202047	511145.b3071	57.1	2
15201360	511145.b2301	57.0	2
15201362	511145.b2303	57.0	2
15201498	511145.b2453	57.0	1
15202468	511145.b3528	56.8	1
15202897	511145.b4013	56.7	2
15201349	511145.b2290	56.6	3
15202157	511145.b3191	56.5	1
15201814	511145.b2802	56.5	4
15200282	511145.b1126	56.4	3
15200792	511145.b1686	55.8	1
15201562	511145.b2517	55.7	4
15201163	511145.b2091	55.7	2
15200869	511145.b1766	55.6	4
15199444	511145.b0207	55.1	2
15202940	511145.b4057	53.9	1
15200137	511145.b0973	53.6	5
15202596	511145.b3661	53.5	2
15202405	511145.b3462	53.4	2
15202717	511145.b3805	53.1	4
15202880	511145.b3992	52.5	2
15200784	511145.b1678	52.4	1
15202383	511145.b3439	52.3	1
15200060	511145.b0895	52.3	2
15201911	511145.b2916	52.1	2
15201818	511145.b2806	51.9	3
15201843	511145.b2834	51.8	2
15202837	511145.b3939	51.6	2
15201060	511145.b1971	51.2	4
15203221	511145.b4371	51.1	2
15200744	511145.b1636	50.7	2
15199710	511145.b0506	50.6	2
15199805	511145.b0612	50.5	1
15202171	511145.b3205	50.2	2
15202655	511145.b3726	50.0	1
15201556	511145.b2511	49.9	3
15201823	511145.b2811	49.9	1
15199950	511145.b0783	49.8	1
15199896	511145.b0721	49.2	1
15199328	511145.b0082	48.7	3
15202402	511145.b3459	47.7	1
15201625	511145.b2580	47.7	3
15203244	511145.b4394	47.5	1
15201796	511145.b2784	47.2	5
15203073	511145.b4197	47.1	2
15202003	511145.b3024	47.1	1
15199844	511145.b0653	46.6	1
15202185	511145.b3220	46.6	3
15202308	511145.b3356	46.5	1
15202854	511145.b3957	46.3	2
15200191	511145.b1034	46.3	1
15201379	511145.b2320	46.2	5
15200956	511145.b1853	46.1	2
15200413	511145.b1271	46.0	2
15200418	511145.b1276	46.0	4
15200671	511145.b1557	45.9	5
15200552	511145.b1424	45.2	5
15200729	511145.b1621	45.0	2
15199288	511145.b0039	44.8	2
15202743	511145.b3834	44.6	1
15200949	511145.b1846	44.3	1
15202808	511145.b3908	44.1	1
15202932	511145.b4049	44.0	3
15200192	511145.b1035	43.8	1
15202200	511145.b3235	43.8	2
15201941	511145.b2949	43.7	1
15201539	511145.b2494	43.4	2
15202860	511145.b3963	43.0	1
15201738	511145.b2724	42.9	2
15200699	511145.b1591	42.8	1
15201655	511145.b2618	42.4	1
15201714	511145.b2700	42.2	1
15200070	511145.b0905	42.0	2
15200594	511145.b1474	41.8	9
15202145	511145.b3179	41.7	1
15202604	511145.b3669	41.4	1
15199492	511145.b0268	41.4	4
15200846	511145.b1743	41.3	1
15201779	511145.b2765	41.1	1
15202335	511145.b3385	41.1	1
15200409	511145.b1267	40.4	2
15201647	511145.b2608	40.0	1
15201882	511145.b2883	39.8	2
15202371	511145.b3424	39.8	1
15200423	511145.b1281	39.3	1
15200357	511145.b1209	39.2	2
15200849	511145.b1746	39.2	2
15200656	511145.b1540	39.2	1
15200963	511145.b1860	39.1	2
15199821	511145.b0630	38.9	1
15202570	511145.b3633	38.8	2
15202114	511145.b3146	38.6	2
15203040	511145.b4161	38.3	2
15200136	511145.b0972	38.0	1
15202701	511145.b3785	37.8	2
15200185	511145.b1024	37.7	6
15201944	511145.b2952	37.5	1
15203277	511145.b4471	37.5	1
15201157	511145.b2081	37.4	2
15199365	511145.b0121	36.8	1
15200874	511145.b1771	36.6	2
15202929	511145.b4046	36.5	1
15202466	511145.b3526	36.5	1
15202307	511145.b3355	36.5	1
15201572	511145.b2527	36.5	1
15201358	511145.b2299	36.5	1
15199337	511145.b0091	36.2	2
15201573	511145.b2528	36.1	1
15202241	511145.b3289	35.9	2
15200599	511145.b1479	35.7	4
15200607	511145.b1487	35.6	2
15200978	511145.b1875	35.5	1
15199306	511145.b0059	35.4	4
15202898	511145.b4014	35.2	2
15201810	511145.b2798	35.1	1
15200270	511145.b1114	35.1	6
15200420	511145.b1278	35.0	1
15201509	511145.b2464	35.0	4
15199615	511145.b0406	34.9	2
15199687	511145.b0479	34.8	1
15199808	511145.b0615	34.8	2
15202143	511145.b3177	34.7	2
15200919	511145.b1816	34.7	2
15201868	511145.b2869	34.6	3
15202697	511145.b3780	34.3	3
15199340	511145.b0094	34.2	2
15199683	511145.b0475	34.0	1
15200243	511145.b1087	33.9	1
15201989	511145.b3008	33.7	2
15201630	511145.b2585	33.7	3
15200113	511145.b0948	33.3	3
15202766	511145.b3866	33.2	1
15199673	511145.b0465	32.9	4
15203243	511145.b4393	32.7	1
15201456	511145.b2411	32.7	3
15201513	511145.b2468	32.4	4
15203095	511145.b4220	32.3	3
15200731	511145.b1623	32.2	1
15199393	511145.b0149	32.2	4
15202885	511145.b3997	32.0	2
15199698	511145.b0490	32.0	3
15199887	511145.b0712	31.8	1
15199278	511145.b0029	31.5	1
15201874	511145.b2875	31.4	3
15201320	511145.b2261	31.3	1
15202903	511145.b4019	31.0	5
15202134	511145.b3166	30.9	2
15200089	511145.b0924	30.7	6
15201757	511145.b2743	30.6	1
15203067	511145.b4191	30.5	1
15200578	511145.b1452	30.4	1
15202811	511145.b3911	30.4	2
15202993	511145.b4113	30.3	1
15200562	511145.b1435	30.3	3
15203322	511145.b4546	30.1	1
15202936	511145.b4053	30.0	2
15199824	511145.b0633	29.8	1
15201864	511145.b2865	29.4	1
15200092	511145.b0927	29.3	1
15200595	511145.b1475	29.2	2
15200359	511145.b1211	29.0	1
15200954	511145.b1851	28.8	1
15200826	511145.b1723	28.7	1
15203043	511145.b4167	28.3	1
15202392	511145.b3449	28.1	1
15200816	511145.b1710	28.1	1
15199679	511145.b0471	28.1	1
15200809	511145.b1703	28.0	1
15200742	511145.b1634	28.0	1
15199731	511145.b0529	27.9	1
15199355	511145.b0111	27.9	2
15200974	511145.b1871	27.8	1
15201734	511145.b2720	27.7	1
15200273	511145.b1117	27.6	1
15202948	511145.b4065	27.5	1
15202751	511145.b3845	27.4	1
15199623	511145.b0414	27.3	2
15199640	511145.b0431	27.3	1
15201661	511145.b2625	27.2	5
15201463	511145.b2418	27.1	1
15200719	511145.b1611	27.1	2
15199334	511145.b0088	27.0	1
15201089	511145.b2011	27.0	2
15201421	511145.b2369	27.0	1
15203024	511145.b4145	26.8	2
15200087	511145.b0922	26.5	3
15200851	511145.b1748	26.4	2
15200870	511145.b1767	26.4	1
15199526	511145.b0307	26.4	2
15199587	511145.b0376	26.3	1
15202130	511145.b3162	26.3	3
15201365	511145.b2306	26.3	1
15200132	511145.b0967	26.2	1
15200051	511145.b0886	26.2	1
15199442	511145.b0199	26.0	1
15201577	511145.b2532	25.9	1
15200347	511145.b1199	25.8	1
15199449	511145.b0212	25.8	1
15199686	511145.b0478	25.6	1
15202429	511145.b3486	25.5	4
15201722	511145.b2708	25.4	2
15201431	511145.b2379	25.0	1
15199523	511145.b0304	24.9	1
15202586	511145.b3650	24.8	2
15201866	511145.b2867	24.7	1
15202756	511145.b3850	24.6	1
15200206	511145.b1049	24.6	2
15202926	511145.b4043	24.5	1
15201940	511145.b2948	24.4	1
15201817	511145.b2805	24.2	1
15200544	511145.b1414	24.2	1
15202769	511145.b3869	23.9	1
15200746	511145.b1638	23.9	1
15200908	511145.b1805	23.8	2
15201155	511145.b2079	23.6	1
15202011	511145.b3032	23.5	1
15199942	511145.b0775	23.5	1
15201224	511145.b2159	23.3	1
15202695	511145.b3778	23.2	2
15202187	511145.b3222	23.2	1
15202197	511145.b3232	23.0	1
15202750	511145.b3844	22.8	1
15200038	511145.b0872	22.7	1
15199447	511145.b0210	22.6	1
15201929	511145.b2936	22.5	1
15201565	511145.b2520	22.4	5
15203205	511145.b4352	22.4	1
15202725	511145.b3816	22.2	1
15199990	511145.b0824	22.2	1
15199353	511145.b0109	22.1	1
15199371	511145.b0127	22.1	1
15199527	511145.b0308	21.8	1
15202609	511145.b3674	21.7	1
15200262	511145.b1106	21.5	1
15202438	511145.b3497	21.5	1
15201704	511145.b2685	21.4	1
15200915	511145.b1812	21.3	1
15199347	511145.b0102	21.0	1
15202041	511145.b3064	20.9	1
15199792	511145.b0598	20.9	1
15203045	511145.b4169	20.8	1
15200084	511145.b0919	20.7	1
15202985	511145.b4105	20.6	1
15199292	511145.b0043	20.6	1
15199939	511145.b0772	20.4	1
15203028	511145.b4149	20.4	1
15203004	511145.b4124	20.3	1
15200088	511145.b0923	20.1	1
15202902	511145.b4018	20.1	1
15200854	511145.b1751	20.0	1
15199871	511145.b0693	19.9	2
15200034	511145.b0868	19.9	1
15199459	511145.b0224	19.7	1
15202480	511145.b3541	19.5	1
15200263	511145.b1107	19.3	1
15202009	511145.b3030	19.3	2
15202997	511145.b4117	19.1	2
15199614	511145.b0405	19.1	1
15202479	511145.b3540	18.9	1
15201464	511145.b2419	18.7	1
15202723	511145.b3812	18.7	1
15200866	511145.b1763	18.6	5
15200380	511145.b1235	18.4	1
15200254	511145.b1098	18.1	1
15199416	511145.b0173	17.8	1
15202703	511145.b3787	17.6	1
15200799	511145.b1693	17.6	1
15200716	511145.b1608	17.5	1
15199333	511145.b0087	17.5	1
15203214	511145.b4361	17.5	1
15201199	511145.b2132	17.3	3
15199572	511145.b0356	17.1	1
15202791	511145.b3891	17.1	1
15202617	511145.b3685	16.9	1
15202368	511145.b3418	16.8	2
15199927	511145.b0760	16.7	1
15202670	511145.b3741	16.7	1
15200414	511145.b1272	16.6	1
15202675	511145.b3746	16.6	1
15202919	511145.b4035	16.3	1
15202935	511145.b4052	16.1	1
15201715	511145.b2701	15.9	1
15201388	511145.b2329	15.7	1
15202862	511145.b3965	15.7	1
15200422	511145.b1280	15.7	1
15200405	511145.b1262	15.7	1
15203242	511145.b4392	15.6	2
15201847	511145.b2838	15.6	1
15199286	511145.b0037	15.6	3
15202030	511145.b3053	15.5	2
15199628	511145.b0419	15.5	1
15200464	511145.b1323	15.4	1
15200037	511145.b0871	15.3	1
15199287	511145.b0038	15.2	1
15201735	511145.b2721	15.1	1
15201806	511145.b2794	15.0	1
15200889	511145.b1786	15.0	1
15202398	511145.b3455	15.0	1
15202788	511145.b3888	14.7	1
15202176	511145.b3210	14.6	2
15203250	511145.b4400	14.6	1
15203046	511145.b4170	14.5	1
15202767	511145.b3867	14.2	2
15201547	511145.b2502	14.2	1
15202397	511145.b3454	14.2	2
15199342	511145.b0096	14.2	1
15200334	511145.b1186	13.8	1
15201121	511145.b2045	13.6	1
15199512	511145.b0290	13.6	1
15200590	511145.b1467	13.1	3
15202529	511145.b3591	13.0	1
15200591	511145.b1468	12.8	7
15201470	511145.b2425	12.6	1
15200057	511145.b0892	12.1	1
15200637	511145.b1521	11.8	1
15201689	511145.b2668	11.7	1
15200543	511145.b1413	11.6	3
15201998	511145.b3019	11.6	1
15201904	511145.b2907	11.5	1
15201726	511145.b2712	11.5	1
15199946	511145.b0779	11.4	1
15199410	511145.b0167	11.2	2
15202744	511145.b3835	11.1	1
15203132	511145.b4263	11.0	2
15202591	511145.b3655	10.9	1
15202503	511145.b3565	10.8	1
15201067	511145.b1982	10.6	1
15200127	511145.b0962	10.4	1
15199557	511145.b0341	10.4	2
15200039	511145.b0873	10.0	1
15202534	511145.b3597	9.87	1
15201133	511145.b2057	9.84	1
15201053	511145.b1961	9.83	1
15201140	511145.b2064	9.76	1
15202752	511145.b3846	9.62	1
15199753	511145.b0556	9.6	1
15199456	511145.b0221	9.57	1
15201314	511145.b2255	9.48	1
15201830	511145.b2821	9.46	1
15200079	511145.b0914	9.33	1
15199720	511145.b0517	9.28	1
15201125	511145.b2049	9.16	1
15202102	511145.b3132	8.97	1
15202232	511145.b3271	8.96	1
15200052	511145.b0887	8.67	1
15200713	511145.b1605	8.53	1
15201288	511145.b2226	8.44	1
15203000	511145.b4120	8.42	2
15201915	511145.b2920	7.6	1
15199506	511145.b0284	7.26	1
15200018	511145.b0852	7.19	2
15200549	511145.b1421	7.1	1
15199769	511145.b0575	6.79	4
15202797	511145.b3897	6.66	1
15202678	511145.b3749	6.29	1
15199335	511145.b0089	6.12	2
15201776	511145.b2762	5.91	1
15201682	511145.b2661	5.72	1
15199310	511145.b0063	5.61	1
15201432	511145.b2380	5.52	1
15199488	511145.b0262	5.18	1
15201640	511145.b2601	4.8	1
15200937	511145.b1834	4.78	1
15200718	511145.b1610	4.41	1
15200761	511145.b1653	3.9	1
15200904	511145.b1801	3.68	1
15200157	511145.b0993	3.58	1
15200517	511145.b1385	3.14	1
15203096	511145.b4221	2.87	1
15201753	511145.b2739	2.83	1
15201767	511145.b2753	2.37	1
15202464	511145.b3524	2.23	2
15201473	511145.b2428	2.18	1
15201278	511145.b2216	1.09	1
15199529	511145.b0311	1.05	1
15203194	511145.b4336	0.911	1
15200857	511145.b1754	0.754	1
15202542	511145.b3605	0.617	1
