#id: 101479651
#name: E.coli - Whole organism, SC (Wright,mcp,2012)
#score: 9.8
#weight:  10%
#description: abundance based on Spectral counting, Interaction consistency score: 9.8, Coverage: 58
#organ: WHOLE_ORGANISM
#integrated: false
#coverage: 58
#link: http://www.ncbi.nlm.nih.gov/pmc/articles/PMC3412976
#publication_year: 2012
#filename: 511145-Ecoli_strainK12_PRIDE.txt
#
#internal_id	string_external_id	abundance	raw_spectral_count
15202928	511145.b4045	28634	264
15202042	511145.b3065	15866	81
15202267	511145.b3315	10653	205
15199799	511145.b0605	10204	561
15200382	511145.b1237	9015	246
15202888	511145.b4000	8433	229
15200394	511145.b1251	8136	35
15202256	511145.b3304	7808	61
15201460	511145.b2415	7760	137
15202269	511145.b3317	7689	372
15202151	511145.b3185	7679	94
15203078	511145.b4202	7623	91
15200245	511145.b1089	7424	76
15202266	511145.b3314	7397	308
15202293	511145.b3341	7177	294
15202265	511145.b3313	7160	181
15202246	511145.b3294	7110	118
15199272	511145.b0023	7057	79
15202263	511145.b3311	6839	53
15199649	511145.b0440	6793	120
15202273	511145.b3321	6634	197
15202259	511145.b3307	6340	46
15202255	511145.b3303	6297	301
15202874	511145.b3986	6245	129
15201791	511145.b2779	6184	557
15201250	511145.b2185	6118	139
15202260	511145.b3308	6111	297
15199264	511145.b0014	5975	793
15203226	511145.b4376	5955	217
15202573	511145.b3636	5614	57
15202261	511145.b3309	5529	146
15202268	511145.b3316	5376	164
15201645	511145.b2606	5323	116
15202195	511145.b3230	5160	117
15202574	511145.b3637	5150	48
15199412	511145.b0169	5124	298
15199901	511145.b0727	5097	312
15202868	511145.b3980	5003	1271
15202291	511145.b3339	4986	1268
15199682	511145.b0474	4971	242
15202250	511145.b3298	4911	138
15202637	511145.b3708	4824	676
15202262	511145.b3310	4810	110
15202257	511145.b3305	4722	193
15202196	511145.b3231	4708	120
15200250	511145.b1094	4696	61
15201901	511145.b2904	4676	32
15201648	511145.b2609	4520	65
15199727	511145.b0525	4425	160
15203021	511145.b4142	4392	136
15203079	511145.b4203	4061	200
15199922	511145.b0755	4057	214
15202873	511145.b3985	3801	150
15200292	511145.b1136	3756	349
15202248	511145.b3296	3696	160
15201563	511145.b2518	3650	117
15202585	511145.b3649	3636	71
15199409	511145.b0166	3577	215
15202660	511145.b3731	3484	39
15201596	511145.b2551	3433	263
15200076	511145.b0911	3405	453
15199645	511145.b0436	3373	502
15199415	511145.b0172	3373	91
15202834	511145.b3936	3367	69
15199772	511145.b0578	3343	135
15201920	511145.b2925	3304	218
15202152	511145.b3186	3294	63
15202871	511145.b3983	3202	90
15203304	511145.b4517	3169	37
15202988	511145.b4108	3156	51
15200049	511145.b0884	3138	67
15201710	511145.b2696	3123	24
15202494	511145.b3556	3118	62
15202299	511145.b3347	3112	181
15201910	511145.b2914	3066	89
15202872	511145.b3984	3050	237
15200823	511145.b1718	3037	129
15202632	511145.b3703	3024	5
15201633	511145.b2592	3010	750
15203022	511145.b4143	3004	408
15199358	511145.b0114	2985	574
15202249	511145.b3297	2983	84
15202685	511145.b3764	2953	59
15202218	511145.b3256	2933	326
15200926	511145.b1823	2917	94
15199360	511145.b0116	2875	328
15200363	511145.b1215	2808	155
15201525	511145.b2480	2797	107
15200934	511145.b1831	2791	116
15202271	511145.b3319	2782	134
15199475	511145.b0246	2772	4
15201090	511145.b2012	2730	24
15200093	511145.b0928	2713	284
15200077	511145.b0912	2605	56
15202254	511145.b3302	2605	26
15202253	511145.b3301	2557	101
15200415	511145.b1273	2555	48
15202003	511145.b3024	2543	70
15202699	511145.b3783	2529	303
15199413	511145.b0170	2519	228
15202301	511145.b3349	2429	62
15202272	511145.b3320	2403	106
15201706	511145.b2687	2390	129
15203053	511145.b4177	2374	322
15202826	511145.b3928	2350	48
15202264	511145.b3312	2332	49
15199421	511145.b0178	2246	76
15199400	511145.b0156	2242	63
15203292	511145.b4487	2239	3
15201909	511145.b2913	2204	132
15202247	511145.b3295	2199	265
15199369	511145.b0125	2171	91
15202258	511145.b3306	2165	81
15202223	511145.b3261	2148	11
15202334	511145.b3384	2136	132
15200694	511145.b1586	2112	12
15201462	511145.b2417	2105	81
15199903	511145.b0729	2098	148
15200168	511145.b1004	2064	120
15202147	511145.b3181	2059	79
15199635	511145.b0426	2049	123
15203009	511145.b4129	2007	331
15200430	511145.b1288	1962	126
15201382	511145.b2323	1937	107
15202824	511145.b3926	1923	343
15201690	511145.b2669	1913	63
15203233	511145.b4383	1909	208
15202450	511145.b3510	1876	9
15201461	511145.b2416	1853	260
15200095	511145.b0930	1830	207
15202829	511145.b3931	1822	213
15199902	511145.b0728	1795	222
15200882	511145.b1779	1792	134
15199468	511145.b0237	1789	203
15202201	511145.b3236	1786	149
15200842	511145.b1739	1778	25
15200058	511145.b0893	1761	221
15202136	511145.b3168	1760	253
15200053	511145.b0888	1740	130
15202292	511145.b3340	1724	343
15201355	511145.b2296	1720	173
15202836	511145.b3938	1720	47
15201356	511145.b2297	1701	292
15201521	511145.b2476	1701	141
15201792	511145.b2780	1692	208
15201311	511145.b2252	1665	77
15199985	511145.b0819	1628	66
15201902	511145.b2905	1599	117
15202853	511145.b3956	1599	355
15201575	511145.b2530	1556	209
15200868	511145.b1765	1551	101
15202546	511145.b3609	1550	50
15200465	511145.b1324	1542	70
15201895	511145.b2898	1537	135
15202556	511145.b3619	1530	158
15199411	511145.b0168	1524	128
15202876	511145.b3988	1497	497
15202698	511145.b3781	1481	73
15201921	511145.b2926	1478	188
15200122	511145.b0957	1477	138
15202137	511145.b3169	1475	217
15200957	511145.b1854	1471	183
15202680	511145.b3751	1460	158
15200355	511145.b1207	1452	153
15202073	511145.b3097	1445	14
15199681	511145.b0473	1444	294
15199850	511145.b0659	1438	18
15202626	511145.b3697	1427	92
15199863	511145.b0683	1421	67
15200068	511145.b0903	1419	269
15200953	511145.b1850	1417	71
15201887	511145.b2890	1398	257
15199921	511145.b0754	1381	123
15200664	511145.b1550	1378	23
15202239	511145.b3287	1373	68
15201543	511145.b2498	1372	76
15202214	511145.b3251	1371	109
15199624	511145.b0415	1353	54
15202771	511145.b3871	1338	138
15203251	511145.b4401	1338	76
15202658	511145.b3729	1330	183
15199359	511145.b0115	1324	234
15200249	511145.b1093	1313	67
15199362	511145.b0118	1293	363
15202547	511145.b3610	1280	29
15199900	511145.b0726	1279	257
15201928	511145.b2935	1247	140
15200762	511145.b1654	1231	38
15199259	511145.b0008	1230	146
15201375	511145.b2316	1228	65
15200227	511145.b1071	1222	40
15202135	511145.b3167	1216	38
15200054	511145.b0889	1212	49
15199282	511145.b0033	1191	278
15201156	511145.b2080	1175	32
15201851	511145.b2842	1170	85
15199302	511145.b0053	1168	112
15199407	511145.b0163	1157	41
15201836	511145.b2827	1151	68
15201651	511145.b2614	1150	42
15202074	511145.b3098	1148	23
15201577	511145.b2532	1142	69
15200818	511145.b1712	1141	25
15202921	511145.b4037	1141	47
15202449	511145.b3509	1139	46
15202554	511145.b3617	1136	116
15200745	511145.b1637	1124	113
15200384	511145.b1241	1120	263
15199281	511145.b0032	1117	106
15201106	511145.b2029	1077	156
15201236	511145.b2171	1075	35
15201085	511145.b2007	1075	26
15202870	511145.b3982	1074	46
15202740	511145.b3831	1072	48
15202830	511145.b3932	1068	30
15200821	511145.b1716	1056	13
15200655	511145.b1539	1056	44
15201215	511145.b2150	1039	133
15201711	511145.b2697	1034	292
15202539	511145.b3602	1034	27
15203254	511145.b4406	1026	27
15203076	511145.b4200	1020	36
15200964	511145.b1861	1009	21
15199398	511145.b0154	1007	103
15202497	511145.b3559	1006	206
15200287	511145.b1131	996	98
15199275	511145.b0026	995	249
15200826	511145.b1723	980	82
15202693	511145.b3774	976	108
15202044	511145.b3067	973	84
15199437	511145.b0194	967	181
15199895	511145.b0720	965	110
15200764	511145.b1656	964	61
15202146	511145.b3180	963	13
15201888	511145.b2891	963	63
15203225	511145.b4375	960	120
15201574	511145.b2529	957	30
15199341	511145.b0095	956	145
15201459	511145.b2414	952	91
15200369	511145.b1221	943	35
15202770	511145.b3870	933	132
15200820	511145.b1714	932	103
15203018	511145.b4139	927	105
15201368	511145.b2309	923	68
15200843	511145.b1740	919	75
15202008	511145.b3029	915	10
15201340	511145.b2281	911	20
15202139	511145.b3172	907	125
15202738	511145.b3829	906	151
15201559	511145.b2514	902	123
15202309	511145.b3357	893	63
15200323	511145.b1175	888	55
15200327	511145.b1179	888	19
15200967	511145.b1864	882	22
15201952	511145.b2960	881	50
15202233	511145.b3279	881	52
15202661	511145.b3732	876	145
15203326	511145.b4551	876	16
15200450	511145.b1308	869	20
15200712	511145.b1604	869	66
15202663	511145.b3734	869	134
15199914	511145.b0740	868	97
15201764	511145.b2750	868	44
15199297	511145.b0048	862	23
15199432	511145.b0189	862	18
15202665	511145.b3736	860	43
15201765	511145.b2751	859	96
15200683	511145.b1571	858	2
15199920	511145.b0753	847	8
15201449	511145.b2400	838	95
15202875	511145.b3987	834	292
15203114	511145.b4243	827	17
15199603	511145.b0393	827	37
15199833	511145.b0642	817	194
15202194	511145.b3229	816	59
15200037	511145.b0871	811	107
15200600	511145.b1480	810	5
15202584	511145.b3648	802	47
15201637	511145.b2597	800	26
15200418	511145.b1276	789	151
15200264	511145.b1108	785	49
15200770	511145.b1662	783	43
15202270	511145.b3318	782	17
15200508	511145.b1376	779	40
15201624	511145.b2579	774	36
15202759	511145.b3858	773	21
15202439	511145.b3498	772	136
15200130	511145.b0965	757	45
15199978	511145.b0811	751	69
15202664	511145.b3735	749	37
15200819	511145.b1713	748	163
15199277	511145.b0028	740	21
15201946	511145.b2954	739	17
15200512	511145.b1380	739	54
15201931	511145.b2938	736	103
15199405	511145.b0161	728	88
15200017	511145.b0851	728	54
15201993	511145.b3012	727	48
15201314	511145.b2255	724	113
15201713	511145.b2699	724	62
15200572	511145.b1446	719	6
15201298	511145.b2239	718	89
15200424	511145.b1282	716	13
15201343	511145.b2284	715	97
15200247	511145.b1091	713	69
15199728	511145.b0526	712	78
15201934	511145.b2942	712	75
15200154	511145.b0990	711	22
15200351	511145.b1203	710	81
15199899	511145.b0724	708	64
15202294	511145.b3342	703	12
15201566	511145.b2521	699	45
15199689	511145.b0481	697	36
15202436	511145.b3495	692	20
15200545	511145.b1415	692	132
15201540	511145.b2495	691	14
15200082	511145.b0917	688	16
15201168	511145.b2097	675	57
15201553	511145.b2508	670	74
15202856	511145.b3959	669	46
15202466	511145.b3526	669	39
15202937	511145.b4054	667	74
15202128	511145.b3160	666	36
15202840	511145.b3942	665	137
15200097	511145.b0932	665	161
15203100	511145.b4226	663	30
15199804	511145.b0611	656	42
15201707	511145.b2688	654	63
15202340	511145.b3390	653	49
15200386	511145.b1243	648	90
15202019	511145.b3041	647	37
15201777	511145.b2763	646	90
15201167	511145.b2096	646	39
15202936	511145.b4053	634	72
15201778	511145.b2764	633	77
15201294	511145.b2234	632	123
15199679	511145.b0471	631	28
15201627	511145.b2582	631	36
15200179	511145.b1018	627	73
15199819	511145.b0628	627	50
15203241	511145.b4391	621	125
15200409	511145.b1267	620	54
15201703	511145.b2684	617	24
15202894	511145.b4006	616	122
15200743	511145.b1635	613	40
15199851	511145.b0660	613	63
15199646	511145.b0437	610	19
15200782	511145.b1676	609	98
15200721	511145.b1613	607	76
15202114	511145.b3146	607	52
15199428	511145.b0185	606	53
15203094	511145.b4219	604	31
15201056	511145.b1967	600	43
15199389	511145.b0145	600	32
15201118	511145.b2042	596	58
15200783	511145.b1677	595	16
15199868	511145.b0688	594	95
15200166	511145.b1002	592	72
15199860	511145.b0680	590	85
15200553	511145.b1426	586	2
15200852	511145.b1749	583	45
15202457	511145.b3517	581	137
15203234	511145.b4384	580	57
15200613	511145.b1493	579	135
15200119	511145.b0954	577	31
15202537	511145.b3600	576	54
15200428	511145.b1286	575	89
15203127	511145.b4258	574	163
15200952	511145.b1849	572	61
15202672	511145.b3743	570	38
15201096	511145.b2019	570	43
15202689	511145.b3770	567	40
15199816	511145.b0623	566	20
15202216	511145.b3253	566	54
15201852	511145.b2843	566	47
15202765	511145.b3865	561	43
15200754	511145.b1646	559	33
15203104	511145.b4232	555	48
15200032	511145.b0866	554	5
15202311	511145.b3359	552	52
15201321	511145.b2262	551	40
15200131	511145.b0966	551	1
15199867	511145.b0687	551	32
15201609	511145.b2564	545	38
15201509	511145.b2464	538	82
15199857	511145.b0677	536	59
15202742	511145.b3833	530	32
15202203	511145.b3238	525	13
15200727	511145.b1619	523	38
15202372	511145.b3425	521	15
15200381	511145.b1236	520	43
15201560	511145.b2515	519	63
15202899	511145.b4015	519	61
15200867	511145.b1764	515	46
15201291	511145.b2231	515	104
15200029	511145.b0863	514	34
15200784	511145.b1678	513	34
15202940	511145.b4057	511	13
15203258	511145.b4411	509	6
15203082	511145.b4207	507	28
15202918	511145.b4034	506	81
15201602	511145.b2557	505	156
15203089	511145.b4214	498	40
15201954	511145.b2962	497	21
15199800	511145.b0606	495	74
15203124	511145.b4255	494	4
15202553	511145.b3616	492	39
15203056	511145.b4180	492	27
15202133	511145.b3165	491	6
15201570	511145.b2525	488	19
15200602	511145.b1482	487	15
15200067	511145.b0902	484	29
15201400	511145.b2343	483	13
15201682	511145.b2661	479	66
15202153	511145.b3187	475	35
15200324	511145.b1176	475	19
15200167	511145.b1003	474	13
15202821	511145.b3923	474	21
15203101	511145.b4227	470	35
15199579	511145.b0365	469	33
15199561	511145.b0345	469	32
15202545	511145.b3608	467	36
15203105	511145.b4233	458	41
15202353	511145.b3403	458	78
15202179	511145.b3213	456	73
15200799	511145.b1693	455	31
15201166	511145.b2095	454	54
15202364	511145.b3414	453	18
15202130	511145.b3162	453	91
15203107	511145.b4235	452	76
15200612	511145.b1492	451	25
15201939	511145.b2947	449	41
15202142	511145.b3176	447	69
15202355	511145.b3405	443	32
15199908	511145.b0734	443	7
15202357	511145.b3407	439	72
15201379	511145.b2320	438	55
15202366	511145.b3416	434	66
15200641	511145.b1525	434	62
15202666	511145.b3737	433	3
15202413	511145.b3470	432	12
15202391	511145.b3448	431	17
15202909	511145.b4025	431	77
15200816	511145.b1710	428	28
15201900	511145.b2903	428	108
15201700	511145.b2679	428	31
15201068	511145.b1983	428	18
15201378	511145.b2319	427	36
15201683	511145.b2662	426	74
15199968	511145.b0801	424	38
15200758	511145.b1650	423	36
15199842	511145.b0651	423	33
15203245	511145.b4395	422	22
15201017	511145.b1920	419	50
15200056	511145.b0891	415	32
15200268	511145.b1112	415	7
15202735	511145.b3826	414	28
15202045	511145.b3068	414	12
15200955	511145.b1852	414	73
15200232	511145.b1076	414	23
15199583	511145.b0369	413	35
15202893	511145.b4005	411	48
15202491	511145.b3553	411	26
15202402	511145.b3459	410	20
15202451	511145.b3511	410	7
15203232	511145.b4382	408	58
15201373	511145.b2314	407	14
15201510	511145.b2465	406	72
15200248	511145.b1092	406	18
15201569	511145.b2524	405	10
15203026	511145.b4147	404	15
15199885	511145.b0710	400	30
15202690	511145.b3771	399	50
15201612	511145.b2567	397	19
15203068	511145.b4192	397	29
15203106	511145.b4234	396	12
15203040	511145.b4161	395	37
15202298	511145.b3346	394	19
15201352	511145.b2293	393	24
15202727	511145.b3818	391	1
15199693	511145.b0485	390	13
15202952	511145.b4069	389	69
15203244	511145.b4394	387	15
15200599	511145.b1479	386	54
15201776	511145.b2762	381	26
15201271	511145.b2209	380	23
15202166	511145.b3200	380	9
15202817	511145.b3919	377	24
15202158	511145.b3192	377	18
15200720	511145.b1612	376	100
15202549	511145.b3612	375	52
15200446	511145.b1304	373	20
15202155	511145.b3189	372	47
15200686	511145.b1575	371	1
15201005	511145.b1905	371	12
15201649	511145.b2610	371	40
15202859	511145.b3962	371	59
15199633	511145.b0424	370	16
15200220	511145.b1064	369	30
15200235	511145.b1079	368	20
15201389	511145.b2330	368	15
15199595	511145.b0384	367	10
15200259	511145.b1103	367	15
15199255	511145.b0004	366	47
15201297	511145.b2237	363	12
15202379	511145.b3433	361	25
15202144	511145.b3178	361	62
15199328	511145.b0082	358	37
15201353	511145.b2294	358	22
15199647	511145.b0438	357	55
15202764	511145.b3863	357	75
15199344	511145.b0098	356	91
15201508	511145.b2463	355	95
15202132	511145.b3164	355	71
15201647	511145.b2608	350	25
15202822	511145.b3924	350	20
15201248	511145.b2183	347	17
15201984	511145.b3001	346	49
15201561	511145.b2516	344	21
15199650	511145.b0441	341	46
15200190	511145.b1033	340	33
15201545	511145.b2500	339	28
15199828	511145.b0637	337	10
15202141	511145.b3175	337	6
15201476	511145.b2431	336	28
15202820	511145.b3922	335	9
15199731	511145.b0529	335	22
15201974	511145.b2989	335	25
15201693	511145.b2672	334	6
15199864	511145.b0684	333	15
15200256	511145.b1100	333	31
15201292	511145.b2232	330	24
15201397	511145.b2340	329	5
15201905	511145.b2908	324	40
15200251	511145.b1095	320	24
15200719	511145.b1611	319	33
15201342	511145.b2283	318	67
15199370	511145.b0126	318	18
15201616	511145.b2571	317	28
15202415	511145.b3472	316	19
15199592	511145.b0381	314	28
15200705	511145.b1597	314	1
15201963	511145.b2976	314	70
15199368	511145.b0124	314	58
15199622	511145.b0413	313	10
15200263	511145.b1107	312	29
15202145	511145.b3179	312	14
15201973	511145.b2988	311	63
15200633	511145.b1517	310	26
15201359	511145.b2300	310	10
15200920	511145.b1817	310	28
15200400	511145.b1257	309	19
15200851	511145.b1748	307	39
15201986	511145.b3003	307	27
15199858	511145.b0678	305	24
15200240	511145.b1084	304	77
15203050	511145.b4174	302	33
15201568	511145.b2523	301	44
15201907	511145.b2910	301	10
15201544	511145.b2499	301	21
15199710	511145.b0506	298	18
15200416	511145.b1274	298	76
15199855	511145.b0675	297	20
15200652	511145.b1536	297	13
15201933	511145.b2940	296	5
15201471	511145.b2426	296	25
15201299	511145.b2240	293	33
15202673	511145.b3744	292	28
15202032	511145.b3055	292	15
15201238	511145.b2173	290	25
15200881	511145.b1778	289	10
15202178	511145.b3212	288	93
15203247	511145.b4397	288	7
15201300	511145.b2241	287	50
15200781	511145.b1675	287	3
15203048	511145.b4172	286	10
15201556	511145.b2511	286	35
15199625	511145.b0416	284	9
15202544	511145.b3607	283	20
15200048	511145.b0882	282	54
15199457	511145.b0222	279	17
15199455	511145.b0220	278	15
15199832	511145.b0641	278	9
15199854	511145.b0674	278	42
15200773	511145.b1667	277	14
15201567	511145.b2522	277	8
15200935	511145.b1832	276	7
15200413	511145.b1271	276	23
15199677	511145.b0469	274	18
15199986	511145.b0820	273	36
15202580	511145.b3644	272	19
15202211	511145.b3248	272	14
15202029	511145.b3052	271	42
15201185	511145.b2114	270	64
15201512	511145.b2467	270	12
15202467	511145.b3527	270	37
15202156	511145.b3190	269	3
15199300	511145.b0051	268	13
15202971	511145.b4088	268	27
15199993	511145.b0827	267	25
15202628	511145.b3699	265	51
15199949	511145.b0782	265	18
15202199	511145.b3234	264	25
15199602	511145.b0391	263	3
15200072	511145.b0907	263	34
15200286	511145.b1130	262	24
15201807	511145.b2795	261	39
15200347	511145.b1199	261	14
15201571	511145.b2526	261	40
15200951	511145.b1848	258	3
15203014	511145.b4135	256	17
15201949	511145.b2957	256	29
15201756	511145.b2742	256	16
15202031	511145.b3054	256	27
15202808	511145.b3908	256	16
15199964	511145.b0797	255	33
15202198	511145.b3233	255	11
15199630	511145.b0421	253	11
15202351	511145.b3401	252	23
15202761	511145.b3860	252	16
15202041	511145.b3064	251	23
15201611	511145.b2566	250	16
15199377	511145.b0133	250	27
15200749	511145.b1641	249	8
15199725	511145.b0523	249	6
15202753	511145.b3847	248	36
15201115	511145.b2039	248	24
15201518	511145.b2473	248	10
15202381	511145.b3437	247	12
15201117	511145.b2041	247	25
15200917	511145.b1814	246	20
15203044	511145.b4168	246	13
15201547	511145.b2502	246	43
15199260	511145.b0009	245	12
15199473	511145.b0243	245	41
15203138	511145.b4269	245	22
15199570	511145.b0354	244	7
15201345	511145.b2286	244	56
15202908	511145.b4024	243	29
15199403	511145.b0159	242	24
15200883	511145.b1780	242	22
15200217	511145.b1061	242	8
15199568	511145.b0352	241	15
15199597	511145.b0386	238	14
15201251	511145.b2186	237	35
15200590	511145.b1467	237	38
15201757	511145.b2743	236	9
15199644	511145.b0435	235	9
15200846	511145.b1743	235	9
15199600	511145.b0389	235	4
15200062	511145.b0897	235	19
15199751	511145.b0554	235	3
15200969	511145.b1866	234	54
15200208	511145.b1051	234	7
15200030	511145.b0864	233	12
15200746	511145.b1638	233	16
15199834	511145.b0643	232	15
15203023	511145.b4144	232	4
15201374	511145.b2315	231	27
15202396	511145.b3453	231	35
15200930	511145.b1827	231	21
15199472	511145.b0242	231	19
15202300	511145.b3348	231	6
15199934	511145.b0767	231	19
15202441	511145.b3500	230	25
15202347	511145.b3397	230	18
15202858	511145.b3961	229	20
15201938	511145.b2946	229	20
15200322	511145.b1174	229	11
15202898	511145.b4014	229	42
15200903	511145.b1800	229	29
15202169	511145.b3203	229	5
15202662	511145.b3733	228	21
15199945	511145.b0778	228	4
15199916	511145.b0742	227	12
15200164	511145.b1000	227	15
15202504	511145.b3566	226	26
15202548	511145.b3611	226	10
15200939	511145.b1836	225	4
15202941	511145.b4058	225	67
15202934	511145.b4051	223	22
15199631	511145.b0422	223	7
15200808	511145.b1702	223	36
15200913	511145.b1810	221	7
15199979	511145.b0812	221	15
15201232	511145.b2167	220	18
15201621	511145.b2576	219	31
15201099	511145.b2022	219	21
15200827	511145.b1724	216	6
15199517	511145.b0295	215	8
15202587	511145.b3651	215	15
15200283	511145.b1127	215	25
15202857	511145.b3960	214	23
15203049	511145.b4173	214	25
15201094	511145.b2016	214	21
15202903	511145.b4019	212	70
15202750	511145.b3844	211	24
15200426	511145.b1284	211	19
15201951	511145.b2959	211	9
15202791	511145.b3891	210	24
15203032	511145.b4153	210	13
15199616	511145.b0407	210	6
15199969	511145.b0802	210	4
15201295	511145.b2235	209	28
15201657	511145.b2620	209	6
15202697	511145.b3780	209	25
15201598	511145.b2553	208	9
15202751	511145.b3845	208	21
15202209	511145.b3244	208	24
15202926	511145.b4043	207	12
15199338	511145.b0092	207	22
15199907	511145.b0733	207	21
15200326	511145.b1178	207	6
15199253	511145.b0002	207	55
15202810	511145.b3910	206	12
15201805	511145.b2793	206	8
15201578	511145.b2533	205	15
15203231	511145.b4381	204	21
15200544	511145.b1414	202	14
15201941	511145.b2949	201	8
15201759	511145.b2745	201	25
15201234	511145.b2169	201	18
15202383	511145.b3439	201	14
15199572	511145.b0356	201	16
15202444	511145.b3503	200	9
15202526	511145.b3588	200	29
15199508	511145.b0286	199	8
15202407	511145.b3464	198	23
15199823	511145.b0632	198	24
15202766	511145.b3866	197	8
15202080	511145.b3104	196	1
15200359	511145.b1211	195	16
15202814	511145.b3916	194	19
15200205	511145.b1048	193	32
15201301	511145.b2242	193	22
15201347	511145.b2288	192	6
15202078	511145.b3102	191	25
15202703	511145.b3787	191	20
15200088	511145.b0923	190	12
15200294	511145.b1138	189	4
15199898	511145.b0723	189	46
15202240	511145.b3288	189	15
15202630	511145.b3701	188	15
15199865	511145.b0685	187	4
15202143	511145.b3177	187	17
15201105	511145.b2028	186	22
15200004	511145.b0838	186	13
15202681	511145.b3752	185	12
15201369	511145.b2310	185	21
15200830	511145.b1727	185	12
15202221	511145.b3259	184	10
15200850	511145.b1747	184	14
15203163	511145.b4304	183	7
15199671	511145.b0463	182	14
15202336	511145.b3386	182	9
15200760	511145.b1652	182	12
15199946	511145.b0779	181	33
15201470	511145.b2425	180	17
15201457	511145.b2412	179	6
15200680	511145.b1566	179	7
15200338	511145.b1190	179	24
15199648	511145.b0439	178	45
15202671	511145.b3742	178	4
15202373	511145.b3426	178	36
15202745	511145.b3836	176	4
15200731	511145.b1623	176	11
15200750	511145.b1642	175	6
15200575	511145.b1449	174	16
15201573	511145.b2528	173	4
15203246	511145.b4396	172	10
15199470	511145.b0239	172	33
15199265	511145.b0015	172	15
15200377	511145.b1232	172	11
15200970	511145.b1867	171	10
15199326	511145.b0080	171	14
15200978	511145.b1875	170	11
15202483	511145.b3544	169	30
15200510	511145.b1378	166	45
15202787	511145.b3887	166	3
15201312	511145.b2253	166	16
15199685	511145.b0477	166	21
15201371	511145.b2312	166	30
15201064	511145.b1976	165	6
15202827	511145.b3929	164	8
15202579	511145.b3642	163	10
15200107	511145.b0942	163	1
15202138	511145.b3170	163	7
15201198	511145.b2131	163	18
15200289	511145.b1133	162	11
15203180	511145.b4322	162	24
15199414	511145.b0171	161	12
15202725	511145.b3816	161	17
15199378	511145.b0134	160	9
15201635	511145.b2594	160	11
15199257	511145.b0006	160	11
15202498	511145.b3560	159	16
15201638	511145.b2599	159	11
15199703	511145.b0495	159	9
15201362	511145.b2303	158	10
15201100	511145.b2023	158	15
15200192	511145.b1035	157	8
15199967	511145.b0800	157	19
15200605	511145.b1485	157	4
15201686	511145.b2665	157	8
15200403	511145.b1260	154	13
15201006	511145.b1906	154	3
15202839	511145.b3941	153	15
15201929	511145.b2936	152	12
15200367	511145.b1219	152	6
15199886	511145.b0711	151	5
15201349	511145.b2290	151	17
15200755	511145.b1647	151	13
15200270	511145.b1114	151	50
15199573	511145.b0357	150	4
15201524	511145.b2479	150	9
15199756	511145.b0559	150	5
15200864	511145.b1761	150	18
15202993	511145.b4113	150	9
15201388	511145.b2329	149	13
15201940	511145.b2948	148	10
15200402	511145.b1259	148	1
15201546	511145.b2501	147	37
15200910	511145.b1807	147	7
15199692	511145.b0484	147	20
15200979	511145.b1876	146	30
15202217	511145.b3255	145	6
15202852	511145.b3955	144	20
15200244	511145.b1088	144	8
15201890	511145.b2893	144	8
15200118	511145.b0953	143	1
15200261	511145.b1105	143	8
15202635	511145.b3706	140	20
15199444	511145.b0207	140	10
15200348	511145.b1200	140	16
15203140	511145.b4273	140	55
15199576	511145.b0361	140	55
15201077	511145.b1996	140	55
15201862	511145.b2860	140	55
15200533	511145.b1402	140	55
15202023	511145.b3045	140	55
15203002	511145.b4122	140	48
15200657	511145.b1541	140	5
15201808	511145.b2796	139	6
15199897	511145.b0722	138	2
15202864	511145.b3967	138	13
15200191	511145.b1034	137	10
15202832	511145.b3934	136	8
15201184	511145.b2113	135	8
15203202	511145.b4349	134	25
15202304	511145.b3352	133	24
15201252	511145.b2187	132	3
15201978	511145.b2993	132	5
15202122	511145.b3154	131	2
15199660	511145.b0451	131	3
15201406	511145.b2350	131	3
15202897	511145.b4013	131	14
15200769	511145.b1661	131	18
15201377	511145.b2318	130	11
15199653	511145.b0444	129	9
15201843	511145.b2834	129	11
15200036	511145.b0870	129	11
15203125	511145.b4256	129	5
15200870	511145.b1767	129	10
15202252	511145.b3300	129	10
15201112	511145.b2036	129	18
15202752	511145.b3846	129	29
15202720	511145.b3809	128	5
15199940	511145.b0773	128	4
15200672	511145.b1558	127	2
15202865	511145.b3972	127	12
15200112	511145.b0947	127	15
15200015	511145.b0849	126	1
15199724	511145.b0522	125	9
15201992	511145.b3011	125	10
15201067	511145.b1982	125	14
15202095	511145.b3125	125	13
15200089	511145.b0924	125	53
15201995	511145.b3014	124	2
15203041	511145.b4162	124	6
15200290	511145.b1134	123	7
15199446	511145.b0209	123	8
15200871	511145.b1768	123	5
15202124	511145.b3156	123	4
15200140	511145.b0976	123	6
15202788	511145.b3888	122	10
15199422	511145.b0179	122	6
15201072	511145.b1990	122	17
15200685	511145.b1573	122	4
15199364	511145.b0120	121	8
15203121	511145.b4252	121	8
15200135	511145.b0970	121	1
15201551	511145.b2506	120	4
15199641	511145.b0432	120	10
15203115	511145.b4244	120	6
15199615	511145.b0406	120	12
15201911	511145.b2916	119	7
15202339	511145.b3389	119	13
15200474	511145.b1333	119	10
15199827	511145.b0636	118	7
15199461	511145.b0226	118	3
15202997	511145.b4117	118	21
15201344	511145.b2285	118	5
15199849	511145.b0658	118	12
15200670	511145.b1556	117	2
15201614	511145.b2569	116	21
15200824	511145.b1719	116	23
15200069	511145.b0904	115	2
15200954	511145.b1851	115	12
15202653	511145.b3724	115	8
15202838	511145.b3940	115	25
15201182	511145.b2111	114	4
15199846	511145.b0655	114	10
15201165	511145.b2094	114	8
15203091	511145.b4216	114	6
15202335	511145.b3385	113	5
15201384	511145.b2325	112	1
15202134	511145.b3166	112	6
15203019	511145.b4140	112	2
15199516	511145.b0294	111	5
15200859	511145.b1756	111	5
15201813	511145.b2801	111	3
15200257	511145.b1101	111	8
15201130	511145.b2054	111	6
15199656	511145.b0447	110	2
15200223	511145.b1067	110	9
15202678	511145.b3749	110	20
15200073	511145.b0908	110	13
15199661	511145.b0452	109	8
15201642	511145.b2603	108	4
15200999	511145.b1896	108	13
15203331	511145.b4558	108	2
15202176	511145.b3210	108	23
15200404	511145.b1261	108	8
15201979	511145.b2994	108	17
15201414	511145.b2362	107	2
15201516	511145.b2471	107	4
15199988	511145.b0822	107	10
15199617	511145.b0408	107	18
15199675	511145.b0467	107	4
15200215	511145.b1059	107	13
15201758	511145.b2744	106	8
15200656	511145.b1540	106	6
15199623	511145.b0414	106	13
15202972	511145.b4089	105	9
15199953	511145.b0786	105	3
15202596	511145.b3661	105	9
15200932	511145.b1829	105	6
15200477	511145.b1336	105	8
15201522	511145.b2477	105	9
15201513	511145.b2468	104	25
15202634	511145.b3705	103	10
15199746	511145.b0548	103	1
15201318	511145.b2259	103	3
15202935	511145.b4052	102	14
15201047	511145.b1955	101	10
15203092	511145.b4217	100	1
15202605	511145.b3670	100	6
15200886	511145.b1783	99.7	21
15202767	511145.b3867	99.5	15
15199353	511145.b0109	99.5	9
15199643	511145.b0434	99.4	6
15199801	511145.b0607	99.3	6
15199420	511145.b0177	99.1	21
15201896	511145.b2899	98.9	4
15199469	511145.b0238	98.3	3
15203034	511145.b4155	98.0	11
15200026	511145.b0860	97.8	8
15202883	511145.b3995	97.6	3
15203132	511145.b4263	97.1	17
15202011	511145.b3032	96.9	8
15201410	511145.b2357	96.9	4
15200722	511145.b1614	96.8	22
15201413	511145.b2361	96.7	3
15202534	511145.b3597	96.6	7
15200198	511145.b1041	96.5	2
15200023	511145.b0857	96.0	3
15200075	511145.b0910	95.5	6
15202566	511145.b3629	94.5	11
15200710	511145.b1602	94.3	7
15202490	511145.b3552	94.3	4
15202581	511145.b3645	93.9	10
15200001	511145.b0835	93.2	12
15201308	511145.b2249	91.8	8
15199280	511145.b0031	91.8	9
15199381	511145.b0137	91.5	2
15200337	511145.b1189	91.5	14
15202244	511145.b3292	91.3	2
15200111	511145.b0946	91.3	4
15199992	511145.b0826	91.1	6
15200299	511145.b1144	90.7	3
15203043	511145.b4167	90.6	14
15199923	511145.b0756	90.3	10
15200739	511145.b1631	89.9	7
15200212	511145.b1056	89.5	7
15201116	511145.b2040	89.4	9
15199629	511145.b0420	89.4	16
15201983	511145.b2998	89.3	2
15201279	511145.b2217	89.2	6
15199387	511145.b0143	88.7	13
15201346	511145.b2287	88.6	7
15203028	511145.b4149	88.4	5
15202188	511145.b3223	88.0	7
15201608	511145.b2563	88.0	4
15203083	511145.b4208	87.9	6
15199856	511145.b0676	87.4	12
15202772	511145.b3872	87.1	6
15203055	511145.b4179	86.7	24
15199331	511145.b0085	86.6	9
15203224	511145.b4374	86.1	5
15201552	511145.b2507	86.1	14
15202510	511145.b3572	85.9	9
15200642	511145.b1526	85.9	8
15200960	511145.b1857	85.7	6
15199822	511145.b0631	85.7	2
15200265	511145.b1109	85.1	9
15202035	511145.b3058	85.1	3
15199707	511145.b0503	85.1	10
15202241	511145.b3289	84.9	12
15199598	511145.b0387	84.8	4
15199913	511145.b0739	84.3	7
15200411	511145.b1269	84.3	7
15199258	511145.b0007	84.2	2
15201163	511145.b2091	83.6	5
15200907	511145.b1804	83.6	11
15199752	511145.b0555	82.9	4
15200113	511145.b0948	82.8	17
15203184	511145.b4326	82.7	2
15202171	511145.b3205	82.5	5
15200677	511145.b1563	82.2	1
15199337	511145.b0091	81.5	8
15202994	511145.b4114	81.3	9
15202915	511145.b4031	81.2	4
15201035	511145.b1942	81.0	4
15200580	511145.b1454	80.9	1
15202659	511145.b3730	80.6	9
15203039	511145.b4160	80.2	7
15201175	511145.b2104	80.1	3
15200635	511145.b1519	79.9	5
15201558	511145.b2513	79.9	4
15200668	511145.b1554	79.9	4
15199301	511145.b0052	79.9	9
15200083	511145.b0918	78.9	6
15202885	511145.b3997	78.9	7
15203249	511145.b4399	78.7	11
15199700	511145.b0492	78.5	7
15200620	511145.b1500	78.3	1
15203297	511145.b4509	78.1	1
15199587	511145.b0376	77.4	5
15199371	511145.b0127	76.6	7
15201906	511145.b2909	76.1	1
15201950	511145.b2958	76.1	3
15200983	511145.b1880	75.9	5
15199434	511145.b0191	75.9	3
15200800	511145.b1694	75.4	9
15200352	511145.b1204	75.3	6
15200183	511145.b1022	75.2	10
15200928	511145.b1825	74.9	1
15202243	511145.b3291	74.8	3
15202717	511145.b3805	74.8	8
15202157	511145.b3191	74.4	2
15200908	511145.b1805	74.1	10
15202969	511145.b4086	74.0	2
15200566	511145.b1440	73.9	12
15201440	511145.b2388	73.7	6
15201272	511145.b2210	73.6	11
15199417	511145.b0174	73.3	3
15201350	511145.b2291	73.2	4
15201630	511145.b2585	73.1	13
15202103	511145.b3133	72.9	3
15200654	511145.b1538	72.9	18
15203063	511145.b4187	72.8	12
15202711	511145.b3795	72.8	5
15200855	511145.b1752	72.5	4
15200092	511145.b0927	72.2	5
15203206	511145.b4353	71.6	1
15200202	511145.b1045	71.5	3
15202236	511145.b3282	71.3	6
15203097	511145.b4222	70.9	2
15202102	511145.b3132	70.8	21
15202670	511145.b3741	70.4	8
15201644	511145.b2605	70.3	3
15201208	511145.b2143	70.3	6
15202412	511145.b3469	70.2	10
15202367	511145.b3417	70.1	18
15200040	511145.b0874	70.1	2
15199618	511145.b0409	69.8	5
15203112	511145.b4241	69.7	6
15202163	511145.b3197	69.6	8
15202973	511145.b4090	69.6	4
15200834	511145.b1731	69.4	2
15201958	511145.b2966	69.2	1
15202376	511145.b3430	69.0	9
15200479	511145.b1338	68.9	9
15202527	511145.b3589	68.9	5
15202009	511145.b3030	68.5	11
15201804	511145.b2792	68.4	1
15202641	511145.b3712	68.2	4
15202905	511145.b4021	68.1	6
15202987	511145.b4107	68.0	3
15202557	511145.b3620	67.7	11
15199431	511145.b0188	67.4	3
15201662	511145.b2626	67.3	4
15200551	511145.b1423	67.2	8
15202724	511145.b3813	67.2	12
15200417	511145.b1275	67.0	5
15200101	511145.b0936	66.9	7
15201285	511145.b2223	66.9	1
15202375	511145.b3429	66.8	11
15200456	511145.b1314	66.5	5
15199346	511145.b0101	65.9	2
15200532	511145.b1400	65.8	3
15201811	511145.b2799	65.7	8
15200790	511145.b1684	65.7	4
15201664	511145.b2628	65.4	11
15201538	511145.b2493	65.0	2
15200284	511145.b1128	64.8	5
15202118	511145.b3150	64.8	4
15201998	511145.b3019	64.7	14
15200236	511145.b1080	64.7	5
15200134	511145.b0969	64.6	1
15201646	511145.b2607	64.5	4
15201892	511145.b2895	64.3	2
15201477	511145.b2432	64.2	3
15199743	511145.b0545	63.9	2
15202954	511145.b4071	63.9	3
15203236	511145.b4386	63.9	5
15200684	511145.b1572	63.5	1
15200177	511145.b1014	63.3	25
15200497	511145.b1357	63.2	1
15201008	511145.b1908	62.4	5
15200057	511145.b0892	62.3	10
15201523	511145.b2478	62.3	6
15201142	511145.b2066	62.1	4
15201204	511145.b2137	61.9	3
15201755	511145.b2741	61.8	8
15200346	511145.b1198	60.9	9
15200902	511145.b1799	60.7	8
15202576	511145.b3639	60.6	7
15202356	511145.b3406	60.6	3
15201520	511145.b2475	60.4	4
15201421	511145.b2369	60.3	5
15200691	511145.b1583	59.9	2
15200144	511145.b0980	59.7	9
15201697	511145.b2676	59.7	4
15202191	511145.b3226	59.7	5
15199926	511145.b0759	59.4	9
15199458	511145.b0223	59.4	4
15200470	511145.b1329	59.2	10
15201572	511145.b2527	59.0	3
15199539	511145.b0321	59.0	8
15200234	511145.b1078	58.9	3
15203235	511145.b4385	58.6	6
15202314	511145.b3362	58.5	1
15199678	511145.b0470	58.4	10
15203033	511145.b4154	58.4	11
15200442	511145.b1300	58.3	7
15200945	511145.b1842	58.1	2
15202930	511145.b4047	58.1	1
15201519	511145.b2474	58.0	12
15202867	511145.b3974	57.9	6
15200725	511145.b1617	57.9	7
15202749	511145.b3843	57.6	9
15201337	511145.b2278	57.6	4
15200665	511145.b1551	57.6	2
15200262	511145.b1106	57.5	4
15200950	511145.b1847	57.4	2
15201918	511145.b2923	57.2	3
15202748	511145.b3842	57.0	2
15200598	511145.b1478	57.0	6
15202307	511145.b3355	56.9	4
15202643	511145.b3714	56.6	2
15200070	511145.b0905	56.4	6
15200788	511145.b1682	56.4	5
15200792	511145.b1686	56.3	2
15203181	511145.b4323	56.2	9
15199640	511145.b0431	56.1	6
15202015	511145.b3037	55.7	2
15199691	511145.b0483	55.6	2
15199347	511145.b0102	55.5	4
15201194	511145.b2127	55.4	4
15200239	511145.b1083	54.9	4
15200618	511145.b1498	54.9	9
15200661	511145.b1546	54.8	2
15200505	511145.b1373	54.8	2
15200160	511145.b0996	54.8	5
15199463	511145.b0228	54.5	2
15202528	511145.b3590	54.4	13
15201495	511145.b2450	54.4	3
15202726	511145.b3817	54.4	1
15199348	511145.b0103	54.3	3
15202308	511145.b3356	54.3	2
15199453	511145.b0217	54.2	4
15201919	511145.b2924	54.1	5
15201101	511145.b2024	54.0	4
15200252	511145.b1096	53.8	5
15202933	511145.b4050	53.8	1
15202860	511145.b3963	53.5	3
15202057	511145.b3081	53.5	9
15201201	511145.b2134	53.4	5
15201893	511145.b2896	53.3	1
15202329	511145.b3379	53.3	8
15201199	511145.b2132	53.2	13
15199254	511145.b0003	52.8	2
15202161	511145.b3195	52.7	5
15202999	511145.b4119	52.4	7
15202175	511145.b3209	52.3	4
15201216	511145.b2151	52.2	5
15199835	511145.b0644	52.2	9
15199340	511145.b0094	52.0	6
15202401	511145.b3458	51.9	4
15201766	511145.b2752	51.9	3
15202922	511145.b4039	51.7	3
15200981	511145.b1878	51.7	2
15201176	511145.b2105	51.6	2
15202938	511145.b4055	51.3	5
15200916	511145.b1813	51.2	2
15202063	511145.b3087	51.1	3
15199582	511145.b0368	51.1	3
15200678	511145.b1564	51.1	2
15203197	511145.b4341	51.0	1
15199334	511145.b0088	50.8	5
15202068	511145.b3092	50.8	9
15200423	511145.b1281	50.8	4
15200936	511145.b1833	50.6	5
15199701	511145.b0493	50.5	3
15200973	511145.b1870	50.5	5
15203017	511145.b4138	50.4	3
15202360	511145.b3410	50.3	1
15203087	511145.b4212	50.2	3
15202242	511145.b3290	49.9	4
15201704	511145.b2685	49.9	6
15199565	511145.b0349	49.6	6
15203051	511145.b4175	49.5	5
15199336	511145.b0090	49.4	5
15200180	511145.b1019	49.4	4
15199668	511145.b0460	49.2	1
15200281	511145.b1125	49.0	3
15200759	511145.b1651	48.9	1
15199866	511145.b0686	48.9	4
15200640	511145.b1524	48.6	4
15202414	511145.b3471	48.6	2
15201141	511145.b2065	48.5	3
15202631	511145.b3702	48.5	7
15201012	511145.b1915	48.5	1
15201897	511145.b2900	48.4	2
15200433	511145.b1291	47.9	5
15202181	511145.b3215	47.7	3
15201898	511145.b2901	47.7	7
15202464	511145.b3524	47.6	8
15202904	511145.b4020	47.3	4
15201903	511145.b2906	47.2	4
15199628	511145.b0419	47.0	7
15201097	511145.b2020	46.8	3
15201213	511145.b2148	46.7	2
15201002	511145.b1901	46.7	6
15201806	511145.b2794	46.5	4
15199753	511145.b0556	46.4	3
15199924	511145.b0757	46.4	3
15199492	511145.b0268	46.2	3
15200039	511145.b0873	46.1	10
15202452	511145.b3512	46.0	5
15202193	511145.b3228	45.9	2
15201996	511145.b3017	45.8	8
15202567	511145.b3630	45.8	3
15202305	511145.b3353	45.7	5
15200466	511145.b1325	45.7	5
15200753	511145.b1645	45.4	6
15202916	511145.b4032	45.4	4
15200958	511145.b1855	45.3	4
15201441	511145.b2389	45.1	2
15201770	511145.b2756	44.8	3
15199525	511145.b0306	44.8	5
15200218	511145.b1062	44.7	4
15200966	511145.b1863	44.4	2
15201022	511145.b1925	44.4	2
15200395	511145.b1252	44.4	2
15201557	511145.b2512	44.3	4
15202682	511145.b3753	44.3	4
15200282	511145.b1126	44.2	7
15199917	511145.b0750	44.1	5
15203025	511145.b4146	44.1	4
15200401	511145.b1258	44.0	3
15200567	511145.b1441	44.0	4
15201814	511145.b2802	44.0	6
15201961	511145.b2972	44.0	1
15202005	511145.b3026	43.9	7
15201233	511145.b2168	43.8	3
15200194	511145.b1037	43.8	3
15202970	511145.b4087	43.6	9
15201020	511145.b1923	43.6	6
15199383	511145.b0139	43.6	9
15200098	511145.b0933	43.5	3
15201936	511145.b2944	43.3	2
15202370	511145.b3422	43.1	8
15200763	511145.b1655	43.1	3
15201030	511145.b1937	42.9	2
15200766	511145.b1658	42.8	4
15200046	511145.b0880	42.8	1
15203129	511145.b4260	42.4	7
15202850	511145.b3953	42.4	1
15201224	511145.b2159	42.4	3
15199556	511145.b0340	42.3	2
15200624	511145.b1504	41.9	3
15199343	511145.b0097	41.9	3
15200345	511145.b1197	41.8	6
15201095	511145.b2017	41.8	1
15199307	511145.b0060	41.7	11
15202237	511145.b3283	41.6	2
15199354	511145.b0110	41.6	2
15201785	511145.b2771	41.6	2
15201473	511145.b2428	41.6	4
15199698	511145.b0490	41.5	4
15200546	511145.b1418	41.5	2
15202869	511145.b3981	41.5	1
15202420	511145.b3477	41.4	2
15201917	511145.b2922	41.4	1
15202168	511145.b3202	41.2	5
15203084	511145.b4209	41.2	3
15202789	511145.b3889	41.2	1
15201823	511145.b2811	41.1	2
15202621	511145.b3689	41.1	7
15202302	511145.b3350	40.9	7
15202030	511145.b3053	40.8	10
15202210	511145.b3247	40.7	8
15203299	511145.b4511	40.7	1
15201626	511145.b2581	40.4	2
15200537	511145.b1407	40.4	8
15202374	511145.b3428	40.4	10
15200496	511145.b1356	40.3	1
15202320	511145.b3368	40.2	6
15200055	511145.b0890	40.1	12
15200793	511145.b1687	40.1	10
15201593	511145.b2548	40.1	5
15203273	511145.b4467	40.1	2
15201922	511145.b2927	39.9	4
15199773	511145.b0579	39.7	2
15200844	511145.b1741	39.7	3
15199930	511145.b0763	39.7	4
15203088	511145.b4213	39.6	7
15200491	511145.b1350	39.5	8
15199963	511145.b0796	39.5	3
15202332	511145.b3382	39.4	1
15201409	511145.b2354	39.4	1
15200105	511145.b0940	39.4	8
15202892	511145.b4004	39.3	5
15199462	511145.b0227	39.2	3
15201326	511145.b2267	39.2	1
15201013	511145.b1916	39.1	2
15202110	511145.b3142	38.9	1
15200933	511145.b1830	38.9	9
15202795	511145.b3895	38.8	3
15201387	511145.b2328	38.7	1
15199821	511145.b0630	38.7	3
15202131	511145.b3163	38.7	3
15201659	511145.b2623	38.6	4
15199991	511145.b0825	38.5	2
15201783	511145.b2769	38.4	4
15200659	511145.b1544	38.4	2
15201488	511145.b2443	38.4	3
15200087	511145.b0922	38.4	9
15200848	511145.b1745	38.3	5
15203243	511145.b4393	38.2	1
15202484	511145.b3546	38.2	5
15201181	511145.b2110	38.2	3
15199688	511145.b0480	38.2	8
15201620	511145.b2575	38.1	2
15201883	511145.b2886	38.0	1
15202675	511145.b3746	38.0	6
15201417	511145.b2365	37.8	2
15200703	511145.b1595	37.8	6
15200507	511145.b1375	37.8	2
15201839	511145.b2830	37.6	1
15201991	511145.b3010	37.6	3
15199552	511145.b0336	37.5	1
15203194	511145.b4336	37.4	4
15200011	511145.b0845	37.3	2
15200873	511145.b1770	37.3	5
15201148	511145.b2072	37.3	1
15201192	511145.b2125	37.2	6
15199942	511145.b0775	37.1	5
15201747	511145.b2733	37.1	8
15199578	511145.b0364	37.0	2
15199797	511145.b0603	37.0	7
15201474	511145.b2429	37.0	2
15203242	511145.b4392	36.8	12
15202454	511145.b3514	36.8	9
15199393	511145.b0149	36.8	10
15200909	511145.b1806	36.8	3
15201830	511145.b2821	36.7	9
15202040	511145.b3063	36.7	1
15201676	511145.b2644	36.6	1
15200893	511145.b1790	36.6	3
15202758	511145.b3857	36.5	2
15200241	511145.b1085	36.5	1
15203067	511145.b4191	36.4	2
15202016	511145.b3038	36.4	4
15200174	511145.b1011	36.4	3
15199330	511145.b0084	36.4	9
15202384	511145.b3440	36.4	5
15201724	511145.b2710	36.2	5
15201395	511145.b2336	36.1	3
15202505	511145.b3567	36.1	4
15199915	511145.b0741	36.1	2
15199818	511145.b0627	36.1	1
15201278	511145.b2216	36.0	10
15199465	511145.b0232	36.0	1
15200931	511145.b1828	35.9	1
15202831	511145.b3933	35.9	2
15200802	511145.b1696	35.9	4
15201762	511145.b2748	35.8	1
15202615	511145.b3680	35.8	3
15200315	511145.b1164	35.8	1
15199574	511145.b0358	35.7	4
15202020	511145.b3042	35.7	1
15202648	511145.b3719	35.6	3
15201799	511145.b2787	35.6	2
15201363	511145.b2304	35.6	3
15200949	511145.b1846	35.5	2
15202968	511145.b4085	35.5	2
15203110	511145.b4239	35.5	6
15201155	511145.b2079	35.5	3
15201307	511145.b2248	35.2	3
15203212	511145.b4359	35.2	8
15201691	511145.b2670	35.2	1
15201463	511145.b2418	35.2	3
15202577	511145.b3640	35.2	2
15202426	511145.b3483	35.2	1
15202646	511145.b3717	35.1	1
15202392	511145.b3449	35.1	2
15199954	511145.b0787	34.7	1
15202925	511145.b4042	34.6	1
15202000	511145.b3021	34.5	1
15201138	511145.b2062	34.5	4
15201456	511145.b2411	34.5	7
15199981	511145.b0814	34.5	1
15201801	511145.b2789	34.5	4
15202835	511145.b3937	34.4	2
15202523	511145.b3585	34.2	3
15199530	511145.b0312	34.1	3
15201884	511145.b2887	34.1	7
15202550	511145.b3613	34.1	5
15200653	511145.b1537	34.0	2
15200884	511145.b1781	34.0	1
15202164	511145.b3198	33.8	3
15202961	511145.b4078	33.8	1
15202313	511145.b3361	33.8	3
15202234	511145.b3280	33.7	1
15202430	511145.b3487	33.6	3
15202051	511145.b3075	33.6	4
15201159	511145.b2085	33.4	1
15203354	511145.b4621	33.4	1
15201788	511145.b2776	33.4	6
15201677	511145.b2645	33.4	1
15201796	511145.b2784	33.3	9
15199758	511145.b0564	33.3	4
15202891	511145.b4003	33.3	4
15199735	511145.b0533	33.2	2
15201418	511145.b2366	33.2	4
15203142	511145.b4278	33.2	10
15200789	511145.b1683	33.1	5
15203111	511145.b4240	33.0	2
15200785	511145.b1679	33.0	1
15201597	511145.b2552	32.9	3
15200335	511145.b1187	32.7	2
15199695	511145.b0487	32.7	1
15200133	511145.b0968	32.6	1
15203300	511145.b4512	32.6	1
15202718	511145.b3806	32.6	10
15199332	511145.b0086	32.6	3
15202453	511145.b3513	32.6	4
15200319	511145.b1168	32.6	4
15200536	511145.b1406	32.6	3
15201959	511145.b2968	32.4	3
15200448	511145.b1306	32.3	1
15200922	511145.b1819	32.1	3
15202378	511145.b3432	32.0	9
15200761	511145.b1653	32.0	16
15199306	511145.b0059	31.9	9
15199384	511145.b0140	31.9	2
15201011	511145.b1914	31.9	3
15201820	511145.b2808	31.8	4
15201629	511145.b2584	31.8	10
15199285	511145.b0036	31.7	3
15200650	511145.b1534	31.7	1
15201102	511145.b2025	31.6	5
15200771	511145.b1663	31.6	2
15201306	511145.b2247	31.4	3
15202691	511145.b3772	31.4	6
15202692	511145.b3773	31.4	3
15199976	511145.b0809	31.4	3
15199537	511145.b0319	31.3	2
15203072	511145.b4196	31.3	2
15201475	511145.b2430	31.2	4
15200772	511145.b1664	31.2	4
15200558	511145.b1431	31.1	2
15200542	511145.b1412	31.1	2
15201784	511145.b2770	31.1	2
15201070	511145.b1987	31.1	4
15199974	511145.b0807	30.9	2
15201174	511145.b2103	30.8	3
15199626	511145.b0417	30.8	2
15202949	511145.b4066	30.8	4
15200120	511145.b0955	30.8	5
15199361	511145.b0117	30.7	3
15203196	511145.b4340	30.7	5
15199580	511145.b0366	30.7	2
15200124	511145.b0959	30.7	1
15201214	511145.b2149	30.7	8
15201146	511145.b2070	30.6	6
15201280	511145.b2218	30.6	10
15200582	511145.b1457	30.5	1
15201947	511145.b2955	30.4	3
15201507	511145.b2462	30.3	1
15202274	511145.b3322	30.2	1
15201034	511145.b1941	30.2	5
15200570	511145.b1444	30.2	6
15201319	511145.b2260	30.1	5
15202403	511145.b3460	30.1	2
15201139	511145.b2063	29.9	4
15199760	511145.b0566	29.9	4
15200511	511145.b1379	29.9	1
15200314	511145.b1163	29.9	3
15202781	511145.b3881	29.9	3
15200579	511145.b1453	29.8	2
15200254	511145.b1098	29.8	2
15199531	511145.b0313	29.7	3
15199713	511145.b0509	29.6	2
15202722	511145.b3811	29.6	3
15199984	511145.b0818	29.6	2
15202192	511145.b3227	29.5	2
15203204	511145.b4351	29.5	3
15201050	511145.b1958	29.5	1
15199599	511145.b0388	29.4	2
15200080	511145.b0915	29.3	3
15202613	511145.b3678	29.3	6
15202578	511145.b3641	29.2	3
15199880	511145.b0704	29.0	2
15200798	511145.b1692	29.0	2
15199262	511145.b0011	28.9	4
15201988	511145.b3006	28.9	2
15200047	511145.b0881	28.9	1
15199304	511145.b0055	28.9	3
15200578	511145.b1452	28.8	3
15199505	511145.b0283	28.7	3
15202419	511145.b3476	28.7	7
15202245	511145.b3293	28.7	1
15199742	511145.b0544	28.6	4
15201104	511145.b2027	28.6	3
15201859	511145.b2851	28.6	3
15200552	511145.b1424	28.6	8
15203210	511145.b4357	28.5	3
15201809	511145.b2797	28.4	4
15203238	511145.b4388	28.4	3
15203054	511145.b4178	28.4	1
15199852	511145.b0661	28.4	5
15200412	511145.b1270	28.3	1
15199504	511145.b0281	28.2	3
15202159	511145.b3193	28.1	1
15203229	511145.b4379	28.1	2
15201592	511145.b2547	28.1	4
15203122	511145.b4253	28.0	6
15202150	511145.b3184	28.0	2
15199313	511145.b0066	28.0	3
15200810	511145.b1704	27.9	2
15202714	511145.b3802	27.8	3
15201957	511145.b2965	27.8	4
15200285	511145.b1129	27.7	4
15202053	511145.b3077	27.6	1
15202382	511145.b3438	27.6	4
15202337	511145.b3387	27.5	2
15199612	511145.b0403	27.4	6
15199335	511145.b0089	27.4	3
15202804	511145.b3904	27.4	2
15200064	511145.b0899	27.3	2
15202683	511145.b3754	27.3	1
15201061	511145.b1972	27.3	1
15200065	511145.b0900	27.2	2
15202513	511145.b3575	27.2	4
15201454	511145.b2409	27.2	3
15202845	511145.b3947	27.1	6
15201108	511145.b2032	27.1	4
15200835	511145.b1732	27.0	6
15201038	511145.b1945	26.9	3
15200525	511145.b1393	26.8	1
15202117	511145.b3149	26.7	1
15203173	511145.b4315	26.7	2
15201734	511145.b2720	26.7	1
15199416	511145.b0173	26.7	2
15202385	511145.b3441	26.7	1
15202562	511145.b3625	26.6	2
15199859	511145.b0679	26.6	3
15201539	511145.b2494	26.6	4
15203085	511145.b4210	26.6	2
15199825	511145.b0634	26.5	2
15202112	511145.b3144	26.3	4
15201240	511145.b2175	26.3	1
15203047	511145.b4171	26.3	3
15202060	511145.b3084	26.2	3
15202784	511145.b3884	26.2	2
15200994	511145.b1891	26.2	1
15202843	511145.b3945	26.1	3
15199939	511145.b0772	26.1	4
15200724	511145.b1616	26.1	2
15203239	511145.b4389	26.0	4
15202825	511145.b3927	25.9	1
15200357	511145.b1209	25.9	2
15201282	511145.b2220	25.9	3
15202878	511145.b3990	25.8	4
15199390	511145.b0146	25.8	2
15199943	511145.b0776	25.7	2
15200370	511145.b1222	25.7	8
15200943	511145.b1840	25.6	1
15199763	511145.b0569	25.6	6
15203289	511145.b4483	25.5	2
15202177	511145.b3211	25.5	5
15200795	511145.b1689	25.5	1
15202408	511145.b3465	25.4	1
15201010	511145.b1913	25.3	4
15200309	511145.b1158	25.3	2
15201420	511145.b2368	25.3	3
15199659	511145.b0450	25.2	1
15200148	511145.b0984	25.1	6
15201619	511145.b2574	25.1	5
15202823	511145.b3925	25.0	3
15199456	511145.b0221	25.0	6
15201228	511145.b2163	24.9	2
15202386	511145.b3442	24.8	4
15200157	511145.b0993	24.8	6
15199853	511145.b0662	24.8	2
15201741	511145.b2727	24.8	3
15200005	511145.b0839	24.6	3
15200185	511145.b1024	24.6	9
15199316	511145.b0069	24.6	3
15201767	511145.b2753	24.6	3
15202361	511145.b3411	24.6	2
15203288	511145.b4482	24.6	1
15201815	511145.b2803	24.6	3
15200895	511145.b1792	24.6	1
15200390	511145.b1247	24.5	3
15199666	511145.b0458	24.5	1
15199911	511145.b0737	24.5	2
15200729	511145.b1621	24.5	2
15202782	511145.b3882	24.4	3
15200099	511145.b0934	24.4	1
15200475	511145.b1334	24.4	1
15203073	511145.b4197	24.3	3
15202536	511145.b3599	24.3	3
15201361	511145.b2302	24.3	1
15201040	511145.b1947	24.3	1
15200364	511145.b1216	24.2	1
15199836	511145.b0645	24.2	1
15201789	511145.b2777	24.1	2
15200732	511145.b1624	24.1	2
15200918	511145.b1815	24.1	4
15202106	511145.b3138	24.1	1
15201021	511145.b1924	24.1	3
15199263	511145.b0013	24.0	1
15201576	511145.b2531	24.0	1
15201143	511145.b2067	24.0	9
15202096	511145.b3126	24.0	2
15200840	511145.b1737	24.0	1
15201802	511145.b2790	23.8	1
15199563	511145.b0347	23.8	5
15202070	511145.b3094	23.8	2
15202642	511145.b3713	23.7	1
15203158	511145.b4299	23.7	2
15201226	511145.b2161	23.7	5
15200147	511145.b0983	23.6	2
15202492	511145.b3554	23.5	1
15201150	511145.b2074	23.5	3
15202679	511145.b3750	23.4	2
15201087	511145.b2009	23.4	1
15200222	511145.b1066	23.3	1
15200484	511145.b1343	23.3	3
15200682	511145.b1570	23.3	1
15199604	511145.b0394	23.2	2
15202986	511145.b4106	23.1	3
15202676	511145.b3747	23.1	3
15202790	511145.b3890	23.0	1
15199433	511145.b0190	22.9	2
15200127	511145.b0962	22.9	3
15200889	511145.b1786	22.9	4
15202283	511145.b3331	22.8	1
15201267	511145.b2205	22.8	2
15200485	511145.b1344	22.8	3
15201632	511145.b2587	22.7	1
15202912	511145.b4028	22.7	2
15202404	511145.b3461	22.7	2
15200992	511145.b1889	22.7	3
15201157	511145.b2081	22.7	4
15201330	511145.b2271	22.6	2
15200312	511145.b1161	22.6	1
15201255	511145.b2193	22.5	2
15202421	511145.b3478	22.5	1
15200186	511145.b1025	22.5	6
15202286	511145.b3334	22.4	1
15202458	511145.b3518	22.4	2
15199999	511145.b0833	22.4	7
15202979	511145.b4097	22.4	2
15199809	511145.b0616	22.4	2
15200034	511145.b0868	22.3	1
15200614	511145.b1494	22.2	5
15200483	511145.b1342	22.2	1
15201640	511145.b2601	22.2	2
15200419	511145.b1277	22.2	1
15199869	511145.b0689	22.2	1
15199928	511145.b0761	22.1	1
15201218	511145.b2153	22.1	1
15202182	511145.b3216	22.1	3
15201331	511145.b2272	22.0	1
15200129	511145.b0964	22.0	2
15200273	511145.b1117	21.9	1
15199807	511145.b0614	21.8	2
15202028	511145.b3051	21.8	5
15201229	511145.b2164	21.7	5
15201193	511145.b2126	21.7	4
15200576	511145.b1450	21.6	2
15199555	511145.b0339	21.6	1
15200277	511145.b1121	21.6	3
15200461	511145.b1320	21.6	2
15199296	511145.b0047	21.6	2
15199636	511145.b0427	21.6	1
15201505	511145.b2460	21.6	1
15202552	511145.b3615	21.6	2
15202541	511145.b3604	21.5	2
15199996	511145.b0830	21.5	3
15200629	511145.b1513	21.5	4
15199519	511145.b0298	21.4	2
15201161	511145.b2088	21.4	2
15199585	511145.b0373	21.4	2
15200188	511145.b1027	21.4	2
15199739	511145.b0540	21.4	2
15200797	511145.b1691	21.4	2
15199451	511145.b0214	21.4	1
15201200	511145.b2133	21.3	3
15201472	511145.b2427	21.3	2
15200006	511145.b0840	21.2	2
15203221	511145.b4371	21.2	2
15202625	511145.b3696	21.2	2
15202405	511145.b3462	21.2	3
15201019	511145.b1922	21.2	2
15201976	511145.b2991	21.2	1
15200114	511145.b0949	21.1	3
15199526	511145.b0307	21.0	2
15202616	511145.b3684	20.9	2
15201261	511145.b2199	20.9	1
15201491	511145.b2446	20.8	1
15203080	511145.b4204	20.8	1
15202963	511145.b4080	20.8	3
15199365	511145.b0121	20.8	2
15203109	511145.b4238	20.8	5
15201856	511145.b2847	20.7	2
15199906	511145.b0732	20.7	6
15202985	511145.b4105	20.6	2
15199379	511145.b0135	20.6	2
15200242	511145.b1086	20.6	2
15200389	511145.b1246	20.6	1
15202213	511145.b3250	20.5	3
15199632	511145.b0423	20.5	3
15199351	511145.b0107	20.5	3
15200436	511145.b1294	20.5	4
15200408	511145.b1266	20.5	1
15202398	511145.b3455	20.5	2
15203003	511145.b4123	20.5	1
15201970	511145.b2985	20.4	2
15200145	511145.b0981	20.4	3
15202895	511145.b4011	20.3	1
15200414	511145.b1272	20.3	2
15200012	511145.b0846	20.2	1
15201827	511145.b2818	20.2	2
15199778	511145.b0584	20.2	5
15202154	511145.b3188	20.1	1
15201152	511145.b2076	20.1	6
15200675	511145.b1561	20.0	1
15199606	511145.b0397	20.0	4
15201486	511145.b2441	20.0	3
15200711	511145.b1603	20.0	3
15201948	511145.b2956	19.9	1
15199443	511145.b0200	19.9	1
15203211	511145.b4358	19.9	3
15202496	511145.b3558	19.9	3
15199310	511145.b0063	19.8	4
15200035	511145.b0869	19.7	3
15201695	511145.b2674	19.6	1
15199315	511145.b0068	19.6	1
15200738	511145.b1630	19.6	1
15202187	511145.b3222	19.5	2
15200693	511145.b1585	19.5	1
15199722	511145.b0520	19.5	2
15201782	511145.b2768	19.5	2
15201735	511145.b2721	19.5	4
15201436	511145.b2384	19.4	2
15200306	511145.b1154	19.4	1
15199577	511145.b0363	19.3	2
15200445	511145.b1303	19.3	2
15201818	511145.b2806	19.3	2
15199764	511145.b0570	19.3	3
15201846	511145.b2837	19.2	3
15201923	511145.b2928	19.2	1
15201586	511145.b2541	19.2	1
15201877	511145.b2878	19.2	7
15199811	511145.b0618	19.2	2
15202572	511145.b3635	19.1	2
15200349	511145.b1201	19.1	4
15203165	511145.b4306	19.1	3
15201427	511145.b2375	19.1	1
15200206	511145.b1049	19.1	5
15199566	511145.b0350	19.0	1
15202715	511145.b3803	19.0	3
15199309	511145.b0062	19.0	3
15203116	511145.b4245	19.0	2
15202518	511145.b3580	19.0	3
15200520	511145.b1388	19.0	1
15201601	511145.b2556	18.9	3
15199925	511145.b0758	18.9	2
15202956	511145.b4073	18.9	1
15201591	511145.b2546	18.9	1
15199541	511145.b0324	18.9	1
15201554	511145.b2509	18.9	2
15201534	511145.b2489	18.8	1
15201120	511145.b2044	18.8	2
15199820	511145.b0629	18.8	2
15202048	511145.b3072	18.8	3
15199448	511145.b0211	18.8	2
15199491	511145.b0267	18.7	3
15201455	511145.b2410	18.7	1
15202974	511145.b4092	18.7	1
15201390	511145.b2331	18.7	1
15201217	511145.b2152	18.7	2
15201481	511145.b2436	18.6	1
15199965	511145.b0798	18.5	1
15201548	511145.b2503	18.5	3
15200985	511145.b1882	18.4	1
15200209	511145.b1053	18.4	1
15201089	511145.b2011	18.4	4
15203102	511145.b4230	18.4	1
15201124	511145.b2048	18.3	2
15201465	511145.b2420	18.3	2
15202998	511145.b4118	18.3	1
15199589	511145.b0378	18.3	1
15201385	511145.b2326	18.2	1
15202603	511145.b3668	18.2	2
15202318	511145.b3366	18.2	1
15201315	511145.b2256	18.2	2
15202224	511145.b3262	18.2	2
15201259	511145.b2197	18.1	1
15203186	511145.b4328	18.1	3
15200837	511145.b1734	17.9	3
15200516	511145.b1384	17.9	2
15199319	511145.b0072	17.8	3
15200494	511145.b1353	17.8	1
15201003	511145.b1902	17.8	1
15200718	511145.b1610	17.8	2
15201971	511145.b2986	17.8	1
15202149	511145.b3183	17.8	2
15200540	511145.b1410	17.7	4
15202371	511145.b3424	17.7	1
15199611	511145.b0402	17.7	1
15199686	511145.b0478	17.7	2
15202338	511145.b3388	17.6	1
15201487	511145.b2442	17.6	2
15201745	511145.b2731	17.6	3
15201031	511145.b1938	17.5	3
15202115	511145.b3147	17.5	5
15199812	511145.b0619	17.5	2
15202049	511145.b3073	17.5	2
15202459	511145.b3519	17.4	4
15201773	511145.b2759	17.4	1
15200044	511145.b0878	17.4	2
15199435	511145.b0192	17.4	1
15200717	511145.b1609	17.4	2
15202588	511145.b3652	17.4	3
15202654	511145.b3725	17.4	2
15201464	511145.b2419	17.3	1
15199717	511145.b0514	17.3	2
15199966	511145.b0799	17.3	5
15199873	511145.b0695	17.3	5
15199845	511145.b0654	17.2	1
15201989	511145.b3008	17.2	2
15202532	511145.b3594	17.2	2
15199523	511145.b0304	17.1	3
15200116	511145.b0951	17.1	3
15199952	511145.b0785	17.1	1
15202123	511145.b3155	17.1	1
15200901	511145.b1798	17.0	1
15202543	511145.b3606	17.0	1
15201882	511145.b2883	17.0	3
15200982	511145.b1879	17.0	4
15203240	511145.b4390	17.0	4
15201237	511145.b2172	16.9	3
15201434	511145.b2382	16.9	2
15202303	511145.b3351	16.9	1
15200989	511145.b1886	16.9	2
15202746	511145.b3838	16.9	1
15200888	511145.b1785	16.8	2
15202460	511145.b3520	16.8	1
15200702	511145.b1594	16.7	2
15200020	511145.b0854	16.7	3
15201351	511145.b2292	16.7	1
15200767	511145.b1659	16.6	1
15200071	511145.b0906	16.6	1
15201264	511145.b2202	16.6	1
15199489	511145.b0264	16.5	1
15199498	511145.b0274	16.5	1
15201684	511145.b2663	16.5	1
15200866	511145.b1763	16.4	4
15201424	511145.b2372	16.4	3
15203217	511145.b4364	16.3	1
15201826	511145.b2817	16.2	2
15203223	511145.b4373	16.2	1
15202976	511145.b4094	16.2	1
15202816	511145.b3918	16.2	1
15202886	511145.b3998	16.2	1
15203046	511145.b4170	16.2	3
15202796	511145.b3896	16.2	1
15202542	511145.b3605	16.1	3
15200559	511145.b1432	16.1	2
15200667	511145.b1553	16.1	1
15201125	511145.b2049	16.0	2
15201960	511145.b2971	16.0	1
15203287	511145.b4481	16.0	2
15201725	511145.b2711	16.0	2
15200628	511145.b1512	16.0	3
15201109	511145.b2033	16.0	1
15200787	511145.b1681	15.9	2
15200021	511145.b0855	15.9	2
15202524	511145.b3586	15.9	1
15200275	511145.b1119	15.9	1
15199962	511145.b0795	15.8	2
15200723	511145.b1615	15.8	2
15199529	511145.b0311	15.8	3
15200671	511145.b1557	15.7	2
15201955	511145.b2963	15.7	2
15200279	511145.b1123	15.7	2
15202586	511145.b3650	15.6	3
15203291	511145.b4485	15.6	3
15200332	511145.b1184	15.5	2
15200543	511145.b1413	15.5	6
15200666	511145.b1552	15.5	2
15202043	511145.b3066	15.5	2
15200632	511145.b1516	15.4	2
15199349	511145.b0104	15.4	1
15200045	511145.b0879	15.4	4
15201850	511145.b2841	15.3	1
15199392	511145.b0148	15.3	7
15201841	511145.b2832	15.2	1
15201515	511145.b2470	15.1	5
15203201	511145.b4348	15.1	3
15203269	511145.b4463	15.1	3
15200997	511145.b1894	15.0	2
15202387	511145.b3444	15.0	2
15199271	511145.b0022	15.0	2
15201323	511145.b2264	15.0	2
15200358	511145.b1210	15.0	1
15201817	511145.b2805	15.0	1
15200462	511145.b1321	15.0	2
15199509	511145.b0287	15.0	1
15201151	511145.b2075	14.9	3
15199610	511145.b0401	14.9	1
15199449	511145.b0212	14.8	1
15201110	511145.b2034	14.8	2
15199944	511145.b0777	14.8	1
15202600	511145.b3665	14.8	3
15201562	511145.b2517	14.7	2
15202568	511145.b3631	14.7	1
15199792	511145.b0598	14.6	1
15199511	511145.b0289	14.6	1
15202084	511145.b3110	14.6	1
15202957	511145.b4074	14.6	2
15201122	511145.b2046	14.6	2
15203150	511145.b4291	14.6	3
15203214	511145.b4361	14.6	1
15199620	511145.b0411	14.5	1
15201831	511145.b2822	14.5	8
15201281	511145.b2219	14.4	2
15201600	511145.b2555	14.3	2
15199562	511145.b0346	14.3	1
15199719	511145.b0516	14.3	2
15199770	511145.b0576	14.3	1
15201060	511145.b1971	14.3	2
15202284	511145.b3332	14.3	2
15203281	511145.b4475	14.2	1
15201480	511145.b2435	14.2	1
15201180	511145.b2109	14.1	3
15199402	511145.b0158	14.0	2
15201145	511145.b2069	14.0	3
15199905	511145.b0731	14.0	2
15203131	511145.b4262	13.9	2
15203205	511145.b4352	13.9	1
15199759	511145.b0565	13.8	2
15200366	511145.b1218	13.8	1
15202674	511145.b3745	13.8	2
15203203	511145.b4350	13.8	4
15201433	511145.b2381	13.8	1
15199559	511145.b0343	13.7	1
15201822	511145.b2810	13.7	2
15203228	511145.b4378	13.7	1
15200550	511145.b1422	13.7	2
15199961	511145.b0794	13.7	3
15203230	511145.b4380	13.7	2
15201430	511145.b2378	13.6	2
15200156	511145.b0992	13.6	2
15200801	511145.b1695	13.6	1
15202025	511145.b3048	13.6	1
15202946	511145.b4063	13.5	1
15199621	511145.b0412	13.5	1
15200984	511145.b1881	13.5	1
15202368	511145.b3418	13.4	4
15201399	511145.b2342	13.4	2
15201698	511145.b2677	13.3	1
15199782	511145.b0588	13.2	1
15199321	511145.b0074	13.2	2
15200405	511145.b1262	13.2	2
15202446	511145.b3506	13.2	1
15200150	511145.b0986	13.2	1
15201383	511145.b2324	13.2	2
15199287	511145.b0038	13.2	2
15202325	511145.b3375	13.1	1
15202125	511145.b3157	13.1	1
15200013	511145.b0847	13.0	1
15199459	511145.b0224	13.0	1
15202931	511145.b4048	13.0	2
15201367	511145.b2308	13.0	1
15199786	511145.b0592	13.0	1
15202105	511145.b3137	12.9	1
15200392	511145.b1249	12.9	1
15201160	511145.b2086	12.9	1
15203147	511145.b4288	12.9	1
15202502	511145.b3564	12.9	3
15199560	511145.b0344	12.7	4
15200610	511145.b1490	12.7	2
15199794	511145.b0600	12.7	1
15201810	511145.b2798	12.7	1
15201942	511145.b2950	12.7	1
15202469	511145.b3529	12.7	2
15202785	511145.b3885	12.7	1
15200086	511145.b0921	12.6	1
15200204	511145.b1047	12.6	1
15202599	511145.b3664	12.6	1
15199665	511145.b0457	12.5	1
15201001	511145.b1900	12.5	2
15201426	511145.b2374	12.5	1
15202475	511145.b3536	12.5	2
15201999	511145.b3020	12.5	2
15202644	511145.b3715	12.5	1
15200022	511145.b0856	12.4	1
15201316	511145.b2257	12.4	2
15201565	511145.b2520	12.4	9
15201681	511145.b2660	12.3	2
15201268	511145.b2206	12.3	3
15202806	511145.b3906	12.3	2
15201126	511145.b2050	12.3	2
15202592	511145.b3656	12.2	2
15202564	511145.b3627	12.1	3
15200611	511145.b1491	12.1	2
15201222	511145.b2157	12.1	1
15203144	511145.b4280	12.1	2
15200258	511145.b1102	12.0	3
15202786	511145.b3886	12.0	1
15201431	511145.b2379	12.0	1
15199680	511145.b0472	12.0	1
15201774	511145.b2760	12.0	2
15201432	511145.b2380	12.0	2
15200379	511145.b1234	11.9	1
15201536	511145.b2491	11.9	2
15202206	511145.b3241	11.9	1
15201583	511145.b2538	11.9	2
15202707	511145.b3791	11.9	1
15202776	511145.b3876	11.9	1
15199339	511145.b0093	11.8	1
15201679	511145.b2647	11.8	4
15199987	511145.b0821	11.8	2
15201450	511145.b2405	11.8	1
15199971	511145.b0804	11.8	1
15202964	511145.b4081	11.7	2
15199709	511145.b0505	11.7	1
15203253	511145.b4403	11.7	1
15199410	511145.b0167	11.7	5
15199483	511145.b0254	11.7	2
15199395	511145.b0151	11.6	1
15201589	511145.b2544	11.6	1
15199288	511145.b0039	11.6	2
15202180	511145.b3214	11.6	1
15203145	511145.b4284	11.6	4
15199484	511145.b0256	11.6	4
15200535	511145.b1404	11.6	4
15201322	511145.b2263	11.6	1
15199884	511145.b0709	11.5	1
15199481	511145.b0252	11.5	2
15201669	511145.b2633	11.5	2
15202517	511145.b3579	11.5	1
15200380	511145.b1235	11.4	2
15200276	511145.b1120	11.4	1
15203038	511145.b4159	11.4	4
15202889	511145.b4001	11.4	1
15200310	511145.b1159	11.4	1
15202512	511145.b3574	11.3	1
15199596	511145.b0385	11.2	1
15202109	511145.b3141	11.2	1
15202529	511145.b3591	11.2	1
15202880	511145.b3992	11.2	1
15201172	511145.b2101	11.2	1
15201093	511145.b2015	11.2	1
15200777	511145.b1671	11.1	1
15202593	511145.b3657	11.1	1
15202480	511145.b3541	11.1	1
15202345	511145.b3395	11.0	1
15200977	511145.b1874	11.0	1
15201969	511145.b2984	11.0	1
15201652	511145.b2615	11.0	1
15200975	511145.b1872	10.9	4
15199806	511145.b0613	10.9	1
15201220	511145.b2155	10.9	2
15199887	511145.b0712	10.8	1
15199977	511145.b0810	10.8	1
15202854	511145.b3957	10.8	1
15201018	511145.b1921	10.8	1
15199634	511145.b0425	10.8	1
15203191	511145.b4333	10.8	1
15201696	511145.b2675	10.7	1
15199438	511145.b0195	10.7	1
15199532	511145.b0314	10.7	1
15200625	511145.b1507	10.6	2
15203000	511145.b4120	10.6	1
15201422	511145.b2370	10.6	5
15202423	511145.b3480	10.5	1
15203159	511145.b4300	10.5	2
15202702	511145.b3786	10.5	1
15201721	511145.b2707	10.4	1
15203208	511145.b4355	10.4	2
15201290	511145.b2230	10.4	2
15201365	511145.b2306	10.4	1
15201196	511145.b2129	10.3	1
15199524	511145.b0305	10.3	1
15200737	511145.b1629	10.3	2
15201618	511145.b2573	10.3	1
15200374	511145.b1226	10.3	1
15201714	511145.b2700	10.3	1
15200272	511145.b1116	10.2	1
15202470	511145.b3530	10.2	4
15199367	511145.b0123	10.2	1
15200142	511145.b0978	10.2	1
15202461	511145.b3521	10.2	1
15200197	511145.b1040	10.2	1
15200291	511145.b1135	10.2	1
15201594	511145.b2549	10.2	3
15200875	511145.b1772	10.1	1
15200478	511145.b1337	10.1	1
15199769	511145.b0575	10.1	3
15199427	511145.b0184	10.1	4
15199690	511145.b0482	10.1	1
15201854	511145.b2845	10.0	1
15203207	511145.b4354	10.0	1
15202489	511145.b3551	10.0	2
15200594	511145.b1474	9.98	3
15201722	511145.b2708	9.93	1
15199875	511145.b0697	9.93	2
15199883	511145.b0708	9.9	2
15202089	511145.b3117	9.88	1
15201327	511145.b2268	9.88	1
15200865	511145.b1762	9.84	1
15200339	511145.b1191	9.81	1
15199826	511145.b0635	9.77	2
15203086	511145.b4211	9.75	1
15202038	511145.b3061	9.75	1
15200468	511145.b1327	9.74	1
15201838	511145.b2829	9.73	3
15203024	511145.b4145	9.7	1
15200210	511145.b1054	9.68	1
15201332	511145.b2273	9.68	1
15202575	511145.b3638	9.67	1
15199935	511145.b0768	9.65	1
15199527	511145.b0308	9.64	1
15199872	511145.b0694	9.61	1
15199798	511145.b0604	9.61	1
15201564	511145.b2519	9.61	3
15200609	511145.b1489	9.6	2
15201329	511145.b2270	9.57	2
15200042	511145.b0876	9.54	2
15202508	511145.b3570	9.54	1
15202848	511145.b3951	9.51	2
15201107	511145.b2030	9.48	6
15201967	511145.b2982	9.48	6
15202183	511145.b3218	9.48	6
15199847	511145.b0656	9.48	6
15199485	511145.b0259	9.48	6
15199750	511145.b0552	9.48	6
15201254	511145.b2192	9.48	6
15202445	511145.b3505	9.48	6
15200472	511145.b1331	9.48	6
15201275	511145.b2213	9.47	1
15202797	511145.b3897	9.39	3
15199543	511145.b0326	9.34	1
15200503	511145.b1370	9.33	6
15203209	511145.b4356	9.32	1
15201391	511145.b2332	9.21	1
15200372	511145.b1224	9.2	6
15200178	511145.b1015	9.17	1
15199471	511145.b0241	9.13	1
15199396	511145.b0152	9.12	1
15201866	511145.b2867	9.1	1
15202014	511145.b3035	9.06	1
15200651	511145.b1535	9.03	1
15200519	511145.b1387	9.02	1
15203058	511145.b4182	8.99	1
15201579	511145.b2534	8.9	1
15199506	511145.b0284	8.85	2
15201729	511145.b2715	8.81	1
15200616	511145.b1496	8.8	2
15201273	511145.b2211	8.79	1
15201738	511145.b2724	8.75	1
15199702	511145.b0494	8.72	1
15201244	511145.b2179	8.65	1
15201743	511145.b2729	8.64	1
15202978	511145.b4096	8.63	1
15201121	511145.b2045	8.58	1
15199957	511145.b0790	8.57	1
15200726	511145.b1618	8.53	1
15200443	511145.b1301	8.5	1
15202924	511145.b4041	8.46	3
15202734	511145.b3825	8.45	1
15203090	511145.b4215	8.45	1
15199513	511145.b0291	8.41	2
15201123	511145.b2047	8.4	1
15202716	511145.b3804	8.4	1
15201891	511145.b2894	8.36	1
15202559	511145.b3622	8.31	1
15200079	511145.b0914	8.3	1
15201324	511145.b2265	8.28	2
15199982	511145.b0815	8.28	1
15200237	511145.b1081	8.24	1
15201154	511145.b2078	8.24	1
15199783	511145.b0589	8.24	1
15202346	511145.b3396	8.22	2
15201915	511145.b2920	8.14	1
15199796	511145.b0602	8.1	1
15200805	511145.b1699	8.0	1
15199404	511145.b0160	7.98	2
15201730	511145.b2716	7.96	1
15201889	511145.b2892	7.95	1
15202583	511145.b3647	7.94	1
15203093	511145.b4218	7.91	1
15202773	511145.b3873	7.9	1
15200189	511145.b1029	7.89	1
15200059	511145.b0894	7.86	2
15200897	511145.b1794	7.85	1
15200362	511145.b1214	7.8	1
15202657	511145.b3728	7.71	1
15199802	511145.b0608	7.7	1
15199766	511145.b0572	7.68	1
15201674	511145.b2642	7.67	1
15200915	511145.b1812	7.59	1
15200161	511145.b0997	7.58	2
15202849	511145.b3952	7.58	1
15203193	511145.b4335	7.58	1
15200043	511145.b0877	7.56	1
15200577	511145.b1451	7.52	2
15200373	511145.b1225	7.51	1
15203042	511145.b4166	7.5	1
15203096	511145.b4221	7.5	2
15199808	511145.b0615	7.49	1
15199975	511145.b0808	7.48	1
15199956	511145.b0789	7.44	1
15201800	511145.b2788	7.36	1
15201500	511145.b2455	7.35	1
15202148	511145.b3182	7.33	1
15199274	511145.b0025	7.31	1
15201587	511145.b2542	7.27	1
15203139	511145.b4272	7.18	1
15199575	511145.b0360	7.18	1
15201078	511145.b1997	7.18	1
15201863	511145.b2861	7.18	1
15200534	511145.b1403	7.18	1
15202022	511145.b3044	7.18	1
15200203	511145.b1046	7.15	1
15201580	511145.b2535	7.13	1
15203062	511145.b4186	7.12	1
15201526	511145.b2481	7.09	1
15200774	511145.b1668	7.03	1
15199673	511145.b0465	7.02	2
15200530	511145.b1398	7.02	1
15201825	511145.b2813	7.01	1
15200269	511145.b1113	6.99	1
15202227	511145.b3265	6.99	1
15201186	511145.b2118	6.9	4
15199374	511145.b0130	6.89	1
15202737	511145.b3828	6.85	1
15202503	511145.b3565	6.85	1
15202906	511145.b4022	6.83	1
15201639	511145.b2600	6.8	1
15203275	511145.b4469	6.79	1
15199542	511145.b0325	6.78	1
15202913	511145.b4029	6.72	2
15202932	511145.b4049	6.69	1
15199788	511145.b0594	6.68	1
15200637	511145.b1521	6.66	1
15199948	511145.b0781	6.65	1
15201953	511145.b2961	6.63	1
15201405	511145.b2349	6.61	1
15200457	511145.b1315	6.58	1
15200991	511145.b1888	6.56	1
15200518	511145.b1386	6.54	1
15200444	511145.b1302	6.54	1
15203199	511145.b4346	6.51	1
15200181	511145.b1020	6.47	1
15199292	511145.b0043	6.43	1
15202473	511145.b3533	6.42	2
15201715	511145.b2701	6.38	1
15202695	511145.b3778	6.35	1
15200938	511145.b1835	6.31	1
15200565	511145.b1439	6.29	1
15201048	511145.b1956	6.18	1
15200060	511145.b0895	6.17	1
15199534	511145.b0316	6.14	1
15199891	511145.b0716	6.12	1
15201288	511145.b2226	6.12	1
15200529	511145.b1397	6.1	1
15199425	511145.b0182	6.1	1
15199840	511145.b0649	6.04	2
15201249	511145.b2184	6.03	2
15202696	511145.b3779	5.98	1
15201205	511145.b2140	5.98	1
15202471	511145.b3531	5.93	1
15201170	511145.b2099	5.87	1
15201847	511145.b2838	5.86	1
15200486	511145.b1345	5.83	1
15203156	511145.b4297	5.83	1
15200591	511145.b1468	5.81	2
15202901	511145.b4017	5.81	2
15200911	511145.b1808	5.8	1
15201517	511145.b2472	5.8	1
15202509	511145.b3571	5.78	1
15200697	511145.b1589	5.77	1
15201293	511145.b2233	5.77	1
15201871	511145.b2872	5.76	1
15201024	511145.b1927	5.75	1
15199780	511145.b0586	5.72	2
15200106	511145.b0941	5.67	1
15202326	511145.b3376	5.67	1
15199972	511145.b0805	5.65	1
15199303	511145.b0054	5.61	2
15199705	511145.b0497	5.59	3
15202531	511145.b3593	5.55	3
15201302	511145.b2243	5.54	1
15201080	511145.b2001	5.51	1
15200451	511145.b1309	5.39	3
15202215	511145.b3252	5.39	1
15202205	511145.b3240	5.36	1
15201119	511145.b2043	5.36	1
15202228	511145.b3266	5.36	1
15200695	511145.b1587	5.33	1
15202741	511145.b3832	5.29	1
15200125	511145.b0960	5.26	1
15199269	511145.b0020	5.24	1
15201865	511145.b2866	5.23	1
15199704	511145.b0496	5.22	1
15199538	511145.b0320	5.16	1
15201241	511145.b2176	5.12	1
15202569	511145.b3632	5.1	1
15202712	511145.b3800	5.06	1
15199768	511145.b0574	5.06	1
15201643	511145.b2604	5.03	1
15201245	511145.b2180	5.0	1
15200562	511145.b1435	4.95	1
15201726	511145.b2712	4.92	1
15202862	511145.b3965	4.92	1
15202331	511145.b3381	4.91	1
15200081	511145.b0916	4.9	1
15201425	511145.b2373	4.82	1
15200696	511145.b1588	4.82	1
15201775	511145.b2761	4.78	1
15201328	511145.b2269	4.64	1
15201136	511145.b2060	4.59	1
15202962	511145.b4079	4.5	1
15202953	511145.b4070	4.46	1
15201188	511145.b2120	4.45	1
15201870	511145.b2871	4.41	1
15200689	511145.b1581	4.34	1
15200458	511145.b1316	4.34	1
15199995	511145.b0829	4.32	1
15200513	511145.b1381	4.32	1
15199658	511145.b0449	4.28	1
15199394	511145.b0150	4.27	1
15202086	511145.b3114	4.25	3
15199989	511145.b0823	4.22	1
15200937	511145.b1834	4.2	1
15201435	511145.b2383	4.2	1
15201912	511145.b2917	4.09	1
15202429	511145.b3486	4.09	1
15200607	511145.b1487	4.05	1
15199843	511145.b0652	4.02	1
15202704	511145.b3788	4.0	1
15202037	511145.b3060	3.98	1
15202944	511145.b4061	3.93	1
15199871	511145.b0693	3.89	1
15202882	511145.b3994	3.79	1
15200090	511145.b0925	3.76	1
15200974	511145.b1871	3.72	1
15199938	511145.b0771	3.22	1
15203277	511145.b4471	3.14	1
15202794	511145.b3894	2.84	1
15203123	511145.b4254	2.72	1
15199497	511145.b0273	2.67	1
15201076	511145.b1994	2.62	2
15203113	511145.b4242	2.55	1
15203095	511145.b4220	2.49	1
15202425	511145.b3482	2.47	2
15200504	511145.b1372	2.37	1
15201014	511145.b1917	2.35	1
15203272	511145.b4466	2.26	1
15201514	511145.b2469	2.24	1
15201829	511145.b2820	2.16	1
15201065	511145.b1978	1.69	1
15199762	511145.b0568	1.3	1
