#id: 1678622819
#name: E.coli - Whole organism, SC (Arike,j_proteomics,2012)
#score: 19.3
#weight:  100%
#description: abundance based on Spectral counting, Interaction consistency score: 19.3, Coverage: 49
#organ: WHOLE_ORGANISM
#integrated: false
#coverage: 49
#link: http://www.ncbi.nlm.nih.gov/pubmed/22771841
#publication_year: 2012
#filename: 511145-Escherichia_coli_SC_biomart_29780_E_BTO0000214cellculture_2reps.txt
#
#internal_id	string_external_id	abundance	raw_spectral_count
15199649	511145.b0440	20161	511
15202874	511145.b3986	14335	547
15201167	511145.b2096	13603	715
15200382	511145.b1237	10646	361
15202808	511145.b3908	10369	465
15202899	511145.b4015	10058	1501
15202403	511145.b3460	9468	786
15202201	511145.b3236	9166	859
15200882	511145.b1779	8292	761
15201921	511145.b2926	8256	1125
15201250	511145.b2185	8106	234
15202042	511145.b3065	7962	61
15200926	511145.b1823	7677	237
15203114	511145.b4243	7170	153
15202291	511145.b3339	6838	1911
15202868	511145.b3980	6838	1911
15202436	511145.b3495	6724	208
15201791	511145.b2779	6628	772
15201164	511145.b2093	6615	258
15201085	511145.b2007	6427	117
15201686	511145.b2665	5967	333
15200545	511145.b1415	5702	1000
15199922	511145.b0755	5531	369
15202450	511145.b3510	5418	114
15201166	511145.b2095	5015	624
15202259	511145.b3307	4977	44
15199920	511145.b0753	4735	61
15203100	511145.b4226	4728	192
15202826	511145.b3928	4706	145
15203078	511145.b4202	4688	76
15202293	511145.b3341	4556	227
15200250	511145.b1094	4488	78
15200292	511145.b1136	4324	538
15202248	511145.b3296	4234	261
15200818	511145.b1712	4120	127
15202267	511145.b3315	4098	148
15203022	511145.b4143	4031	756
15200821	511145.b1716	3860	96
15201462	511145.b2417	3854	190
15202872	511145.b3984	3637	353
15202574	511145.b3637	3557	66
15202898	511145.b4014	3508	619
15202256	511145.b3304	3503	79
15202888	511145.b4000	3456	115
15202255	511145.b3303	3448	255
15201369	511145.b2310	3402	410
15202661	511145.b3732	3362	602
15202271	511145.b3319	3346	203
15199440	511145.b0197	3334	290
15202483	511145.b3544	3286	599
15202952	511145.b4069	3280	606
15203076	511145.b4200	3272	152
15199546	511145.b0329	3250	112
15201020	511145.b1923	3199	498
15199412	511145.b0169	3141	259
15201459	511145.b2414	3125	377
15199978	511145.b0811	3121	340
15200168	511145.b1004	3117	203
15200068	511145.b0903	3113	863
15200076	511145.b0911	3059	573
15199264	511145.b0014	3047	676
15202254	511145.b3302	2946	41
15202918	511145.b4034	2912	481
15199415	511145.b0172	2893	129
15199272	511145.b0023	2876	54
15200208	511145.b1051	2842	55
15203115	511145.b4244	2840	139
15202246	511145.b3294	2836	86
15202253	511145.b3301	2834	142
15202250	511145.b3298	2828	105
15202740	511145.b3831	2808	194
15201017	511145.b1920	2797	312
15202261	511145.b3309	2732	88
15201910	511145.b2914	2731	85
15200602	511145.b1482	2695	117
15202196	511145.b3231	2675	129
15202292	511145.b3340	2668	661
15199362	511145.b0118	2661	850
15201215	511145.b2150	2655	447
15202264	511145.b3312	2651	50
15199413	511145.b0170	2612	316
15202257	511145.b3305	2604	175
15199358	511145.b0114	2597	701
15201920	511145.b2925	2591	313
15199979	511145.b0812	2555	194
15199799	511145.b0605	2535	216
15201382	511145.b2323	2528	239
15199679	511145.b0471	2526	103
15202379	511145.b3433	2480	230
15202273	511145.b3321	2429	102
15202260	511145.b3308	2410	163
15200245	511145.b1089	2410	42
15203116	511145.b4245	2395	248
15200600	511145.b1480	2383	28
15202268	511145.b3316	2372	93
15201163	511145.b2091	2361	190
15202928	511145.b4045	2349	35
15202266	511145.b3314	2341	149
15202663	511145.b3734	2290	394
15201165	511145.b2094	2281	128
15202258	511145.b3306	2264	92
15202262	511145.b3310	2225	92
15202642	511145.b3713	2205	82
15202871	511145.b3983	2197	88
15202840	511145.b3942	2190	556
15200782	511145.b1676	2171	376
15203079	511145.b4203	2166	145
15199846	511145.b0655	2160	195
15199816	511145.b0623	2146	69
15202585	511145.b3649	2131	61
15202680	511145.b3751	2129	247
15203053	511145.b4177	2104	338
15202265	511145.b3313	2090	63
15199822	511145.b0631	2061	71
15202269	511145.b3317	2052	142
15201648	511145.b2609	2042	51
15202272	511145.b3320	2040	173
15202526	511145.b3588	2034	290
15201563	511145.b2518	2030	99
15200167	511145.b1003	2026	70
15199624	511145.b0415	2021	94
15202685	511145.b3764	2018	57
15199902	511145.b0728	2014	367
15200570	511145.b1444	2011	337
15200465	511145.b1324	2005	152
15202195	511145.b3230	2000	80
15202074	511145.b3098	1974	83
15199321	511145.b0074	1957	367
15202546	511145.b3609	1944	65
15201460	511145.b2415	1928	77
15199360	511145.b0116	1919	309
15199645	511145.b0436	1883	366
15200077	511145.b0912	1874	54
15199259	511145.b0008	1861	281
15201106	511145.b2029	1855	324
15200402	511145.b1259	1846	27
15202693	511145.b3774	1837	387
15202169	511145.b3203	1833	42
15199801	511145.b0607	1833	91
15200920	511145.b1817	1827	237
15202698	511145.b3781	1820	91
15200566	511145.b1440	1818	317
15200062	511145.b0897	1815	114
15201596	511145.b2551	1812	228
15202873	511145.b3985	1779	100
15200249	511145.b1093	1769	140
15203021	511145.b4142	1743	72
15202573	511145.b3636	1732	23
15200386	511145.b1243	1728	342
15200783	511145.b1677	1722	65
15202353	511145.b3403	1722	319
15200118	511145.b0953	1707	26
15201645	511145.b2606	1697	78
15202662	511145.b3733	1686	179
15202817	511145.b3919	1679	150
15200093	511145.b0928	1668	247
15200430	511145.b1288	1665	147
15200248	511145.b1092	1663	124
15200259	511145.b1103	1661	63
15200719	511145.b1611	1647	238
15203124	511145.b4255	1636	23
15200632	511145.b1516	1617	133
15200384	511145.b1241	1604	588
15202003	511145.b3024	1603	50
15202133	511145.b3165	1587	38
15200072	511145.b0907	1582	196
15202247	511145.b3295	1580	226
15200553	511145.b1426	1573	19
15202738	511145.b3829	1567	418
15202194	511145.b3229	1566	104
15199903	511145.b0729	1563	209
15199407	511145.b0163	1563	65
15202288	511145.b3336	1536	114
15202876	511145.b3988	1536	737
15200367	511145.b1219	1535	65
15200119	511145.b0954	1529	79
15202870	511145.b3982	1520	106
15203251	511145.b4401	1513	122
15200474	511145.b1333	1505	142
15199914	511145.b0740	1492	164
15200029	511145.b0863	1459	144
15201461	511145.b2416	1459	315
15201543	511145.b2498	1454	115
15199542	511145.b0325	1443	231
15200363	511145.b1215	1442	129
15200322	511145.b1174	1430	64
15202152	511145.b3186	1416	71
15199320	511145.b0073	1407	123
15201651	511145.b2614	1401	85
15199727	511145.b0525	1395	57
15202921	511145.b4037	1381	52
15202934	511145.b4051	1376	151
15200394	511145.b1251	1361	14
15201576	511145.b2531	1358	72
15199319	511145.b0072	1358	170
15200082	511145.b0917	1354	19
15201553	511145.b2508	1352	207
15202044	511145.b3067	1347	157
15202449	511145.b3509	1326	62
15203106	511145.b4234	1314	63
15201521	511145.b2476	1310	131
15199985	511145.b0819	1306	87
15200712	511145.b1604	1305	160
15199409	511145.b0166	1289	134
15199895	511145.b0720	1286	231
15202759	511145.b3858	1278	46
15201470	511145.b2425	1275	173
15200279	511145.b1123	1270	156
15203226	511145.b4376	1270	82
15200020	511145.b0854	1260	188
15199359	511145.b0115	1256	334
15199682	511145.b0474	1255	99
15200122	511145.b0957	1246	163
15201934	511145.b2942	1242	174
15201368	511145.b2309	1240	146
15200953	511145.b1850	1240	89
15201168	511145.b2097	1235	150
15199635	511145.b0426	1233	86
15200558	511145.b1431	1233	112
15200323	511145.b1175	1232	105
15202664	511145.b3735	1231	85
15202132	511145.b3164	1229	306
15199318	511145.b0071	1227	110
15202136	511145.b3168	1227	272
15201156	511145.b2080	1222	60
15202146	511145.b3180	1220	30
15203305	511145.b4518	1207	16
15200508	511145.b1376	1200	83
15199662	511145.b0453	1198	61
15201574	511145.b2529	1185	75
15201954	511145.b2962	1182	51
15199899	511145.b0724	1181	112
15200743	511145.b1635	1175	95
15203082	511145.b4207	1174	71
15202875	511145.b3987	1173	602
15199901	511145.b0727	1157	144
15199619	511145.b0410	1156	32
15201510	511145.b2465	1153	219
15202147	511145.b3181	1152	77
15199302	511145.b0053	1149	169
15200912	511145.b1809	1146	24
15203101	511145.b4227	1126	124
15202699	511145.b3783	1121	199
15201887	511145.b2890	1121	210
15200664	511145.b1550	1118	30
15200835	511145.b1732	1118	293
15203026	511145.b4147	1115	55
15202909	511145.b4025	1112	236
15201690	511145.b2669	1102	51
15199421	511145.b0178	1101	86
15201509	511145.b2464	1099	191
15201928	511145.b2935	1097	213
15200054	511145.b0889	1093	84
15202660	511145.b3731	1084	56
15199834	511145.b0643	1079	74
15202812	511145.b3912	1070	61
15201566	511145.b2521	1064	99
15201325	511145.b2266	1062	69
15201637	511145.b2597	1050	47
15199457	511145.b0222	1040	95
15202251	511145.b3299	1040	5
15201633	511145.b2592	1031	312
15201525	511145.b2480	1027	62
15199255	511145.b0004	1022	164
15200046	511145.b0880	1007	29
15201218	511145.b2153	1000	77
15202401	511145.b3458	996	142
15200166	511145.b1002	994	144
15202739	511145.b3830	994	73
15201005	511145.b1905	993	51
15201279	511145.b2217	991	64
15203091	511145.b4216	989	58
15201568	511145.b2523	983	166
15202770	511145.b3870	977	182
15199378	511145.b0134	977	77
15202199	511145.b3234	969	100
15202137	511145.b3169	961	188
15202294	511145.b3342	961	37
15202396	511145.b3453	959	181
15202547	511145.b3610	959	35
15200823	511145.b1718	944	54
15202158	511145.b3192	944	71
15201575	511145.b2530	942	169
15199428	511145.b0185	940	119
15202632	511145.b3703	936	3
15201079	511145.b2000	935	270
15201710	511145.b2696	934	34
15201355	511145.b2296	930	121
15200957	511145.b1854	927	156
15202457	511145.b3517	919	331
15200655	511145.b1539	910	68
15203231	511145.b4381	906	95
15202249	511145.b3297	902	47
15203241	511145.b4391	901	210
15201624	511145.b2579	897	60
15201706	511145.b2687	897	80
15199772	511145.b0578	893	72
15200750	511145.b1642	888	45
15202314	511145.b3362	888	11
15201356	511145.b2297	884	267
15199377	511145.b0133	883	107
15202637	511145.b3708	878	156
15199468	511145.b0237	878	138
15202497	511145.b3559	874	227
15201208	511145.b2143	874	86
15199437	511145.b0194	872	190
15202606	511145.b3671	872	142
15200762	511145.b1654	871	50
15201508	511145.b2463	868	264
15200613	511145.b1493	867	319
15199602	511145.b0391	867	13
15202214	511145.b3251	861	96
15199423	511145.b0180	859	65
15199949	511145.b0782	850	73
15200808	511145.b1702	849	247
15200886	511145.b1783	849	207
15200939	511145.b1836	846	26
15202853	511145.b3956	841	301
15202665	511145.b3736	839	61
15202198	511145.b3233	836	48
15200950	511145.b1847	836	51
15199341	511145.b0095	834	173
15200864	511145.b1761	829	140
15201963	511145.b2976	825	209
15202309	511145.b3357	820	95
15200053	511145.b0888	820	75
15200536	511145.b1406	818	87
15199370	511145.b0126	816	59
15200095	511145.b0930	812	150
15202008	511145.b3029	811	16
15202657	511145.b3728	805	116
15201951	511145.b2959	805	44
15199643	511145.b0434	798	45
15200004	511145.b0838	797	72
15201056	511145.b1967	793	56
15199389	511145.b0145	792	55
15202883	511145.b3995	791	33
15202336	511145.b3386	785	53
15201200	511145.b2133	784	178
15199455	511145.b0220	781	55
15200345	511145.b1197	777	165
15201984	511145.b3001	774	97
15199898	511145.b0723	772	212
15202270	511145.b3318	771	26
15201909	511145.b2913	770	107
15202301	511145.b3349	766	18
15200985	511145.b1882	763	41
15201821	511145.b2809	755	9
15199934	511145.b0767	752	77
15200816	511145.b1710	752	72
15200749	511145.b1641	741	41
15199593	511145.b0382	738	30
15202836	511145.b3938	737	31
15200058	511145.b0893	734	132
15200404	511145.b1261	732	83
15201570	511145.b2525	732	33
15200401	511145.b1258	729	57
15200773	511145.b1667	728	44
15202216	511145.b3253	721	103
15202671	511145.b3742	716	23
15200881	511145.b1778	714	45
15202834	511145.b3936	712	22
15200755	511145.b1647	712	65
15199424	511145.b0181	708	33
15201777	511145.b2763	705	146
15201174	511145.b2103	699	86
15202752	511145.b3846	696	184
15201558	511145.b2513	696	46
15201096	511145.b2019	695	61
15201198	511145.b2131	692	79
15200418	511145.b1276	687	202
15202766	511145.b3866	687	34
15202556	511145.b3619	682	110
15203094	511145.b4219	679	52
15200264	511145.b1108	672	56
15200575	511145.b1449	670	79
15201993	511145.b3012	670	54
15202761	511145.b3860	665	55
15200791	511145.b1685	664	22
15200446	511145.b1304	661	49
15199405	511145.b0161	658	117
15199833	511145.b0642	657	217
15202151	511145.b3185	657	13
15199863	511145.b0683	656	48
15201713	511145.b2699	656	94
15203018	511145.b4139	655	107
15202149	511145.b3183	654	74
15199725	511145.b0523	652	28
15201964	511145.b2977	645	23
15199900	511145.b0726	645	261
15199325	511145.b0078	639	36
15202355	511145.b3405	639	66
15200094	511145.b0929	639	118
15199923	511145.b0756	638	71
15201002	511145.b1901	638	86
15201047	511145.b1955	638	65
15200633	511145.b1517	636	69
15201449	511145.b2400	628	107
15201118	511145.b2042	626	77
15201630	511145.b2585	625	121
15202263	511145.b3311	625	18
15202020	511145.b3042	616	22
15200037	511145.b0871	616	129
15200722	511145.b1614	612	139
15200355	511145.b1207	611	79
15201389	511145.b2330	611	34
15200348	511145.b1200	609	96
15201895	511145.b2898	608	72
15202315	511145.b3363	605	42
15199860	511145.b0680	603	118
15202124	511145.b3156	600	30
15199681	511145.b0473	599	159
15203333	511145.b4565	599	13
15201097	511145.b2020	597	56
15200842	511145.b1739	592	22
15201917	511145.b2922	591	46
15202837	511145.b3939	590	55
15200240	511145.b1084	590	175
15200247	511145.b1091	587	75
15201375	511145.b2316	585	71
15200400	511145.b1257	585	63
15199275	511145.b0026	583	243
15202504	511145.b3566	582	67
15201711	511145.b2697	582	220
15200026	511145.b0860	577	69
15202142	511145.b3176	577	92
15202299	511145.b3347	575	58
15200764	511145.b1656	571	44
15199792	511145.b0598	570	87
15202391	511145.b3448	570	32
15200843	511145.b1740	566	72
15200286	511145.b1130	563	48
15202439	511145.b3498	561	140
15202672	511145.b3743	560	35
15201647	511145.b2608	559	38
15200846	511145.b1743	557	39
15203243	511145.b4393	556	28
15201974	511145.b2989	555	78
15199868	511145.b0688	554	133
15201682	511145.b2661	553	110
15200967	511145.b1864	549	50
15201556	511145.b2511	546	74
15201342	511145.b2283	545	199
15201175	511145.b2104	542	43
15202539	511145.b3602	541	17
15203107	511145.b4235	539	111
15200205	511145.b1048	537	89
15202814	511145.b3916	537	82
15200088	511145.b0923	535	33
15200930	511145.b1827	534	60
15200218	511145.b1062	534	45
15202824	511145.b3926	534	135
15202170	511145.b3204	533	37
15199280	511145.b0031	533	58
15200056	511145.b0891	526	59
15200227	511145.b1071	525	24
15202217	511145.b3255	523	13
15201626	511145.b2581	520	43
15200599	511145.b1479	520	121
15202311	511145.b3359	519	70
15200691	511145.b1583	519	32
15199449	511145.b0212	518	56
15202537	511145.b3600	517	81
15203032	511145.b4153	515	40
15201778	511145.b2764	513	102
15200922	511145.b1819	513	61
15200746	511145.b1638	511	47
15202157	511145.b3191	510	19
15200969	511145.b1866	507	134
15202719	511145.b3807	506	15
15203014	511145.b4135	502	40
15201353	511145.b2294	502	42
15202364	511145.b3414	502	42
15201989	511145.b3008	501	66
15202987	511145.b4107	497	38
15201905	511145.b2908	495	87
15202942	511145.b4059	495	53
15202580	511145.b3644	495	41
15199597	511145.b0386	493	40
15202139	511145.b3172	492	106
15200721	511145.b1613	491	75
15201112	511145.b2036	490	86
15202179	511145.b3213	489	97
15202742	511145.b3833	488	50
15202627	511145.b3698	486	22
15201345	511145.b2286	484	135
15201755	511145.b2741	484	61
15200933	511145.b1830	482	123
15201693	511145.b2672	481	25
15200223	511145.b1067	480	44
15200542	511145.b1412	478	34
15200130	511145.b0965	477	33
15200544	511145.b1414	473	38
15200199	511145.b1042	472	13
15202175	511145.b3209	472	34
15201552	511145.b2507	472	113
15199600	511145.b0389	471	15
15202859	511145.b3962	471	81
15200005	511145.b0839	470	78
15201888	511145.b2891	469	69
15201950	511145.b2958	468	38
15199996	511145.b0830	467	93
15199253	511145.b0002	467	204
15200220	511145.b1064	465	50
15200128	511145.b0963	462	21
15199650	511145.b0441	462	112
15200984	511145.b1881	461	43
15202407	511145.b3464	460	71
15201559	511145.b2514	458	83
15199700	511145.b0492	457	47
15202298	511145.b3346	456	15
15203258	511145.b4411	456	10
15199648	511145.b0439	454	127
15199277	511145.b0028	451	31
15201291	511145.b2231	449	149
15201522	511145.b2477	449	46
15199628	511145.b0419	448	62
15200049	511145.b0884	448	15
15201540	511145.b2495	444	13
15202334	511145.b3384	444	50
15199616	511145.b0407	442	20
15202751	511145.b3845	440	76
15200192	511145.b1035	438	27
15203089	511145.b4214	438	52
15201008	511145.b1908	436	39
15200409	511145.b1267	435	39
15199282	511145.b0033	434	184
15200989	511145.b1886	431	108
15200678	511145.b1564	431	13
15200710	511145.b1602	429	41
15201027	511145.b1930	429	12
15203127	511145.b4258	429	132
15201440	511145.b2388	426	52
15202135	511145.b3167	421	21
15202839	511145.b3941	421	60
15201561	511145.b2516	420	31
15200572	511145.b1446	420	13
15203234	511145.b4384	420	54
15200868	511145.b1765	420	33
15201046	511145.b1953	419	10
15201906	511145.b2909	418	19
15202375	511145.b3429	418	55
15200955	511145.b1852	418	106
15199921	511145.b0754	418	67
15200852	511145.b1749	415	59
15200403	511145.b1260	414	59
15199353	511145.b0109	412	43
15202988	511145.b4108	412	9
15200512	511145.b1380	411	35
15201321	511145.b2262	411	39
15199851	511145.b0660	409	58
15201104	511145.b2027	407	63
15199647	511145.b0438	404	84
15199976	511145.b0809	403	41
15200824	511145.b1719	403	110
15199315	511145.b0068	403	62
15201016	511145.b1919	402	38
15201094	511145.b2016	400	45
15202881	511145.b3993	399	45
15199641	511145.b0432	398	40
15201649	511145.b2610	397	51
15199765	511145.b0571	396	23
15200287	511145.b1131	396	61
15202498	511145.b3560	395	47
15203162	511145.b4303	394	46
15202689	511145.b3770	389	48
15200381	511145.b1236	388	54
15202745	511145.b3836	388	17
15199344	511145.b0098	387	130
15202937	511145.b4054	387	60
15199907	511145.b0733	385	53
15202771	511145.b3871	384	75
15199671	511145.b0463	383	51
15199398	511145.b0154	382	56
15201598	511145.b2553	381	24
15202827	511145.b3929	379	39
15201185	511145.b2114	379	112
15201614	511145.b2569	378	74
15199369	511145.b0125	377	31
15200450	511145.b1308	377	14
15202577	511145.b3640	376	23
15200654	511145.b1538	376	85
15203233	511145.b4383	375	80
15200121	511145.b0956	374	19
15200759	511145.b1651	374	29
15199646	511145.b0437	373	26
15202492	511145.b3554	372	33
15200283	511145.b1127	371	62
15200598	511145.b1478	370	55
15200766	511145.b1658	368	57
15199644	511145.b0435	366	17
15200578	511145.b1452	365	54
15202940	511145.b4057	363	16
15199604	511145.b0394	361	41
15199652	511145.b0443	360	12
15201683	511145.b2662	355	79
15200820	511145.b1714	354	56
15199553	511145.b0337	354	42
15201099	511145.b2022	354	40
15201346	511145.b2287	351	40
15200585	511145.b1462	351	18
15201943	511145.b2951	350	26
15200991	511145.b1888	348	65
15202029	511145.b3052	346	60
15201602	511145.b2557	346	199
15202753	511145.b3847	345	80
15202144	511145.b3178	342	84
15199916	511145.b0742	340	18
15202078	511145.b3102	340	40
15201098	511145.b2021	337	44
15199677	511145.b0469	337	27
15200607	511145.b1487	337	72
15202167	511145.b3201	336	32
15203050	511145.b4174	335	52
15202335	511145.b3385	333	15
15202628	511145.b3699	331	101
15200083	511145.b0918	330	44
15199930	511145.b0763	327	47
15201907	511145.b2910	327	15
15201340	511145.b2281	324	29
15203328	511145.b4554	323	7
15199473	511145.b0243	322	82
15200351	511145.b1203	322	49
15202178	511145.b3212	321	168
15201616	511145.b2571	320	35
15200475	511145.b1334	320	29
15200851	511145.b1748	320	46
15200261	511145.b1105	319	26
15202491	511145.b3553	319	20
15201765	511145.b2751	318	61
15200934	511145.b1831	316	21
15202367	511145.b3417	315	85
15200164	511145.b1000	315	24
15201654	511145.b2617	314	11
15202919	511145.b4035	312	42
15203039	511145.b4160	312	27
15201986	511145.b3003	311	37
15201776	511145.b2762	309	36
15202658	511145.b3729	307	77
15201557	511145.b2512	307	42
15199688	511145.b0480	307	70
15200770	511145.b1662	306	19
15200819	511145.b1713	306	86
15201897	511145.b2900	305	12
15200449	511145.b1307	305	9
15202697	511145.b3780	305	70
15199324	511145.b0077	304	59
15202820	511145.b3922	303	10
15201930	511145.b2937	301	33
15203164	511145.b4305	301	43
15199411	511145.b0168	301	36
15202446	511145.b3506	300	18
15201363	511145.b2304	300	31
15201277	511145.b2215	299	52
15202787	511145.b3887	299	19
15201295	511145.b2235	299	42
15200711	511145.b1603	298	48
15203123	511145.b4254	297	52
15200488	511145.b1347	297	5
15200822	511145.b1717	296	4
15200075	511145.b0910	296	25
15200653	511145.b1537	296	20
15200990	511145.b1887	296	43
15200826	511145.b1723	295	47
15202193	511145.b3228	295	24
15201578	511145.b2533	293	25
15201843	511145.b2834	293	32
15199967	511145.b0800	293	38
15201919	511145.b2924	293	32
15201178	511145.b2107	291	12
15201214	511145.b2149	291	77
15200731	511145.b1623	291	25
15201471	511145.b2426	290	28
15199885	511145.b0710	290	28
15202894	511145.b4006	289	79
15199422	511145.b0179	288	24
15203304	511145.b4517	287	10
15202694	511145.b3775	287	16
15200257	511145.b1101	286	45
15203023	511145.b4144	286	12
15202218	511145.b3256	285	54
15200720	511145.b1612	285	105
15203180	511145.b4322	285	46
15201233	511145.b2168	284	30
15202376	511145.b3430	284	49
15199356	511145.b0112	281	26
15202605	511145.b3670	279	16
15201014	511145.b1917	278	17
15199858	511145.b0678	278	41
15200347	511145.b1199	278	27
15203232	511145.b4382	275	44
15200652	511145.b1536	275	17
15200745	511145.b1637	275	56
15201802	511145.b2790	273	22
15200694	511145.b1586	273	9
15200921	511145.b1818	273	13
15201312	511145.b2253	273	46
15202596	511145.b3661	272	37
15200551	511145.b1423	271	38
15201294	511145.b2234	271	96
15201466	511145.b2421	269	26
15202338	511145.b3388	269	43
15199968	511145.b0801	268	38
15201911	511145.b2916	268	21
15202764	511145.b3863	268	101
15202351	511145.b3401	267	35
15201992	511145.b3011	265	36
15202063	511145.b3087	265	23
15202576	511145.b3639	263	31
15201379	511145.b2320	263	43
15199664	511145.b0456	262	11
15200097	511145.b0932	262	106
15201236	511145.b2171	261	23
15202121	511145.b3153	261	22
15202240	511145.b3288	259	30
15200970	511145.b1867	258	15
15199340	511145.b0094	258	36
15199601	511145.b0390	257	20
15202856	511145.b3959	254	20
15201898	511145.b2901	254	53
15199728	511145.b0526	253	43
15200284	511145.b1128	253	32
15200335	511145.b1187	253	24
15202239	511145.b3287	250	22
15199926	511145.b0759	249	32
15199823	511145.b0632	246	51
15200584	511145.b1461	246	6
15202725	511145.b3816	246	25
15201064	511145.b1976	245	14
15199550	511145.b0334	243	59
15199730	511145.b0528	242	12
15202536	511145.b3599	239	62
15202829	511145.b3931	239	56
15200239	511145.b1083	237	23
15199859	511145.b0679	236	35
15199265	511145.b0015	236	27
15200470	511145.b1329	236	51
15202156	511145.b3190	235	6
15199952	511145.b0785	234	22
15199279	511145.b0030	234	20
15203129	511145.b4260	233	40
15199603	511145.b0393	233	23
15201638	511145.b2599	231	36
15200415	511145.b1273	230	8
15202398	511145.b3455	230	36
15200377	511145.b1232	229	15
15203104	511145.b4232	223	30
15201476	511145.b2431	223	24
15200999	511145.b1896	222	38
15202339	511145.b3389	221	35
15202085	511145.b3113	220	14
15201115	511145.b2039	220	37
15203213	511145.b4360	219	13
15199842	511145.b0651	219	24
15202548	511145.b3611	218	17
15201890	511145.b2893	217	20
15201569	511145.b2524	216	8
15199400	511145.b0156	214	10
15200727	511145.b1619	214	29
15200190	511145.b1033	213	25
15199915	511145.b0741	213	22
15202893	511145.b4005	212	33
15200979	511145.b1876	210	60
15201946	511145.b2954	210	18
15199420	511145.b0177	210	74
15203246	511145.b4396	209	19
15199444	511145.b0207	207	24
15199924	511145.b0757	207	17
15203033	511145.b4154	207	58
15202908	511145.b4024	206	46
15202549	511145.b3612	206	40
15203317	511145.b4537	205	14
15201939	511145.b2947	204	28
15202630	511145.b3701	204	27
15199414	511145.b0171	203	14
15200532	511145.b1400	203	6
15200365	511145.b1217	202	4
15199759	511145.b0565	201	32
15202857	511145.b3960	200	43
15200612	511145.b1492	200	19
15199432	511145.b0189	199	6
15201931	511145.b2938	199	54
15202374	511145.b3428	198	63
15202765	511145.b3865	197	25
15202882	511145.b3994	196	56
15202415	511145.b3472	196	22
15200754	511145.b1646	195	13
15202166	511145.b3200	195	9
15201836	511145.b2827	195	14
15199803	511145.b0610	194	11
15201495	511145.b2450	193	21
15202822	511145.b3924	191	13
15199800	511145.b0606	191	43
15202393	511145.b3450	190	22
15202854	511145.b3957	189	28
15199456	511145.b0221	189	49
15202929	511145.b4046	189	19
15202118	511145.b3150	188	16
15202530	511145.b3592	188	24
15202951	511145.b4068	187	11
15203225	511145.b4375	185	26
15202015	511145.b3037	185	10
15199661	511145.b0452	184	14
15200369	511145.b1221	184	18
15202390	511145.b3447	184	38
15199349	511145.b0104	184	35
15200895	511145.b1792	183	8
15203044	511145.b4168	182	13
15200251	511145.b1095	182	28
15201100	511145.b2023	181	14
15201039	511145.b1946	181	8
15201362	511145.b2303	180	30
15201378	511145.b2319	177	18
15200828	511145.b1725	177	20
15200935	511145.b1832	177	19
15202340	511145.b3390	176	15
15199583	511145.b0369	176	29
15199548	511145.b0331	176	25
15201021	511145.b1924	175	22
15202830	511145.b3932	175	13
15202612	511145.b3677	174	10
15202821	511145.b3923	174	10
15199766	511145.b0572	172	38
15199367	511145.b0123	172	32
15200226	511145.b1070	170	11
15202466	511145.b3526	170	21
15200096	511145.b0931	169	33
15202141	511145.b3175	169	7
15202905	511145.b4021	169	13
15199940	511145.b0773	169	8
15202114	511145.b3146	168	19
15199549	511145.b0333	167	23
15201827	511145.b2818	166	16
15202233	511145.b3279	166	14
15202938	511145.b4055	166	16
15202545	511145.b3608	165	27
15201766	511145.b2752	163	19
15202749	511145.b3843	163	23
15201560	511145.b2515	162	29
15199595	511145.b0384	161	6
15200036	511145.b0870	161	25
15202243	511145.b3291	160	13
15199572	511145.b0356	158	24
15199897	511145.b0722	158	10
15202350	511145.b3400	158	11
15199622	511145.b0413	157	6
15200325	511145.b1177	156	6
15200243	511145.b1087	155	22
15201539	511145.b2494	155	28
15202467	511145.b3527	155	24
15203242	511145.b4392	153	44
15199625	511145.b0416	153	9
15202715	511145.b3803	152	32
15203132	511145.b4263	152	30
15200867	511145.b1764	150	28
15202920	511145.b4036	149	29
15202155	511145.b3189	149	24
15200135	511145.b0970	148	6
15201894	511145.b2897	148	3
15203083	511145.b4208	148	24
15201347	511145.b2288	147	10
15203040	511145.b4161	146	18
15200550	511145.b1422	146	20
15202075	511145.b3099	146	10
15202924	511145.b4041	145	63
15201544	511145.b2499	144	18
15199849	511145.b0658	144	12
15200273	511145.b1117	144	12
15199913	511145.b0739	142	21
15199630	511145.b0421	142	9
15200416	511145.b1274	141	52
15200428	511145.b1286	141	50
15200212	511145.b1056	140	15
15201292	511145.b2232	139	13
15199442	511145.b0199	139	26
15199631	511145.b0422	139	6
15202810	511145.b3910	139	12
15203002	511145.b4122	138	62
15202406	511145.b3463	138	10
15203088	511145.b4213	138	35
15201952	511145.b2960	137	13
15202926	511145.b4043	137	17
15199946	511145.b0779	136	19
15202368	511145.b3418	136	47
15200048	511145.b0882	136	47
15200784	511145.b1678	135	19
15199599	511145.b0388	134	7
15199472	511145.b0242	133	25
15199573	511145.b0357	133	6
15199768	511145.b0574	132	23
15201248	511145.b2183	132	13
15202014	511145.b3035	131	26
15202480	511145.b3541	131	17
15199692	511145.b0484	130	34
15201516	511145.b2471	130	6
15201252	511145.b2187	130	7
15199633	511145.b0424	129	12
15200952	511145.b1849	128	22
15200793	511145.b1687	128	55
15202383	511145.b3439	128	14
15200179	511145.b1018	127	22
15200202	511145.b1045	127	13
15202788	511145.b3888	126	18
15200215	511145.b1059	125	13
15199802	511145.b0608	125	22
15202659	511145.b3730	124	31
15202897	511145.b4013	124	20
15201358	511145.b2299	123	8
15200567	511145.b1441	122	21
15202941	511145.b4058	122	47
15200200	511145.b1043	121	6
15201388	511145.b2329	120	27
15200827	511145.b1724	120	13
15201102	511145.b2025	120	16
15202384	511145.b3440	119	17
15200073	511145.b0908	119	26
15201634	511145.b2593	119	13
15202468	511145.b3528	119	12
15202567	511145.b3630	119	7
15201792	511145.b2780	118	43
15202885	511145.b3997	118	12
15201612	511145.b2567	118	14
15199626	511145.b0417	117	10
15202032	511145.b3055	117	11
15200871	511145.b1768	117	9
15199300	511145.b0051	115	17
15201087	511145.b2009	115	9
15200405	511145.b1262	114	25
15200657	511145.b1541	114	5
15202209	511145.b3244	113	26
15200424	511145.b1282	113	6
15201204	511145.b2137	113	13
15202479	511145.b3540	112	15
15200110	511145.b0945	112	14
15201635	511145.b2594	112	14
15200265	511145.b1109	112	23
15199857	511145.b0677	112	24
15199819	511145.b0628	111	11
15199773	511145.b0579	111	5
15200238	511145.b1082	110	27
15200832	511145.b1729	110	15
15203134	511145.b4265	110	9
15201018	511145.b1921	110	6
15201025	511145.b1928	107	7
15202378	511145.b3432	106	40
15203247	511145.b4397	106	6
15202677	511145.b3748	106	11
15200466	511145.b1325	106	9
15202313	511145.b3361	106	12
15201399	511145.b2342	105	17
15199864	511145.b0684	105	7
15199281	511145.b0032	105	20
15201344	511145.b2285	105	8
15200030	511145.b0864	105	9
15200328	511145.b1180	104	14
15203161	511145.b4302	102	8
15203245	511145.b4395	102	11
15199993	511145.b0827	102	19
15199689	511145.b0481	101	5
15200554	511145.b1427	101	5
15202903	511145.b4019	100	55
15201234	511145.b2169	99.5	22
15202236	511145.b3282	99.5	13
15199718	511145.b0515	99.3	6
15199855	511145.b0675	97.8	9
15203138	511145.b4269	97.6	11
15203009	511145.b4129	97.4	49
15203154	511145.b4295	95.8	14
15202045	511145.b3068	95.7	8
15199254	511145.b0003	95.0	8
15202950	511145.b4067	93.9	21
15202993	511145.b4113	93.7	6
15200830	511145.b1727	93.7	14
15201117	511145.b2041	93.6	15
15203051	511145.b4175	93.3	15
15201160	511145.b2086	93.0	8
15201621	511145.b2576	92.7	15
15200406	511145.b1263	92.4	16
15199371	511145.b0127	92.2	12
15200908	511145.b1805	91.6	13
15200282	511145.b1126	89.9	16
15201068	511145.b1983	89.9	9
15201609	511145.b2564	89.7	13
15201823	511145.b2811	88.7	7
15202164	511145.b3198	88.6	10
15199368	511145.b0124	88.1	24
15202441	511145.b3500	87.9	20
15199430	511145.b0187	87.8	4
15199617	511145.b0408	87.8	28
15201636	511145.b2595	87.1	12
15201572	511145.b2527	87.0	7
15200964	511145.b1861	86.9	1
15200549	511145.b1421	86.7	26
15200092	511145.b0927	86.5	8
15201343	511145.b2284	85.8	27
15201523	511145.b2478	85.7	9
15203049	511145.b4173	85.2	14
15200112	511145.b0947	84.3	19
15201116	511145.b2040	84.1	9
15201114	511145.b2038	83.5	11
15202360	511145.b3410	83.1	2
15200732	511145.b1624	83.1	11
15201966	511145.b2980	83.1	9
15201072	511145.b1990	82.5	15
15200146	511145.b0982	82.4	13
15202990	511145.b4110	82.3	10
15202553	511145.b3616	82.0	8
15200557	511145.b1430	81.6	8
15199866	511145.b0686	80.5	9
15200067	511145.b0902	79.8	14
15199297	511145.b0048	79.7	3
15202584	511145.b3648	79.3	7
15199278	511145.b0029	78.1	8
15203105	511145.b4233	78.0	11
15200870	511145.b1767	77.7	8
15201703	511145.b2684	77.1	8
15199629	511145.b0420	76.4	18
15201811	511145.b2799	76.3	13
15201147	511145.b2071	76.0	6
15201352	511145.b2293	75.6	5
15203121	511145.b4252	75.6	7
15200841	511145.b1738	74.9	4
15199908	511145.b0734	74.8	6
15201401	511145.b2344	74.7	14
15200949	511145.b1846	74.6	6
15203221	511145.b4371	73.8	15
15200336	511145.b1188	72.8	11
15202235	511145.b3281	72.3	6
15201618	511145.b2573	72.3	5
15200423	511145.b1281	72.0	9
15199316	511145.b0069	71.7	20
15199668	511145.b0460	71.4	1
15201311	511145.b2252	71.2	6
15199331	511145.b0085	70.9	12
15202849	511145.b3952	70.8	32
15201318	511145.b2259	70.7	2
15202544	511145.b3607	70.6	8
15201900	511145.b2903	70.3	22
15201371	511145.b2312	70.3	19
15200327	511145.b1179	70.1	3
15199260	511145.b0009	70.1	7
15199469	511145.b0238	70.0	6
15201714	511145.b2700	69.8	7
15201520	511145.b2475	69.7	11
15200799	511145.b1693	69.2	11
15202714	511145.b3802	68.6	10
15203208	511145.b4355	68.6	30
15201365	511145.b2306	68.5	11
15200610	511145.b1490	67.5	17
15202681	511145.b3752	67.1	6
15203097	511145.b4222	66.3	2
15201019	511145.b1922	66.3	9
15200476	511145.b1335	65.9	24
15201184	511145.b2113	65.3	10
15199917	511145.b0750	65.0	3
15203055	511145.b4179	64.8	20
15202057	511145.b3081	64.5	23
15201199	511145.b2132	64.5	27
15199640	511145.b0431	64.1	10
15201457	511145.b2412	63.9	7
15200467	511145.b1326	63.7	5
15199986	511145.b0820	63.6	11
15199702	511145.b0494	63.4	6
15202635	511145.b3706	63.4	18
15201629	511145.b2584	63.0	22
15199731	511145.b0529	62.9	9
15201545	511145.b2500	62.6	8
15201784	511145.b2770	62.6	10
15199497	511145.b0273	62.4	22
15200880	511145.b1777	61.4	2
15202007	511145.b3028	61.3	5
15199950	511145.b0783	61.0	5
15199620	511145.b0411	60.8	10
15202746	511145.b3838	60.6	6
15199854	511145.b0674	60.5	15
15200275	511145.b1119	60.3	9
15200993	511145.b1890	60.2	9
15202971	511145.b4088	60.1	10
15199738	511145.b0537	59.4	12
15201467	511145.b2422	59.3	11
15202176	511145.b3210	59.0	16
15201359	511145.b2300	58.6	6
15202729	511145.b3820	58.5	4
15202720	511145.b3809	58.4	5
15203081	511145.b4206	58.0	6
15201456	511145.b2411	57.6	15
15199928	511145.b0761	57.1	5
15201314	511145.b2255	57.0	14
15200031	511145.b0865	56.6	5
15199853	511145.b0662	56.5	9
15201360	511145.b2301	55.6	3
15199670	511145.b0462	55.6	23
15200197	511145.b1040	55.5	8
15202887	511145.b3999	55.4	6
15200426	511145.b1284	55.2	6
15202397	511145.b3454	55.2	5
15199653	511145.b0444	55.1	7
15200235	511145.b1079	55.1	4
15201157	511145.b2081	54.8	9
15201546	511145.b2501	54.4	16
15200195	511145.b1038	54.2	3
15202357	511145.b3407	54.0	16
15200635	511145.b1519	53.9	6
15201251	511145.b2186	53.3	9
15200233	511145.b1077	53.1	13
15202796	511145.b3896	53.1	9
15200627	511145.b1511	52.6	9
15200769	511145.b1661	52.2	11
15199558	511145.b0342	51.9	2
15200127	511145.b0962	51.8	14
15202013	511145.b3034	51.7	4
15199775	511145.b0581	51.5	5
15200909	511145.b1806	51.4	5
15200337	511145.b1189	50.3	13
15202382	511145.b3438	50.2	6
15201361	511145.b2302	49.6	4
15201274	511145.b2212	49.6	8
15201029	511145.b1932	49.2	8
15202115	511145.b3147	49.1	10
15203273	511145.b4467	49.0	10
15199568	511145.b0352	49.0	17
15200883	511145.b1780	48.1	6
15202791	511145.b3891	47.8	7
15201232	511145.b2167	47.7	10
15201255	511145.b2193	47.6	4
15203028	511145.b4149	47.2	3
15202907	511145.b4023	46.9	1
15200244	511145.b1088	46.9	4
15200133	511145.b0968	46.7	4
15200079	511145.b0914	46.6	8
15200809	511145.b1703	46.5	4
15200276	511145.b1120	46.4	5
15200885	511145.b1782	45.9	4
15202245	511145.b3293	45.6	6
15199295	511145.b0046	45.5	2
15202221	511145.b3259	45.5	2
15202880	511145.b3992	45.3	5
15200017	511145.b0851	44.9	8
15202019	511145.b3041	44.6	4
15202634	511145.b3705	44.5	9
15200863	511145.b1760	44.2	2
15201000	511145.b1897	44.2	7
15199347	511145.b0102	44.1	8
15201940	511145.b2948	44.0	4
15201324	511145.b2265	44.0	22
15201024	511145.b1927	43.7	10
15199789	511145.b0595	43.2	10
15201571	511145.b2526	43.1	8
15199298	511145.b0049	42.9	4
15202424	511145.b3481	42.1	2
15201110	511145.b2034	41.9	7
15203041	511145.b4162	41.9	2
15201256	511145.b2194	41.8	13
15199403	511145.b0159	41.8	7
15199786	511145.b0592	41.3	5
15201304	511145.b2245	41.2	4
15202153	511145.b3187	40.9	7
15200089	511145.b0924	40.8	35
15200116	511145.b0951	40.7	12
15201032	511145.b1939	40.5	7
15201537	511145.b2492	40.4	1
15202455	511145.b3515	40.3	15
15199627	511145.b0418	40.2	1
15199559	511145.b0343	40.0	9
15201473	511145.b2428	39.9	11
15202086	511145.b3114	39.8	44
15200860	511145.b1757	39.4	10
15200464	511145.b1323	39.3	10
15200973	511145.b1870	39.1	5
15201899	511145.b2902	38.8	5
15203111	511145.b4240	38.6	7
15200414	511145.b1272	38.1	8
15199623	511145.b0414	38.1	6
15202756	511145.b3850	37.6	3
15202494	511145.b3556	37.5	1
15200682	511145.b1570	37.4	1
15201338	511145.b2279	36.3	1
15203238	511145.b4388	36.1	5
15200786	511145.b1680	36.0	11
15199666	511145.b0458	36.0	3
15202769	511145.b3869	35.9	4
15201613	511145.b2568	35.8	4
15199365	511145.b0121	35.7	6
15202300	511145.b3348	35.7	1
15199965	511145.b0798	35.7	6
15200417	511145.b1275	35.6	6
15201632	511145.b2587	35.5	5
15201060	511145.b1971	35.5	11
15201577	511145.b2532	35.3	14
15201038	511145.b1945	35.2	7
15201573	511145.b2528	35.2	2
15199570	511145.b0354	35.0	2
15203191	511145.b4333	34.8	5
15201607	511145.b2562	34.5	3
15201929	511145.b2936	34.4	4
15200647	511145.b1531	34.2	3
15201492	511145.b2447	34.0	4
15203254	511145.b4406	33.8	1
15200942	511145.b1839	33.2	3
15200352	511145.b1204	33.2	4
15202674	511145.b3745	33.0	24
15201700	511145.b2679	32.7	4
15202724	511145.b3813	32.6	11
15202171	511145.b3205	32.4	2
15201349	511145.b2290	32.2	4
15201067	511145.b1982	32.1	7
15202102	511145.b3132	32.1	17
15200441	511145.b1299	31.8	2
15201817	511145.b2805	31.3	7
15199964	511145.b0797	31.1	10
15201806	511145.b2794	31.0	4
15203090	511145.b4215	30.9	5
15200343	511145.b1195	30.8	1
15199303	511145.b0054	30.7	10
15199951	511145.b0784	30.5	2
15200774	511145.b1668	30.4	7
15201155	511145.b2079	30.4	13
15200788	511145.b1682	30.4	5
15203181	511145.b4323	30.3	9
15202785	511145.b3885	30.0	2
15202542	511145.b3605	29.8	9
15201611	511145.b2566	29.7	6
15202653	511145.b3724	29.7	4
15203007	511145.b4127	29.5	1
15200671	511145.b1557	29.3	1
15199697	511145.b0489	29.2	4
15200792	511145.b1686	29.2	2
15201463	511145.b2418	28.7	2
15201707	511145.b2688	28.6	6
15199334	511145.b0088	28.5	6
15202130	511145.b3162	28.4	12
15199338	511145.b0092	28.3	5
15202186	511145.b3221	28.3	3
15202161	511145.b3195	28.3	4
15200357	511145.b1209	28.3	3
15200042	511145.b0876	28.2	12
15199891	511145.b0716	28.0	24
15200716	511145.b1608	27.9	10
15199336	511145.b0090	27.6	5
15202534	511145.b3597	27.6	8
15202030	511145.b3053	27.6	20
15202073	511145.b3097	27.5	1
15201956	511145.b2964	27.5	4
15201384	511145.b2325	27.5	2
15202879	511145.b3991	27.3	4
15202690	511145.b3771	27.1	11
15202011	511145.b3032	27.1	4
15202750	511145.b3844	26.8	4
15199328	511145.b0082	26.6	3
15202342	511145.b3392	26.5	2
15200625	511145.b1507	26.3	8
15202560	511145.b3623	26.1	6
15202090	511145.b3118	26.1	4
15202889	511145.b4001	26.0	2
15200496	511145.b1356	26.0	1
15200552	511145.b1424	25.9	5
15200407	511145.b1264	25.8	6
15202069	511145.b3093	25.7	2
15200014	511145.b0848	25.5	1
15200263	511145.b1107	25.5	8
15201581	511145.b2536	25.1	6
15199832	511145.b0641	24.9	5
15201722	511145.b2708	24.8	12
15200021	511145.b0855	24.8	5
15199793	511145.b0599	24.7	5
15202797	511145.b3897	24.3	12
15199470	511145.b0239	24.3	7
15200242	511145.b1086	24.1	4
15203086	511145.b4211	24.0	4
15202710	511145.b3794	24.0	4
15202860	511145.b3963	23.9	7
15201948	511145.b2956	23.9	4
15202773	511145.b3873	23.8	6
15202138	511145.b3170	23.8	2
15200634	511145.b1518	23.3	1
15200411	511145.b1269	23.3	3
15200706	511145.b1598	23.2	2
15202392	511145.b3449	23.1	5
15200623	511145.b1503	23.1	2
15199939	511145.b0772	23.1	5
15202307	511145.b3355	23.0	3
15202087	511145.b3115	23.0	8
15200447	511145.b1305	23.0	1
15199375	511145.b0131	23.0	2
15201207	511145.b2142	22.9	1
15199945	511145.b0778	22.8	1
15200520	511145.b1388	22.6	5
15202517	511145.b3579	22.5	6
15202985	511145.b4105	22.5	3
15202743	511145.b3834	22.4	1
15201141	511145.b2065	22.3	2
15199257	511145.b0006	22.1	7
15201554	511145.b2509	22.1	9
15200974	511145.b1871	21.9	8
15201764	511145.b2750	21.8	11
15199812	511145.b0619	21.8	3
15201947	511145.b2955	21.5	7
15200904	511145.b1801	21.3	9
15203095	511145.b4220	21.3	12
15201103	511145.b2026	21.3	2
15202405	511145.b3462	21.0	4
15200001	511145.b0835	20.9	6
15199487	511145.b0261	20.7	5
15201517	511145.b2472	20.6	3
15202005	511145.b3026	20.6	15
15202932	511145.b4049	20.5	3
15199712	511145.b0508	20.4	5
15199326	511145.b0080	20.4	5
15201190	511145.b2123	20.3	1
15202884	511145.b3996	20.3	4
15202862	511145.b3965	20.2	4
15201796	511145.b2784	20.1	7
15200160	511145.b0996	20.1	5
15201820	511145.b2808	20.0	4
15200506	511145.b1374	19.9	3
15200254	511145.b1098	19.9	2
15202936	511145.b4053	19.8	2
15200713	511145.b1605	19.7	10
15202707	511145.b3791	19.4	6
15201128	511145.b2052	19.2	4
15202731	511145.b3822	19.1	6
15200660	511145.b1545	19.0	3
15201398	511145.b2341	19.0	6
15201176	511145.b2105	19.0	1
15200699	511145.b1591	19.0	3
15202168	511145.b3202	18.9	3
15202241	511145.b3289	18.9	3
15199425	511145.b0182	18.8	4
15199462	511145.b0227	18.6	4
15202430	511145.b3487	18.6	5
15201105	511145.b2028	18.6	5
15200326	511145.b1178	18.5	2
15200485	511145.b1344	18.5	4
15201183	511145.b2112	18.4	6
15201639	511145.b2600	18.4	6
15202631	511145.b3702	18.4	5
15200114	511145.b0949	18.3	11
15201676	511145.b2644	18.2	2
15200280	511145.b1124	18.1	5
15201640	511145.b2601	18.1	3
15200338	511145.b1190	18.1	4
15201922	511145.b2927	18.1	5
15201513	511145.b2468	18.1	8
15199911	511145.b0737	18.0	1
15202068	511145.b3092	18.0	5
15202668	511145.b3739	17.9	2
15200595	511145.b1475	17.9	12
15200515	511145.b1383	17.8	1
15199311	511145.b0064	17.8	4
15200669	511145.b1555	17.7	1
15200437	511145.b1295	17.7	1
15200204	511145.b1047	17.6	9
15202252	511145.b3300	17.3	2
15202843	511145.b3945	17.3	2
15199357	511145.b0113	17.2	5
15200126	511145.b0961	17.2	1
15202031	511145.b3054	17.2	4
15202678	511145.b3749	17.1	7
15199932	511145.b0765	17.1	6
15202629	511145.b3700	17.0	5
15200777	511145.b1671	17.0	4
15202838	511145.b3940	16.9	8
15199798	511145.b0604	16.9	2
15200270	511145.b1114	16.8	10
15199724	511145.b0522	16.8	2
15199937	511145.b0770	16.7	2
15200324	511145.b1176	16.6	1
15199618	511145.b0409	16.5	2
15199767	511145.b0573	16.4	1
15202099	511145.b3129	16.4	2
15200692	511145.b1584	16.3	1
15200925	511145.b1822	16.2	3
15199927	511145.b0760	16.1	10
15201562	511145.b2517	16.1	3
15200718	511145.b1610	16.1	10
15200857	511145.b1754	16.0	8
15201901	511145.b2904	16.0	1
15201011	511145.b1914	15.8	1
15200510	511145.b1378	15.8	8
15199562	511145.b0346	15.6	1
15199867	511145.b0687	15.5	1
15201538	511145.b2493	15.5	10
15202520	511145.b3582	15.4	2
15201315	511145.b2256	15.3	7
15200730	511145.b1622	15.2	7
15201759	511145.b2745	15.1	3
15202464	511145.b3524	15.1	5
15202285	511145.b3333	15.0	2
15203205	511145.b4352	15.0	8
15200675	511145.b1561	15.0	1
15202949	511145.b4066	14.9	5
15202855	511145.b3958	14.8	4
15200389	511145.b1246	14.7	4
15200310	511145.b1159	14.7	3
15199873	511145.b0695	14.6	10
15201447	511145.b2398	14.6	1
15200234	511145.b1078	14.5	1
15202858	511145.b3961	14.4	2
15202016	511145.b3038	14.4	8
15202806	511145.b3906	14.4	3
15201839	511145.b2830	14.3	2
15200482	511145.b1341	14.2	13
15202297	511145.b3345	14.1	2
15200224	511145.b1068	14.1	2
15199306	511145.b0059	14.0	7
15200509	511145.b1377	14.0	11
15202070	511145.b3094	14.0	2
15201838	511145.b2829	13.9	5
15199492	511145.b0268	13.8	3
15199852	511145.b0661	13.7	2
15202563	511145.b3626	13.6	2
15201698	511145.b2677	13.6	3
15201646	511145.b2607	13.6	3
15202028	511145.b3051	13.6	6
15201480	511145.b2435	13.6	2
15199410	511145.b0167	13.5	10
15201271	511145.b2209	13.4	1
15200959	511145.b1856	13.3	11
15199988	511145.b0822	13.2	14
15202554	511145.b3617	13.1	2
15202774	511145.b3874	13.0	1
15201484	511145.b2439	12.9	1
15201196	511145.b2129	12.9	11
15201732	511145.b2718	12.8	1
15202615	511145.b3680	12.8	2
15201627	511145.b2582	12.6	1
15200810	511145.b1704	12.6	2
15201225	511145.b2160	12.5	3
15200641	511145.b1525	12.5	4
15202065	511145.b3089	12.5	3
15201805	511145.b2793	12.4	1
15201142	511145.b2066	12.4	2
15199678	511145.b0470	12.4	4
15199760	511145.b0566	12.2	2
15203240	511145.b4390	12.2	4
15200569	511145.b1443	12.2	6
15201840	511145.b2831	12.1	4
15202347	511145.b3397	12.1	1
15201173	511145.b2102	12.0	6
15202487	511145.b3549	12.0	1
15201479	511145.b2434	11.9	2
15201874	511145.b2875	11.9	7
15200378	511145.b1233	11.8	2
15202578	511145.b3641	11.8	2
15201689	511145.b2668	11.8	3
15200100	511145.b0935	11.8	5
15200132	511145.b0967	11.8	8
15203016	511145.b4137	11.7	4
15199836	511145.b0645	11.7	2
15201770	511145.b2756	11.7	2
15200219	511145.b1063	11.7	1
15201308	511145.b2249	11.7	4
15200044	511145.b0878	11.5	6
15201853	511145.b2844	11.5	1
15199825	511145.b0634	11.5	1
15199959	511145.b0792	11.5	3
15202470	511145.b3530	11.5	12
15200206	511145.b1049	11.4	4
15199935	511145.b0768	11.4	2
15200419	511145.b1277	11.4	1
15201657	511145.b2620	11.4	1
15199856	511145.b0676	11.3	4
15202975	511145.b4093	11.3	1
15199824	511145.b0633	11.2	1
15200913	511145.b1810	11.2	1
15199997	511145.b0831	11.2	2
15200085	511145.b0920	11.1	7
15202989	511145.b4109	11.1	3
15201847	511145.b2838	11.1	1
15199471	511145.b0241	11.0	10
15199761	511145.b0567	11.0	3
15199511	511145.b0289	11.0	5
15202648	511145.b3719	10.9	2
15202705	511145.b3789	10.9	3
15199479	511145.b0250	10.9	1
15202525	511145.b3587	10.8	1
15201870	511145.b2871	10.8	11
15202551	511145.b3614	10.8	4
15201431	511145.b2379	10.8	3
15202473	511145.b3533	10.8	22
15200923	511145.b1820	10.7	1
15200040	511145.b0874	10.6	6
15200902	511145.b1799	10.6	8
15202716	511145.b3804	10.6	1
15200932	511145.b1829	10.6	1
15199887	511145.b0712	10.6	1
15200268	511145.b1112	10.6	1
15201807	511145.b2795	10.5	3
15201849	511145.b2840	10.4	1
15199753	511145.b0556	10.3	4
15199464	511145.b0231	10.3	3
15200346	511145.b1198	10.3	1
15203214	511145.b4361	10.3	1
15202064	511145.b3088	10.2	6
15200025	511145.b0859	10.1	2
15199480	511145.b0251	10.1	10
15200385	511145.b1242	10.0	2
15201672	511145.b2636	10.0	10
15200420	511145.b1278	10.0	2
15201390	511145.b2331	9.96	1
15201427	511145.b2375	9.96	1
15201902	511145.b2905	9.93	2
15200087	511145.b0922	9.91	3
15202904	511145.b4020	9.88	4
15200573	511145.b1447	9.84	7
15199517	511145.b0295	9.84	1
15201788	511145.b2776	9.83	12
15202197	511145.b3232	9.76	3
15202163	511145.b3197	9.72	1
15202281	511145.b3329	9.71	1
15199696	511145.b0488	9.65	1
15199342	511145.b0096	9.49	6
15199615	511145.b0406	9.44	1
15202979	511145.b4097	9.43	9
15203140	511145.b4273	9.42	6
15199576	511145.b0361	9.42	6
15201077	511145.b1996	9.42	6
15201862	511145.b2860	9.42	6
15200533	511145.b1402	9.42	6
15202023	511145.b3045	9.42	6
15202500	511145.b3562	9.41	1
15199486	511145.b0260	9.37	1
15199804	511145.b0611	9.35	1
15201170	511145.b2099	9.35	2
15202566	511145.b3629	9.33	6
15202009	511145.b3030	9.26	3
15202227	511145.b3265	9.21	14
15200081	511145.b0916	9.17	3
15201999	511145.b3020	9.16	9
15200084	511145.b0919	9.15	2
15200468	511145.b1327	9.14	3
15201350	511145.b2291	9.12	1
15200748	511145.b1640	9.11	1
15200392	511145.b1249	9.1	7
15201965	511145.b2979	9.09	3
15201241	511145.b2176	9.08	4
15203193	511145.b4335	8.96	2
15200859	511145.b1756	8.93	5
15201091	511145.b2013	8.93	2
15201680	511145.b2659	8.82	1
15200007	511145.b0841	8.81	4
15202604	511145.b3669	8.78	1
15200917	511145.b1814	8.78	2
15201400	511145.b2343	8.68	1
15202508	511145.b3570	8.68	2
15200849	511145.b1746	8.66	3
15202423	511145.b3480	8.66	2
15203203	511145.b4350	8.65	3
15199373	511145.b0129	8.65	1
15199343	511145.b0097	8.64	1
15199532	511145.b0314	8.61	8
15201171	511145.b2100	8.61	1
15202039	511145.b3062	8.58	4
15203120	511145.b4251	8.56	4
15200422	511145.b1280	8.51	2
15201599	511145.b2554	8.5	3
15199438	511145.b0195	8.42	2
15200459	511145.b1317	8.4	1
15199888	511145.b0713	8.35	1
15201348	511145.b2289	8.35	1
15199741	511145.b0543	8.31	3
15203202	511145.b4349	8.29	5
15202308	511145.b3356	8.26	1
15201048	511145.b1956	8.23	9
15200645	511145.b1529	8.11	1
15201313	511145.b2254	8.07	1
15199452	511145.b0215	7.98	2
15200995	511145.b1892	7.92	1
15201101	511145.b2024	7.91	2
15199609	511145.b0400	7.84	5
15199685	511145.b0477	7.83	14
15202831	511145.b3933	7.81	1
15200203	511145.b1046	7.79	4
15199972	511145.b0805	7.77	3
15202696	511145.b3779	7.68	2
15201394	511145.b2335	7.63	1
15202799	511145.b3899	7.62	2
15202656	511145.b3727	7.56	1
15202210	511145.b3247	7.53	8
15202277	511145.b3325	7.45	4
15201485	511145.b2440	7.43	1
15201201	511145.b2134	7.42	1
15200956	511145.b1853	7.39	1
15200673	511145.b1559	7.39	1
15201896	511145.b2899	7.39	1
15200436	511145.b1294	7.34	2
15202983	511145.b4101	7.33	2
15200983	511145.b1880	7.32	4
15200919	511145.b1816	7.27	1
15199632	511145.b0423	7.26	2
15202033	511145.b3056	7.26	1
15202832	511145.b3934	7.23	1
15202555	511145.b3618	7.19	4
15200296	511145.b1140	7.19	1
15202095	511145.b3125	7.18	1
15199339	511145.b0093	7.17	1
15200289	511145.b1133	7.14	2
15202730	511145.b3821	7.12	2
15200931	511145.b1828	7.12	2
15200628	511145.b1512	7.09	1
15199506	511145.b0284	7.06	3
15202900	511145.b4016	7.04	2
15202244	511145.b3292	7.03	5
15201383	511145.b2324	7.03	14
15199710	511145.b0506	6.95	1
15202522	511145.b3584	6.92	2
15202541	511145.b3604	6.88	1
15199701	511145.b0493	6.88	1
15202586	511145.b3650	6.85	3
15199391	511145.b0147	6.84	1
15201437	511145.b2385	6.81	2
15203217	511145.b4364	6.81	1
15201288	511145.b2226	6.8	10
15202275	511145.b3323	6.77	1
15201565	511145.b2520	6.75	13
15201818	511145.b2806	6.74	1
15201472	511145.b2427	6.73	2
15199995	511145.b0829	6.72	3
15202185	511145.b3220	6.71	5
15203108	511145.b4237	6.7	1
15203142	511145.b4278	6.69	3
15202048	511145.b3072	6.66	6
15202061	511145.b3085	6.64	1
15199445	511145.b0208	6.54	4
15201370	511145.b2311	6.53	10
15201138	511145.b2062	6.51	5
15200785	511145.b1679	6.51	1
15200668	511145.b1554	6.51	4
15200704	511145.b1596	6.46	4
15202695	511145.b3778	6.43	3
15203266	511145.b4455	6.42	1
15202283	511145.b3331	6.37	7
15200043	511145.b0877	6.33	1
15201278	511145.b2216	6.32	5
15202304	511145.b3352	6.32	4
15200954	511145.b1851	6.32	4
15202579	511145.b3642	6.3	1
15199294	511145.b0045	6.24	1
15200362	511145.b1214	6.2	2
15200658	511145.b1542	6.17	3
15202503	511145.b3565	6.17	6
15202222	511145.b3260	6.12	1
15202867	511145.b3974	6.1	1
15200525	511145.b1393	6.09	1
15202369	511145.b3421	6.05	2
15200988	511145.b1885	6.03	6
15202741	511145.b3832	5.95	10
15201245	511145.b2180	5.91	2
15201830	511145.b2821	5.9	5
15199592	511145.b0381	5.86	1
15202302	511145.b3350	5.86	5
15203286	511145.b4480	5.86	5
15200039	511145.b0873	5.83	4
15199715	511145.b0512	5.82	3
15200366	511145.b1218	5.77	1
15199337	511145.b0091	5.76	5
15203004	511145.b4124	5.72	2
15203130	511145.b4261	5.71	1
15201364	511145.b2305	5.65	1
15199431	511145.b0188	5.63	1
15200408	511145.b1266	5.59	1
15200779	511145.b1673	5.59	3
15202224	511145.b3262	5.58	4
15199956	511145.b0789	5.54	11
15201547	511145.b2502	5.51	2
15201998	511145.b3019	5.49	6
15202043	511145.b3066	5.44	2
15202451	511145.b3511	5.43	1
15202131	511145.b3163	5.42	1
15200530	511145.b1398	5.38	5
15200702	511145.b1594	5.37	2
15202128	511145.b3160	5.36	1
15200293	511145.b1137	5.36	1
15202041	511145.b3064	5.36	1
15202412	511145.b3469	5.34	2
15200008	511145.b0842	5.33	4
15199989	511145.b0823	5.32	3
15203146	511145.b4287	5.31	1
15202865	511145.b3972	5.3	1
15201659	511145.b2623	5.25	4
15203248	511145.b4398	5.23	1
15202598	511145.b3663	5.22	1
15200435	511145.b1293	5.21	4
15200373	511145.b1225	5.19	3
15201125	511145.b2049	5.19	1
15202453	511145.b3513	5.17	2
15199383	511145.b0139	5.16	9
15200604	511145.b1484	5.13	10
15199785	511145.b0591	5.13	2
15202484	511145.b3546	5.11	6
15201720	511145.b2706	5.08	1
15202717	511145.b3805	5.08	1
15203113	511145.b4242	5.08	4
15201824	511145.b2812	5.08	2
15202851	511145.b3954	5.06	1
15201010	511145.b1913	5.02	3
15202274	511145.b3322	5.0	2
15202528	511145.b3590	4.99	2
15200723	511145.b1615	4.98	2
15200960	511145.b1857	4.98	2
15200519	511145.b1387	4.96	3
15202228	511145.b3266	4.95	3
15200590	511145.b1467	4.94	2
15201628	511145.b2583	4.91	5
15202329	511145.b3379	4.85	10
15202496	511145.b3558	4.82	4
15201877	511145.b2878	4.82	6
15202352	511145.b3402	4.8	1
15200516	511145.b1384	4.79	10
15202002	511145.b3023	4.77	1
15200148	511145.b0984	4.76	2
15202886	511145.b3998	4.74	1
15199742	511145.b0544	4.73	5
15202242	511145.b3290	4.73	1
15200480	511145.b1339	4.73	1
15199494	511145.b0270	4.72	9
15201445	511145.b2394	4.72	4
15199776	511145.b0582	4.72	4
15199266	511145.b0016	4.72	4
15201733	511145.b2719	4.69	1
15201290	511145.b2230	4.68	7
15202348	511145.b3398	4.65	2
15201828	511145.b2819	4.62	2
15200897	511145.b1794	4.58	1
15203046	511145.b4170	4.56	1
15200807	511145.b1701	4.55	3
15199782	511145.b0588	4.49	1
15201037	511145.b1944	4.48	2
15200975	511145.b1872	4.44	2
15199418	511145.b0175	4.43	1
15200225	511145.b1069	4.4	2
15200958	511145.b1855	4.38	1
15202532	511145.b3594	4.37	5
15202365	511145.b3415	4.35	1
15202804	511145.b3904	4.34	2
15202208	511145.b3243	4.32	1
15199610	511145.b0401	4.29	1
15199763	511145.b0569	4.29	1
15200057	511145.b0892	4.28	5
15199317	511145.b0070	4.27	1
15202370	511145.b3422	4.26	5
15202429	511145.b3486	4.24	3
15201938	511145.b2946	4.22	1
15202540	511145.b3603	4.2	4
15201139	511145.b2063	4.19	1
15199987	511145.b0821	4.19	1
15202320	511145.b3368	4.17	1
15203043	511145.b4167	4.15	1
15202461	511145.b3521	4.15	10
15199387	511145.b0143	4.14	1
15203058	511145.b4182	4.14	1
15201957	511145.b2965	4.12	1
15201661	511145.b2625	4.11	1
15199557	511145.b0341	4.07	3
15203152	511145.b4293	4.05	1
15201916	511145.b2921	4.05	1
15199308	511145.b0061	4.02	4
15201143	511145.b2067	4.01	3
15201069	511145.b1985	4.0	4
15203186	511145.b4328	3.95	1
15200034	511145.b0868	3.9	4
15199837	511145.b0646	3.88	2
15202469	511145.b3529	3.88	1
15201872	511145.b2873	3.88	4
15199427	511145.b0184	3.87	3
15201337	511145.b2278	3.84	1
15199566	511145.b0350	3.84	6
15199711	511145.b0507	3.84	5
15202823	511145.b3925	3.79	1
15199351	511145.b0107	3.77	1
15201991	511145.b3010	3.77	1
15203063	511145.b4187	3.76	2
15199726	511145.b0524	3.74	1
15201969	511145.b2984	3.7	1
15201996	511145.b3017	3.68	1
15202603	511145.b3668	3.65	9
15202794	511145.b3894	3.64	3
15200137	511145.b0973	3.64	2
15202529	511145.b3591	3.63	2
15199955	511145.b0788	3.6	1
15202970	511145.b4087	3.59	1
15201280	511145.b2218	3.58	4
15202373	511145.b3426	3.58	1
15201825	511145.b2813	3.57	1
15199540	511145.b0323	3.54	1
15200889	511145.b1786	3.53	1
15202160	511145.b3194	3.51	1
15202845	511145.b3947	3.47	6
15200562	511145.b1435	3.42	1
15202510	511145.b3572	3.4	1
15201926	511145.b2933	3.39	1
15201249	511145.b2184	3.39	1
15199805	511145.b0612	3.38	2
15200356	511145.b1208	3.35	1
15203042	511145.b4166	3.33	1
15201674	511145.b2642	3.33	3
15199543	511145.b0326	3.32	1
15202513	511145.b3575	3.3	3
15201374	511145.b2315	3.28	1
15199419	511145.b0176	3.27	1
15200618	511145.b1498	3.25	1
15203163	511145.b4304	3.23	1
15200115	511145.b0950	3.23	5
15200812	511145.b1706	3.19	1
15199783	511145.b0589	3.17	2
15200918	511145.b1815	3.17	2
15199523	511145.b0304	3.17	1
15201181	511145.b2110	3.16	1
15199883	511145.b0708	3.15	3
15203249	511145.b4399	3.12	4
15202991	511145.b4111	3.1	1
15200410	511145.b1268	3.1	2
15202112	511145.b3144	3.1	2
15202456	511145.b3516	3.09	1
15201973	511145.b2988	3.08	1
15199393	511145.b0149	3.08	1
15201238	511145.b2173	3.08	4
15199526	511145.b0307	3.02	1
15200617	511145.b1497	3.01	1
15202651	511145.b3722	2.98	2
15200246	511145.b1090	2.97	1
15201435	511145.b2383	2.97	6
15201151	511145.b2075	2.94	5
15201725	511145.b2711	2.92	2
15201319	511145.b2260	2.91	1
15201424	511145.b2372	2.9	2
15199563	511145.b0347	2.9	1
15202505	511145.b3567	2.9	1
15199999	511145.b0833	2.88	3
15203110	511145.b4239	2.85	6
15199831	511145.b0640	2.84	3
15199488	511145.b0262	2.84	1
15201031	511145.b1938	2.84	1
15201681	511145.b2660	2.83	1
15201113	511145.b2037	2.83	6
15203230	511145.b4380	2.71	3
15203156	511145.b4297	2.71	4
15202591	511145.b3655	2.7	1
15199906	511145.b0732	2.69	1
15199894	511145.b0719	2.68	1
15201848	511145.b2839	2.67	2
15200640	511145.b1524	2.66	1
15201486	511145.b2441	2.63	1
15201883	511145.b2886	2.63	1
15199521	511145.b0301	2.6	1
15199942	511145.b0775	2.57	1
15199394	511145.b0150	2.55	1
15202964	511145.b4081	2.55	7
15202588	511145.b3652	2.54	10
15202684	511145.b3755	2.54	1
15201726	511145.b2712	2.53	4
15200800	511145.b1694	2.51	7
15200145	511145.b0981	2.51	1
15203269	511145.b4463	2.51	1
15202583	511145.b3647	2.5	1
15202113	511145.b3145	2.5	7
15201779	511145.b2765	2.49	1
15200105	511145.b0940	2.44	11
15200637	511145.b1521	2.44	1
15201734	511145.b2720	2.43	1
15201057	511145.b1968	2.42	1
15202575	511145.b3638	2.4	1
15202708	511145.b3792	2.4	2
15203287	511145.b4481	2.38	2
15201841	511145.b2832	2.37	1
15201425	511145.b2373	2.37	3
15200789	511145.b1683	2.35	1
15201723	511145.b2709	2.33	1
15201053	511145.b1961	2.33	1
15200591	511145.b1468	2.29	8
15199309	511145.b0062	2.29	1
15201606	511145.b2561	2.27	4
15201329	511145.b2270	2.27	5
15200753	511145.b1645	2.26	1
15202177	511145.b3211	2.21	1
15202454	511145.b3514	2.2	1
15202997	511145.b4117	2.19	7
15201496	511145.b2451	2.16	1
15201095	511145.b2017	2.13	1
15199529	511145.b0311	2.12	7
15200911	511145.b1808	2.12	1
15199705	511145.b0497	2.11	2
15203109	511145.b4238	2.11	3
15199505	511145.b0283	2.1	2
15202359	511145.b3409	2.08	6
15203017	511145.b4138	2.08	2
15201058	511145.b1969	2.07	1
15201679	511145.b2647	2.06	5
15200484	511145.b1343	2.05	3
15200125	511145.b0960	2.04	3
15202067	511145.b3091	2.04	1
15199333	511145.b0087	2.03	1
15200045	511145.b0879	2.03	4
15199974	511145.b0807	2.0	2
15200517	511145.b1385	1.99	1
15202162	511145.b3196	1.96	1
15200427	511145.b1285	1.94	1
15199577	511145.b0363	1.89	2
15201263	511145.b2201	1.89	2
15202582	511145.b3646	1.89	1
15202381	511145.b3437	1.88	1
15200383	511145.b1238	1.87	1
15202623	511145.b3691	1.86	1
15200837	511145.b1734	1.86	2
15203272	511145.b4466	1.85	4
15201774	511145.b2760	1.8	3
15201591	511145.b2546	1.8	1
15200157	511145.b0993	1.79	3
15202805	511145.b3905	1.78	1
15200178	511145.b1015	1.76	3
15202478	511145.b3539	1.76	3
15199513	511145.b0291	1.75	1
15199769	511145.b0575	1.75	1
15199872	511145.b0694	1.74	1
15201845	511145.b2836	1.73	4
15199841	511145.b0650	1.71	1
15200055	511145.b0890	1.69	5
15201534	511145.b2489	1.69	1
15200703	511145.b1595	1.66	2
15200695	511145.b1587	1.66	1
15201912	511145.b2917	1.64	1
15200540	511145.b1410	1.63	1
15202704	511145.b3788	1.62	1
15201786	511145.b2774	1.6	1
15201322	511145.b2263	1.6	1
15203281	511145.b4475	1.59	2
15202778	511145.b3878	1.58	1
15200537	511145.b1407	1.58	2
15201696	511145.b2675	1.55	1
15201548	511145.b2503	1.53	3
15203278	511145.b4472	1.48	5
15199406	511145.b0162	1.46	4
15200513	511145.b1381	1.46	1
15199537	511145.b0319	1.43	1
15202341	511145.b3391	1.41	5
15199961	511145.b0794	1.39	1
15199878	511145.b0700	1.37	9
15200621	511145.b1501	1.37	5
15203085	511145.b4210	1.36	1
15202562	511145.b3625	1.3	1
15202772	511145.b3872	1.3	1
15200656	511145.b1540	1.29	1
15202202	511145.b3237	1.27	1
15200614	511145.b1494	1.27	1
15201136	511145.b2060	1.27	2
15201515	511145.b2470	1.22	6
15200080	511145.b0915	1.22	1
15203096	511145.b4221	1.21	3
15201416	511145.b2364	1.2	1
15200165	511145.b1001	1.19	1
15202310	511145.b3358	1.19	3
15201262	511145.b2200	1.18	1
15201798	511145.b2786	1.18	1
15202701	511145.b3785	1.16	1
15200986	511145.b1883	1.14	1
15199778	511145.b0584	1.13	1
15201603	511145.b2558	1.13	2
15200277	511145.b1121	1.12	1
15199307	511145.b0060	1.1	1
15201536	511145.b2491	1.09	2
15202471	511145.b3531	1.09	1
15201981	511145.b2996	1.09	1
15201126	511145.b2050	1.06	1
15199527	511145.b0308	1.06	1
15200963	511145.b1860	1.05	1
15199634	511145.b0425	1.03	1
15200161	511145.b0997	1.01	1
15202795	511145.b3895	0.979	1
15200454	511145.b1312	0.96	1
15201745	511145.b2731	0.956	2
15200916	511145.b1813	0.937	1
15199538	511145.b0320	0.916	1
15202191	511145.b3226	0.915	1
15201282	511145.b2220	0.898	1
15202669	511145.b3740	0.886	1
15202211	511145.b3248	0.885	1
15203291	511145.b4485	0.865	1
15202192	511145.b3227	0.859	1
15201089	511145.b2011	0.857	1
15201286	511145.b2224	0.848	1
15201709	511145.b2690	0.845	1
15203267	511145.b4460	0.845	1
15201664	511145.b2628	0.832	1
15199560	511145.b0344	0.827	1
15200059	511145.b0894	0.816	1
15201918	511145.b2923	0.814	1
15201737	511145.b2723	0.814	1
15199809	511145.b0616	0.789	1
15200696	511145.b1588	0.786	1
15201735	511145.b2721	0.741	1
15201729	511145.b2715	0.739	1
15200873	511145.b1770	0.737	1
15200729	511145.b1621	0.731	1
15202916	511145.b4032	0.727	1
15202333	511145.b3383	0.707	1
15201592	511145.b2547	0.702	1
15202570	511145.b3633	0.687	1
15201829	511145.b2820	0.669	3
15200184	511145.b1023	0.651	1
15202531	511145.b3593	0.648	7
15200961	511145.b1858	0.646	1
15201831	511145.b2822	0.631	4
15202425	511145.b3482	0.626	7
15202912	511145.b4028	0.609	1
15201747	511145.b2733	0.607	3
15202097	511145.b3127	0.591	1
15200587	511145.b1464	0.584	1
15201237	511145.b2172	0.577	1
15199734	511145.b0532	0.574	1
15201530	511145.b2485	0.568	1
15200452	511145.b1310	0.565	1
15201809	511145.b2797	0.546	1
15202675	511145.b3746	0.532	1
15203112	511145.b4241	0.526	1
15203168	511145.b4310	0.525	1
15201826	511145.b2817	0.509	1
15200433	511145.b1291	0.507	1
15203047	511145.b4171	0.504	1
15199397	511145.b0153	0.503	1
15201080	511145.b2001	0.493	1
15200761	511145.b1653	0.488	4
15201491	511145.b2446	0.477	1
15203210	511145.b4357	0.47	1
15202279	511145.b3327	0.469	1
15202992	511145.b4112	0.43	1
15202670	511145.b3741	0.428	1
15202613	511145.b3678	0.415	1
15201186	511145.b2118	0.402	1
15201814	511145.b2802	0.379	1
15202718	511145.b3806	0.371	1
15202489	511145.b3551	0.355	1
15201808	511145.b2796	0.35	1
15200370	511145.b1222	0.339	1
15202056	511145.b3080	0.301	1
15200052	511145.b0887	0.296	1
15199330	511145.b0084	0.248	1
15200982	511145.b1879	0.209	1
15201351	511145.b2292	0.191	1
15202762	511145.b3861	0.137	1
15200594	511145.b1474	0.067	1
