#id: 383934891
#name: E.coli - Whole organism, SC (Valgepea,bmc_syst_biol,2010)
#score: 14.91
#weight:  10%
#description: abundance based on Spectral counting, Interaction consistency score: 14.91, Coverage: 69
#organ: WHOLE_ORGANISM
#integrated: false
#coverage: 69
#link: http://www.biomedcentral.com/1752-0509/4/166
#publication_year: 2010
#filename: 511145-Escherichia_coli_SC_biomart_12189_E__2reps.txt
#
#internal_id	string_external_id	abundance	raw_spectral_count
15202259	511145.b3307	11838	226
15203078	511145.b4202	9405	248
15202874	511145.b3986	9085	628
15200926	511145.b1823	8370	507
15202151	511145.b3185	7717	303
15201645	511145.b2606	6791	545
15202042	511145.b3065	6597	123
15202573	511145.b3636	6269	144
15202254	511145.b3302	6165	201
15201250	511145.b2185	6162	378
15202261	511145.b3309	6061	329
15200122	511145.b0957	5966	1287
15202436	511145.b3495	5914	269
15202632	511145.b3703	5751	42
15202133	511145.b3165	5717	106
15201648	511145.b2609	5629	282
15200245	511145.b1089	5623	179
15201167	511145.b2096	5622	538
15200077	511145.b0912	5494	251
15202266	511145.b3314	5490	640
15202248	511145.b3296	5316	604
15202256	511145.b3304	5082	205
15200094	511145.b0929	5006	942
15202250	511145.b3298	4956	390
15202201	511145.b3236	4950	682
15202293	511145.b3341	4925	539
15200783	511145.b1677	4792	270
15201459	511145.b2414	4655	841
15202808	511145.b3908	4512	422
15202267	511145.b3315	4441	255
15202273	511145.b3321	4311	335
15202291	511145.b3339	4259	2438
15202868	511145.b3980	4259	2438
15200292	511145.b1136	4188	1051
15202574	511145.b3637	4147	193
15200382	511145.b1237	4107	299
15202899	511145.b4015	3999	963
15199799	511145.b0605	3896	510
15199412	511145.b0169	3718	591
15200250	511145.b1094	3669	134
15202246	511145.b3294	3656	209
15201460	511145.b2415	3587	136
15199440	511145.b0197	3586	519
15199272	511145.b0023	3579	140
15199981	511145.b0814	3546	325
15201791	511145.b2779	3538	829
15202268	511145.b3316	3524	203
15201166	511145.b2095	3495	657
15201277	511145.b2215	3415	751
15200394	511145.b1251	3372	77
15201462	511145.b2417	3360	298
15200600	511145.b1480	3281	74
15203114	511145.b4243	3278	144
15203079	511145.b4203	3270	412
15199922	511145.b0755	3263	516
15202260	511145.b3308	3169	385
15202257	511145.b3305	3162	397
15201921	511145.b2926	3110	698
15203115	511145.b4244	3078	285
15202817	511145.b3919	3078	345
15202269	511145.b3317	3054	480
15202146	511145.b3180	3025	90
15201165	511145.b2094	3019	261
15200821	511145.b1716	3001	134
15202872	511145.b3984	2907	498
15200602	511145.b1482	2905	207
15202271	511145.b3319	2884	310
15203116	511145.b4245	2821	565
15202008	511145.b3029	2741	104
15203022	511145.b4143	2739	891
15201164	511145.b2093	2703	122
15202255	511145.b3303	2680	332
15202264	511145.b3312	2680	101
15199624	511145.b0415	2680	198
15202738	511145.b3829	2655	1070
15202265	511145.b3313	2650	137
15202292	511145.b3340	2646	1135
15202253	511145.b3301	2632	288
15199649	511145.b0440	2622	171
15201821	511145.b2809	2559	66
15200049	511145.b0884	2555	103
15202693	511145.b3774	2452	849
15202272	511145.b3320	2435	327
15201686	511145.b2665	2430	255
15199816	511145.b0623	2411	153
15203021	511145.b4142	2408	172
15200168	511145.b1004	2404	296
15202403	511145.b3460	2377	371
15202258	511145.b3306	2366	229
15202195	511145.b3230	2353	188
15202873	511145.b3985	2332	222
15202928	511145.b4045	2298	63
15199822	511145.b0631	2274	121
15201563	511145.b2518	2259	188
15200208	511145.b1051	2257	75
15200076	511145.b0911	2245	748
15200553	511145.b1426	2235	53
15203076	511145.b4200	2231	185
15202263	511145.b3311	2205	85
15202196	511145.b3231	2203	179
15202888	511145.b4000	2197	136
15202294	511145.b3342	2195	74
15201596	511145.b2551	2176	382
15203100	511145.b4226	2158	227
15199895	511145.b0720	2103	533
15202666	511145.b3737	2102	71
15201710	511145.b2696	2094	92
15201369	511145.b2310	2082	380
15200818	511145.b1712	2072	135
15202871	511145.b3983	2064	166
15202156	511145.b3190	2041	60
15203251	511145.b4401	2041	270
15199413	511145.b0170	2039	436
15202661	511145.b3732	2022	675
15202262	511145.b3310	2021	154
15201085	511145.b2007	2020	96
15199903	511145.b0729	1980	410
15199362	511145.b0118	1942	1112
15202301	511145.b3349	1938	157
15202074	511145.b3098	1903	100
15200939	511145.b1836	1896	76
15202826	511145.b3928	1892	101
15203258	511145.b4411	1885	46
15200068	511145.b0903	1870	933
15202898	511145.b4014	1842	565
15200882	511145.b1779	1836	369
15202483	511145.b3544	1822	551
15199767	511145.b0573	1819	72
15200749	511145.b1641	1780	124
15202169	511145.b3203	1770	68
15200664	511145.b1550	1768	99
15200545	511145.b1415	1746	608
15202698	511145.b3781	1735	161
15200367	511145.b1219	1733	106
15199902	511145.b0728	1727	559
15199645	511145.b0436	1713	585
15199978	511145.b0811	1710	317
15199546	511145.b0329	1645	96
15200842	511145.b1739	1623	84
15199259	511145.b0008	1617	447
15201920	511145.b2925	1570	291
15202952	511145.b4069	1567	526
15200920	511145.b1817	1562	289
15199801	511145.b0607	1550	148
15202379	511145.b3433	1544	224
15199635	511145.b0426	1542	204
15201909	511145.b2913	1523	297
15202585	511145.b3649	1514	101
15202663	511145.b3734	1510	503
15200118	511145.b0953	1507	52
15200465	511145.b1324	1474	162
15203023	511145.b4144	1471	48
15199358	511145.b0114	1467	753
15202660	511145.b3731	1464	57
15201543	511145.b2498	1463	184
15201842	511145.b2833	1454	31
15202249	511145.b3297	1447	117
15200912	511145.b1809	1443	67
15200430	511145.b1288	1425	222
15201017	511145.b1920	1416	299
15200823	511145.b1718	1405	138
15199264	511145.b0014	1400	562
15200257	511145.b1101	1397	255
15202152	511145.b3186	1395	90
15202247	511145.b3295	1392	375
15200764	511145.b1656	1390	170
15202759	511145.b3858	1389	84
15199759	511145.b0565	1382	359
15201215	511145.b2150	1373	346
15200167	511145.b1003	1354	84
15200054	511145.b0889	1337	173
15200119	511145.b0954	1335	133
15202665	511145.b3736	1332	164
15201706	511145.b2687	1327	186
15199409	511145.b0166	1311	230
15202870	511145.b3982	1310	135
15202449	511145.b3509	1300	101
15202694	511145.b3775	1296	87
15199407	511145.b0163	1295	128
15199616	511145.b0407	1295	69
15203053	511145.b4177	1279	362
15199359	511145.b0115	1275	543
15200322	511145.b1174	1272	104
15199415	511145.b0172	1267	124
15201624	511145.b2579	1263	144
15200782	511145.b1676	1255	397
15200046	511145.b0880	1247	50
15201382	511145.b2323	1244	166
15201106	511145.b2029	1231	373
15199318	511145.b0071	1228	148
15202605	511145.b3670	1221	117
15201461	511145.b2416	1198	390
15199375	511145.b0131	1196	49
15200130	511145.b0965	1161	98
15201954	511145.b2962	1160	107
15201325	511145.b2266	1158	83
15199421	511145.b0178	1142	90
15199899	511145.b0724	1137	237
15200384	511145.b1241	1137	631
15199679	511145.b0471	1132	89
15202353	511145.b3403	1126	380
15201897	511145.b2900	1122	92
15202853	511145.b3956	1119	666
15201651	511145.b2614	1077	114
15200508	511145.b1376	1068	118
15199727	511145.b0525	1067	95
15199644	511145.b0435	1059	74
15199682	511145.b0474	1059	164
15201964	511145.b2977	1057	48
15201279	511145.b2217	1054	100
15200386	511145.b1243	1051	345
15199846	511145.b0655	1048	216
15202132	511145.b3164	1046	413
15200093	511145.b0928	1039	299
15200922	511145.b1819	1037	179
15200323	511145.b1175	1037	165
15200248	511145.b1092	1029	118
15199901	511145.b0727	1029	218
15200259	511145.b1103	1023	69
15200072	511145.b0907	1016	237
15202135	511145.b3167	1015	74
15202918	511145.b4034	1013	311
15201637	511145.b2597	1004	72
15202740	511145.b3831	1004	109
15200762	511145.b1654	997	80
15201525	511145.b2480	988	101
15199370	511145.b0126	980	112
15202812	511145.b3912	973	87
15199602	511145.b0391	965	31
15202664	511145.b3735	964	106
15202834	511145.b3936	960	69
15201574	511145.b2529	955	103
15201521	511145.b2476	954	173
15200032	511145.b0866	953	34
15199255	511145.b0004	952	253
15202355	511145.b3405	948	159
15203226	511145.b4376	945	103
15201690	511145.b2669	941	84
15199319	511145.b0072	940	227
15202920	511145.b4036	934	234
15199360	511145.b0116	932	270
15203026	511145.b4147	928	75
15200841	511145.b1738	925	52
15199662	511145.b0453	925	51
15201576	511145.b2531	923	66
15200249	511145.b1093	920	127
15202662	511145.b3733	915	169
15201693	511145.b2672	912	40
15200558	511145.b1431	912	134
15201910	511145.b2914	910	77
15200363	511145.b1215	905	139
15201470	511145.b2425	903	233
15199828	511145.b0637	894	68
15200886	511145.b1783	888	378
15202450	511145.b3510	888	16
15199457	511145.b0222	888	131
15202836	511145.b3938	879	57
15199378	511145.b0134	879	74
15202198	511145.b3233	876	92
15201928	511145.b2935	873	271
15201156	511145.b2080	872	57
15200415	511145.b1273	869	52
15201218	511145.b2153	864	114
15200710	511145.b1602	853	152
15200004	511145.b0838	852	121
15200953	511145.b1850	847	102
15202739	511145.b3830	845	104
15199646	511145.b0437	843	67
15200095	511145.b0930	841	248
15200133	511145.b0968	831	64
15202136	511145.b3168	830	348
15202194	511145.b3229	827	114
15202680	511145.b3751	826	165
15203101	511145.b4227	826	124
15202685	511145.b3764	824	61
15202820	511145.b3922	816	47
15199864	511145.b0684	816	76
15201633	511145.b2592	814	480
15199321	511145.b0074	813	287
15200418	511145.b1276	811	343
15199915	511145.b0741	809	101
15202270	511145.b3318	808	54
15203124	511145.b4255	802	18
15202314	511145.b3362	800	14
15202526	511145.b3588	798	195
15200743	511145.b1635	796	113
15201654	511145.b2617	795	24
15202309	511145.b3357	793	159
15200447	511145.b1305	790	40
15199898	511145.b0723	790	345
15202158	511145.b3192	787	114
15199428	511145.b0185	786	168
15200355	511145.b1207	786	171
15200934	511145.b1831	786	100
15201353	511145.b2294	785	97
15199940	511145.b0773	777	40
15202699	511145.b3783	767	256
15199949	511145.b0782	762	108
15199437	511145.b0194	761	298
15199620	511145.b0411	760	125
15202546	511145.b3609	760	49
15199320	511145.b0073	755	165
15200773	511145.b1667	755	69
15199377	511145.b0133	754	164
15200808	511145.b1702	754	334
15200711	511145.b1603	751	219
15202606	511145.b3671	751	211
15200287	511145.b1131	750	192
15201575	511145.b2530	749	237
15202839	511145.b3941	749	162
15199389	511145.b0145	743	90
15202856	511145.b3959	743	124
15201368	511145.b2309	740	135
15202921	511145.b4037	736	57
15201020	511145.b1923	736	207
15202364	511145.b3414	732	75
15200218	511145.b1062	731	124
15200220	511145.b1064	729	119
15199455	511145.b0220	728	74
15202299	511145.b3347	728	113
15202334	511145.b3384	724	121
15199253	511145.b0002	720	417
15199468	511145.b0237	716	181
15200279	511145.b1123	715	160
15199985	511145.b0819	715	75
15200365	511145.b1217	708	34
15200403	511145.b1260	705	130
15201598	511145.b2553	702	72
15199725	511145.b0523	702	41
15202719	511145.b3807	700	66
15202497	511145.b3559	696	339
15200286	511145.b1130	695	120
15199542	511145.b0325	694	157
15202139	511145.b3172	685	260
15201508	511145.b2463	684	293
15202147	511145.b3181	682	82
15199772	511145.b0578	680	91
15201178	511145.b2107	676	42
15200425	511145.b1283	674	4
15202814	511145.b3916	667	148
15199951	511145.b0784	666	27
15199325	511145.b0078	660	82
15201951	511145.b2959	658	64
15201974	511145.b2989	655	117
15199677	511145.b0469	654	73
15200969	511145.b1866	654	290
15200474	511145.b1333	651	105
15200015	511145.b0849	650	23
15200655	511145.b1539	648	72
15201291	511145.b2231	647	334
15202909	511145.b4025	646	222
15202003	511145.b3024	641	49
15201917	511145.b2922	640	83
15200985	511145.b1882	632	48
15203231	511145.b4381	630	127
15199792	511145.b0598	629	118
15203243	511145.b4393	628	44
15200082	511145.b0917	628	32
15203089	511145.b4214	621	84
15199730	511145.b0528	618	49
15201185	511145.b2114	617	303
15201553	511145.b2508	612	145
15200026	511145.b0860	610	117
15202044	511145.b3067	608	169
15202014	511145.b3035	606	185
15201777	511145.b2763	605	246
15199979	511145.b0812	603	92
15200719	511145.b1611	599	141
15199863	511145.b0683	598	66
15199631	511145.b0422	597	35
15200327	511145.b1179	597	39
15202137	511145.b3169	596	203
15201963	511145.b2976	596	284
15202934	511145.b4051	595	95
15199834	511145.b0643	594	56
15202492	511145.b3554	592	77
15201056	511145.b1967	588	87
15201510	511145.b2465	587	192
15202446	511145.b3506	583	59
15200514	511145.b1382	580	37
15202642	511145.b3713	578	46
15199625	511145.b0416	575	49
15201375	511145.b2316	569	104
15203234	511145.b4384	566	110
15203304	511145.b4517	565	30
15201934	511145.b2942	565	145
15202556	511145.b3619	565	149
15199900	511145.b0726	564	314
15201340	511145.b2281	562	68
15202771	511145.b3871	561	173
15200446	511145.b1304	560	75
15200029	511145.b0863	560	88
15202214	511145.b3251	557	115
15200712	511145.b1604	556	131
15200957	511145.b1854	556	157
15200058	511145.b0893	552	158
15199681	511145.b0473	548	275
15201079	511145.b2000	547	269
15199833	511145.b0642	544	321
15203039	511145.b4160	541	81
15199896	511145.b0721	541	50
15202340	511145.b3390	541	86
15201522	511145.b2477	540	118
15200404	511145.b1261	537	86
15202897	511145.b4013	537	109
15200031	511145.b0865	536	60
15202179	511145.b3213	535	199
15202415	511145.b3472	532	67
15201993	511145.b3012	531	100
15200632	511145.b1516	531	74
15199275	511145.b0026	530	331
15200746	511145.b1638	530	84
15201401	511145.b2344	529	112
15201449	511145.b2400	529	168
15201356	511145.b2297	529	214
15199803	511145.b0610	529	26
15201566	511145.b2521	527	82
15203097	511145.b4222	527	29
15202424	511145.b3481	526	26
15202537	511145.b3600	525	100
15203082	511145.b4207	522	62
15201509	511145.b2464	522	171
15202223	511145.b3261	521	19
15201713	511145.b2699	520	110
15200633	511145.b1517	520	108
15199282	511145.b0033	519	341
15199976	511145.b0809	519	65
15201118	511145.b2042	518	118
15199420	511145.b0177	517	283
15203241	511145.b4391	516	238
15202547	511145.b3610	515	33
15202883	511145.b3995	514	37
15201552	511145.b2507	514	175
15201163	511145.b2091	513	85
15199648	511145.b0439	511	261
15199369	511145.b0125	509	63
15199341	511145.b0095	508	164
15201115	511145.b2039	507	111
15203246	511145.b4396	502	60
15202942	511145.b4059	502	71
15201176	511145.b2105	500	45
15202157	511145.b3191	499	34
15200062	511145.b0897	498	48
15202439	511145.b3498	498	215
15199344	511145.b0098	498	305
15201362	511145.b2303	497	62
15200381	511145.b1236	492	88
15200868	511145.b1765	492	67
15200164	511145.b1000	491	55
15200750	511145.b1642	490	46
15202308	511145.b3356	489	42
15203065	511145.b4189	488	29
15200475	511145.b1334	487	38
15201766	511145.b2752	486	75
15202124	511145.b3156	485	37
15202764	511145.b3863	484	233
15199700	511145.b0492	483	75
15199509	511145.b0287	480	59
15202491	511145.b3553	480	79
15200128	511145.b0963	477	26
15200824	511145.b1719	477	220
15199668	511145.b0460	477	26
15201440	511145.b2388	476	81
15199280	511145.b0031	475	98
15199302	511145.b0053	474	115
15199860	511145.b0680	473	176
15200192	511145.b1035	472	61
15201906	511145.b2909	471	20
15201174	511145.b2103	471	77
15199914	511145.b0740	469	122
15202742	511145.b3833	469	82
15199573	511145.b0357	466	36
15202950	511145.b4067	466	67
15202144	511145.b3178	466	208
15201025	511145.b1928	465	57
15201096	511145.b2019	464	89
15201236	511145.b2171	464	39
15199643	511145.b0434	463	45
15199921	511145.b0754	461	125
15200247	511145.b1091	461	79
15202548	511145.b3611	459	50
15200781	511145.b1675	458	16
15200377	511145.b1232	457	70
15202498	511145.b3560	457	83
15202770	511145.b3870	455	159
15200566	511145.b1440	455	153
15203106	511145.b4234	453	37
15201005	511145.b1905	451	34
15200816	511145.b1710	451	68
15201711	511145.b2697	450	312
15202288	511145.b3336	447	68
15201636	511145.b2595	447	101
15202671	511145.b3742	447	18
15203127	511145.b4258	447	292
15199622	511145.b0413	447	39
15200536	511145.b1406	446	81
15199934	511145.b0767	445	70
15203162	511145.b4303	445	63
15200820	511145.b1714	445	113
15202987	511145.b4107	444	55
15202396	511145.b3453	444	129
15199600	511145.b0389	443	16
15202300	511145.b3348	443	20
15203048	511145.b4172	442	33
15202020	511145.b3042	441	39
15200134	511145.b0969	439	15
15199885	511145.b0710	439	67
15201703	511145.b2684	437	51
15200950	511145.b1847	437	34
15199867	511145.b0687	436	58
15199650	511145.b0441	435	175
15201895	511145.b2898	434	107
15202167	511145.b3201	434	77
15201016	511145.b1919	433	70
15200369	511145.b1221	433	42
15199916	511145.b0742	432	44
15202894	511145.b4006	430	201
15200843	511145.b1740	430	86
15201208	511145.b2143	427	66
15202785	511145.b3885	424	57
15200053	511145.b0888	423	68
15200935	511145.b1832	420	46
15199400	511145.b0156	420	29
15203091	511145.b4216	419	35
15202536	511145.b3599	418	111
15199952	511145.b0785	417	38
15200930	511145.b1827	417	102
15199254	511145.b0003	416	68
15200828	511145.b1725	416	80
15202752	511145.b3846	415	188
15202627	511145.b3698	415	16
15199597	511145.b0386	414	42
15201523	511145.b2478	414	85
15200881	511145.b1778	413	30
15199281	511145.b0032	412	95
15199403	511145.b0159	411	62
15202951	511145.b4068	411	27
15199414	511145.b0171	409	59
15203233	511145.b4383	409	112
15200020	511145.b0854	409	95
15200967	511145.b1864	408	44
15200335	511145.b1187	408	71
15200883	511145.b1780	406	83
15202218	511145.b3256	406	131
15201638	511145.b2599	405	80
15202937	511145.b4054	399	105
15201027	511145.b1930	398	20
15201612	511145.b2567	398	62
15200885	511145.b1782	394	55
15200790	511145.b1684	394	24
15203051	511145.b4175	393	79
15201429	511145.b2377	393	2
15201097	511145.b2020	393	71
15201778	511145.b2764	393	115
15200264	511145.b1108	389	60
15200755	511145.b1647	389	67
15201887	511145.b2890	389	186
15202076	511145.b3100	388	35
15202199	511145.b3234	388	93
15201168	511145.b2097	388	84
15201540	511145.b2495	386	19
15201104	511145.b2027	386	72
15201901	511145.b2904	385	15
15200194	511145.b1037	385	84
15200819	511145.b1713	385	185
15203028	511145.b4149	384	55
15202494	511145.b3556	384	30
15200634	511145.b1518	383	36
15199859	511145.b0679	382	97
15199411	511145.b0168	382	76
15202824	511145.b3926	380	148
15199469	511145.b0238	380	34
15202530	511145.b3592	380	46
15201992	511145.b3011	379	80
15201632	511145.b2587	378	56
15201816	511145.b2804	376	30
15202827	511145.b3929	376	40
15202658	511145.b3729	376	132
15201776	511145.b2762	374	69
15200243	511145.b1087	374	48
15199432	511145.b0189	373	15
15202908	511145.b4024	372	112
15202753	511145.b3847	367	105
15201559	511145.b2514	367	125
15200428	511145.b1286	366	137
15202216	511145.b3253	363	74
15200654	511145.b1538	363	154
15201911	511145.b2916	362	54
15202940	511145.b4057	361	30
15201561	511145.b2516	360	47
15201047	511145.b1955	360	63
15201292	511145.b2232	359	67
15199424	511145.b0181	359	33
15200722	511145.b1614	359	132
15202298	511145.b3346	359	42
15202336	511145.b3386	359	39
15201573	511145.b2528	357	28
15200731	511145.b1623	357	49
15202315	511145.b3363	357	37
15201989	511145.b3008	356	78
15199855	511145.b0675	356	48
15199647	511145.b0438	356	110
15201649	511145.b2610	355	97
15202880	511145.b3992	355	43
15201064	511145.b1976	355	36
15202628	511145.b3699	355	170
15201200	511145.b2133	354	168
15200542	511145.b1412	353	55
15200005	511145.b0839	353	113
15200097	511145.b0932	353	206
15202580	511145.b3644	352	74
15200766	511145.b1658	351	104
15201400	511145.b2343	351	21
15199993	511145.b0827	351	74
15200037	511145.b0871	350	120
15199297	511145.b0048	350	25
15203014	511145.b4135	350	48
15202118	511145.b3150	350	46
15199967	511145.b0800	348	78
15200952	511145.b1849	348	91
15200990	511145.b1887	348	35
15201578	511145.b2533	347	69
15201175	511145.b2104	347	35
15201100	511145.b2023	345	51
15200955	511145.b1852	345	156
15200357	511145.b1209	344	59
15202549	511145.b3612	342	109
15200599	511145.b1479	342	113
15203094	511145.b4219	341	40
15201389	511145.b2330	341	43
15203328	511145.b4554	340	17
15201352	511145.b2293	340	37
15202398	511145.b3455	339	76
15200727	511145.b1619	338	65
15200770	511145.b1662	337	48
15201682	511145.b2661	336	94
15202761	511145.b3860	336	47
15202619	511145.b3687	336	29
15201346	511145.b2287	336	63
15201570	511145.b2525	335	23
15201345	511145.b2286	335	170
15200273	511145.b1117	335	39
15201318	511145.b2259	334	20
15199692	511145.b0484	332	125
15202175	511145.b3209	331	38
15201116	511145.b2040	330	41
15201907	511145.b2910	330	26
15201099	511145.b2022	329	68
15202193	511145.b3228	329	42
15201198	511145.b2131	329	52
15201939	511145.b2947	328	72
15199449	511145.b0212	328	42
15201294	511145.b2234	328	171
15201101	511145.b2024	327	56
15199405	511145.b0161	326	90
15201363	511145.b2304	326	60
15200347	511145.b1199	325	45
15200352	511145.b1204	325	55
15200830	511145.b1727	325	63
15200075	511145.b0910	325	44
15199765	511145.b0571	325	34
15200166	511145.b1002	323	78
15200402	511145.b1259	322	11
15199593	511145.b0382	322	23
15202217	511145.b3255	321	27
15202401	511145.b3458	321	95
15202397	511145.b3454	321	53
15199689	511145.b0481	321	33
15202821	511145.b3923	320	34
15202787	511145.b3887	320	25
15203041	511145.b4162	320	47
15201159	511145.b2085	319	30
15201141	511145.b2065	319	35
15199832	511145.b0641	318	47
15199444	511145.b0207	317	52
15200450	511145.b1308	317	16
15201355	511145.b2296	316	58
15202296	511145.b3344	315	23
15201792	511145.b2780	314	128
15202252	511145.b3300	314	49
15200353	511145.b1205	313	8
15202620	511145.b3688	313	18
15200544	511145.b1414	312	41
15202544	511145.b3607	312	49
15202295	511145.b3343	312	20
15199849	511145.b0658	311	64
15202243	511145.b3291	311	27
15201112	511145.b2036	311	89
15199950	511145.b0783	310	39
15200721	511145.b1613	309	81
15199912	511145.b0738	309	20
15200921	511145.b1818	309	18
15202407	511145.b3464	308	75
15199671	511145.b0463	308	75
15201614	511145.b2569	308	118
15202032	511145.b3055	306	40
15202829	511145.b3931	306	113
15199996	511145.b0830	305	80
15200989	511145.b1886	305	125
15201008	511145.b1908	305	44
15202926	511145.b4043	305	53
15203326	511145.b4551	305	16
15200933	511145.b1830	304	126
15200179	511145.b1018	304	83
15200991	511145.b1888	304	102
15203054	511145.b4178	303	32
15201098	511145.b2021	303	72
15202375	511145.b3429	302	79
15200890	511145.b1787	302	31
15199398	511145.b0154	301	69
15200864	511145.b1761	301	99
15200096	511145.b0931	301	97
15200570	511145.b1444	301	82
15202596	511145.b3661	301	58
15201087	511145.b2009	300	28
15201516	511145.b2471	299	22
15199731	511145.b0529	299	40
15199800	511145.b0606	298	88
15199628	511145.b0419	297	83
15201757	511145.b2743	297	35
15202311	511145.b3359	297	70
15200017	511145.b0851	296	48
15202637	511145.b3708	296	93
15201347	511145.b2288	295	23
15201946	511145.b2954	295	19
15201823	511145.b2811	295	33
15200788	511145.b1682	294	51
15200400	511145.b1257	294	42
15199277	511145.b0028	293	41
15201359	511145.b2300	293	20
15200190	511145.b1033	293	66
15201556	511145.b2511	293	86
15201502	511145.b2457	292	23
15202142	511145.b3176	292	98
15201931	511145.b2938	292	109
15199394	511145.b0150	292	144
15199866	511145.b0686	292	44
15199257	511145.b0006	292	52
15201929	511145.b2936	291	46
15199851	511145.b0660	291	67
15200999	511145.b1896	291	66
15200895	511145.b1792	290	30
15200092	511145.b0927	290	36
15202584	511145.b3648	290	42
15202171	511145.b3205	290	52
15202857	511145.b3960	289	95
15202881	511145.b3993	289	60
15201321	511145.b2262	289	44
15202170	511145.b3204	289	34
15201558	511145.b2513	289	47
15202007	511145.b3028	288	39
15201094	511145.b2016	288	44
15200030	511145.b0864	288	25
15200223	511145.b1067	288	41
15200720	511145.b1612	288	164
15199641	511145.b0432	287	49
15199868	511145.b0688	287	101
15202729	511145.b3820	287	35
15201905	511145.b2908	286	80
15200423	511145.b1281	286	49
15199823	511145.b0632	286	103
15202690	511145.b3771	285	100
15201466	511145.b2421	284	55
15202577	511145.b3640	284	28
15202406	511145.b3463	284	41
15201894	511145.b2897	283	8
15203333	511145.b4565	283	6
15202633	511145.b3704	283	28
15202657	511145.b3728	283	72
15200678	511145.b1564	283	16
15201577	511145.b2532	282	44
15200832	511145.b1729	282	57
15201002	511145.b1901	282	70
15200411	511145.b1269	281	52
15201647	511145.b2608	281	44
15199865	511145.b0685	280	13
15200261	511145.b1105	280	31
15200809	511145.b1703	280	49
15200244	511145.b1088	279	28
15202413	511145.b3470	279	18
15201888	511145.b2891	279	66
15199324	511145.b0077	279	88
15200942	511145.b1839	278	20
15200409	511145.b1267	278	40
15201618	511145.b2573	277	44
15199439	511145.b0196	277	28
15202840	511145.b3942	276	124
15202338	511145.b3388	275	53
15200799	511145.b1693	275	57
15200288	511145.b1132	275	39
15199688	511145.b0480	275	126
15202993	511145.b4113	274	25
15201943	511145.b2951	274	72
15200793	511145.b1687	272	183
15202233	511145.b3279	272	42
15202765	511145.b3865	272	45
15199858	511145.b0678	272	44
15201765	511145.b2751	271	80
15201476	511145.b2431	271	50
15200401	511145.b1258	271	29
15200909	511145.b1806	271	38
15201657	511145.b2620	270	23
15200745	511145.b1637	270	68
15202869	511145.b3981	269	31
15202015	511145.b3037	269	28
15199945	511145.b0778	269	23
15199599	511145.b0388	267	26
15202653	511145.b3724	267	46
15199666	511145.b0458	266	21
15200073	511145.b0908	265	79
15200852	511145.b1749	264	59
15203121	511145.b4252	264	26
15202745	511145.b3836	264	14
15199349	511145.b0104	264	53
15201365	511145.b2306	263	42
15199968	511145.b0801	263	51
15202924	511145.b4041	263	160
15203123	511145.b4254	263	74
15199661	511145.b0452	262	34
15200557	511145.b1430	262	49
15200328	511145.b1180	260	34
15201988	511145.b3006	260	32
15203050	511145.b4174	260	74
15200867	511145.b1764	259	66
15199548	511145.b0331	259	43
15199926	511145.b0759	259	54
15199603	511145.b0393	259	46
15201342	511145.b2283	258	143
15199652	511145.b0443	258	17
15200212	511145.b1056	258	41
15200345	511145.b1197	257	88
15200083	511145.b0918	256	46
15199553	511145.b0337	256	57
15199456	511145.b0221	256	119
15199601	511145.b0390	256	19
15203044	511145.b4168	256	25
15201463	511145.b2418	255	45
15202251	511145.b3299	252	2
15200584	511145.b1461	251	8
15202149	511145.b3183	250	44
15201984	511145.b3001	250	61
15200202	511145.b1045	250	29
15200283	511145.b1127	249	68
15202046	511145.b3070	249	31
15202879	511145.b3991	249	44
15200351	511145.b1203	248	73
15200826	511145.b1723	248	52
15202697	511145.b3780	248	84
15201072	511145.b1990	248	49
15201248	511145.b2183	247	32
15201090	511145.b2012	247	4
15199710	511145.b0506	247	39
15199754	511145.b0557	247	13
15199728	511145.b0526	246	79
15200110	511145.b0945	246	72
15201557	511145.b2512	245	55
15199633	511145.b0424	245	24
15202822	511145.b3924	244	31
15200048	511145.b0882	243	119
15201544	511145.b2499	243	46
15202626	511145.b3697	243	49
15203018	511145.b4139	242	66
15201919	511145.b2924	242	40
15200792	511145.b1686	242	18
15199897	511145.b0722	242	15
15199347	511145.b0102	241	50
15200251	511145.b1095	241	40
15200399	511145.b1256	240	22
15201046	511145.b1953	239	12
15202063	511145.b3087	239	33
15202860	511145.b3963	239	34
15202545	511145.b3608	238	48
15199328	511145.b0082	237	45
15200970	511145.b1867	236	23
15203006	511145.b4126	235	24
15202838	511145.b3940	234	122
15201184	511145.b2113	233	42
15200417	511145.b1275	233	55
15201545	511145.b2500	233	38
15199303	511145.b0054	233	147
15201568	511145.b2523	233	82
15202766	511145.b3866	232	27
15200396	511145.b1253	231	23
15202539	511145.b3602	231	18
15199911	511145.b0737	231	28
15199461	511145.b0226	230	12
15200578	511145.b1452	230	63
15199371	511145.b0127	230	52
15202714	511145.b3802	230	58
15200979	511145.b1876	230	105
15200276	511145.b1120	229	42
15199260	511145.b0009	229	27
15199274	511145.b0025	229	46
15202830	511145.b3932	229	22
15202166	511145.b3200	228	20
15201950	511145.b2958	228	37
15201760	511145.b2746	227	21
15202367	511145.b3417	227	136
15199337	511145.b0091	226	64
15203107	511145.b4235	225	86
15199570	511145.b0354	224	19
15199604	511145.b0394	223	38
15201613	511145.b2568	223	42
15201986	511145.b3003	223	38
15201067	511145.b1982	223	65
15199365	511145.b0121	223	31
15200835	511145.b1732	222	109
15200657	511145.b1541	222	12
15202919	511145.b4035	221	52
15203245	511145.b4395	220	39
15202376	511145.b3430	220	69
15200575	511145.b1449	220	44
15202045	511145.b3068	220	27
15199928	511145.b0761	220	29
15202723	511145.b3812	220	33
15203129	511145.b4260	219	68
15203104	511145.b4232	219	43
15199315	511145.b0068	219	51
15200546	511145.b1418	218	9
15202029	511145.b3052	218	78
15200348	511145.b1200	217	44
15201621	511145.b2576	216	67
15200219	511145.b1063	216	25
15200217	511145.b1061	216	14
15202457	511145.b3517	216	139
15202479	511145.b3540	214	39
15201569	511145.b2524	214	10
15202859	511145.b3962	214	69
15200088	511145.b0923	213	29
15203244	511145.b4394	213	23
15200851	511145.b1748	213	54
15202347	511145.b3397	213	33
15201843	511145.b2834	213	41
15200682	511145.b1570	212	16
15201251	511145.b2186	212	58
15201117	511145.b2041	212	57
15201103	511145.b2026	211	25
15202482	511145.b3543	211	29
15202750	511145.b3844	211	41
15202240	511145.b3288	210	42
15199930	511145.b0763	210	53
15200613	511145.b1493	210	134
15202239	511145.b3287	210	25
15199265	511145.b0015	209	50
15203031	511145.b4152	209	18
15202751	511145.b3845	208	53
15202875	511145.b3987	208	189
15203049	511145.b4173	208	60
15202236	511145.b3282	208	34
15202350	511145.b3400	207	10
15200716	511145.b1608	207	38
15200759	511145.b1651	207	21
15200326	511145.b1178	207	19
15200121	511145.b0956	207	18
15202854	511145.b3957	206	53
15203132	511145.b4263	206	75
15203083	511145.b4208	206	30
15202480	511145.b3541	206	49
15202357	511145.b3407	206	112
15203254	511145.b4406	205	10
15201890	511145.b2893	205	38
15201102	511145.b2025	205	45
15202720	511145.b3809	205	22
15202078	511145.b3102	204	50
15201973	511145.b2988	203	87
15202115	511145.b3147	203	84
15201952	511145.b2960	203	27
15200512	511145.b1380	203	35
15202905	511145.b4021	202	26
15201403	511145.b2346	202	30
15200574	511145.b1448	201	18
15202392	511145.b3449	201	37
15202339	511145.b3389	201	49
15201379	511145.b2320	200	63
15200191	511145.b1034	200	33
15200056	511145.b0891	200	37
15201836	511145.b2827	200	27
15199423	511145.b0180	199	24
15202893	511145.b4005	199	58
15199472	511145.b0242	199	53
15200405	511145.b1262	198	73
15203317	511145.b4537	197	15
15202667	511145.b3738	197	9
15201338	511145.b2279	197	6
15202988	511145.b4108	196	10
15201689	511145.b2668	196	18
15202374	511145.b3428	195	93
15201458	511145.b2413	195	13
15202202	511145.b3237	194	11
15201802	511145.b2790	194	17
15202441	511145.b3500	194	54
15200550	511145.b1422	194	43
15201616	511145.b2571	194	36
15202235	511145.b3281	193	27
15200067	511145.b0902	193	41
15203086	511145.b4211	193	31
15201714	511145.b2700	193	24
15199843	511145.b0652	193	15
15200426	511145.b1284	193	40
15201358	511145.b2299	192	16
15200215	511145.b1059	192	49
15202788	511145.b3888	191	42
15201378	511145.b2319	191	35
15201457	511145.b2412	191	21
15201255	511145.b2193	191	33
15199326	511145.b0080	191	37
15201804	511145.b2792	190	16
15201940	511145.b2948	190	27
15201524	511145.b2479	189	20
15202141	511145.b3175	189	11
15202858	511145.b3961	189	38
15199768	511145.b0574	189	53
15203345	511145.b4595	188	4
15200551	511145.b1423	188	66
15201014	511145.b1917	187	23
15202659	511145.b3730	186	50
15202756	511145.b3850	186	27
15201779	511145.b2765	186	16
15200932	511145.b1829	186	26
15202013	511145.b3034	186	23
15199924	511145.b0757	186	28
15201295	511145.b2235	185	48
15200791	511145.b1685	185	11
15200973	511145.b1870	184	36
15199364	511145.b0120	183	35
15199819	511145.b0628	183	41
15199886	511145.b0711	183	13
15202810	511145.b3910	182	29
15200671	511145.b1557	181	16
15201930	511145.b2937	181	26
15202876	511145.b3988	181	178
15201639	511145.b2600	181	47
15201039	511145.b1946	181	6
15201371	511145.b2312	181	61
15201360	511145.b2301	181	26
15201756	511145.b2742	180	33
15200416	511145.b1274	180	116
15199366	511145.b0122	180	16
15202010	511145.b3031	179	9
15199550	511145.b0334	179	55
15199473	511145.b0243	178	67
15201407	511145.b2351	178	25
15200205	511145.b1048	178	61
15201518	511145.b2473	177	21
15199907	511145.b0733	177	44
15200984	511145.b1881	177	25
15199939	511145.b0772	176	42
15201827	511145.b2818	176	55
15202476	511145.b3537	176	3
15201326	511145.b2267	175	16
15200822	511145.b1717	175	4
15201546	511145.b2501	175	100
15201110	511145.b2034	175	49
15201560	511145.b2515	174	57
15200470	511145.b1329	173	60
15201155	511145.b2079	173	40
15201361	511145.b2302	173	19
15202163	511145.b3197	172	32
15202466	511145.b3526	171	33
15201571	511145.b2526	171	72
15200324	511145.b1176	171	30
15201467	511145.b2422	171	35
15202758	511145.b3857	171	22
15202306	511145.b3354	170	8
15199854	511145.b0674	170	70
15201068	511145.b1983	169	22
15199562	511145.b0346	169	36
15199923	511145.b0756	169	36
15202145	511145.b3179	169	21
15202635	511145.b3706	169	60
15199617	511145.b0408	169	81
15203056	511145.b4180	168	25
15200945	511145.b1842	168	11
15202307	511145.b3355	168	21
15202131	511145.b3163	167	29
15200413	511145.b1271	166	33
15203016	511145.b4137	166	7
15202121	511145.b3153	166	18
15200949	511145.b1846	166	20
15202725	511145.b3816	166	36
15201015	511145.b1918	165	24
15200747	511145.b1639	165	16
15202938	511145.b4055	165	20
15201629	511145.b2584	164	78
15202351	511145.b3401	164	32
15201707	511145.b2688	164	49
15200598	511145.b1478	164	35
15202313	511145.b3361	164	29
15201807	511145.b2795	164	58
15201142	511145.b2066	163	32
15201635	511145.b2594	163	34
15200978	511145.b1875	163	24
15200993	511145.b1890	163	18
15201004	511145.b1904	162	9
15199629	511145.b0420	162	56
15199983	511145.b0817	162	20
15200036	511145.b0870	162	43
15201898	511145.b2901	161	63
15199986	511145.b0820	161	63
15202504	511145.b3566	161	33
15202335	511145.b3385	160	20
15200117	511145.b0952	160	16
15202031	511145.b3054	160	46
15201471	511145.b2426	160	31
15202815	511145.b3917	160	39
15202749	511145.b3843	160	46
15202153	511145.b3187	160	28
15202528	511145.b3590	159	73
15203128	511145.b4259	159	16
15200692	511145.b1584	158	24
15200154	511145.b0990	157	18
15203131	511145.b4262	156	26
15200126	511145.b0961	156	9
15200421	511145.b1279	155	3
15202510	511145.b3572	155	46
15200677	511145.b1563	155	10
15202114	511145.b3146	155	30
15203305	511145.b4518	155	5
15201246	511145.b2181	155	17
15201214	511145.b2149	155	76
15202716	511145.b3804	155	24
15199348	511145.b0103	155	14
15200511	511145.b1379	154	14
15199279	511145.b0030	153	21
15199653	511145.b0444	153	26
15202143	511145.b3177	153	35
15200388	511145.b1245	153	11
15202035	511145.b3058	152	15
15201421	511145.b2369	152	26
15199619	511145.b0410	152	8
15201838	511145.b2829	152	74
15203088	511145.b4213	151	69
15199664	511145.b0456	151	13
15199766	511145.b0572	151	52
15203032	511145.b4153	151	27
15203225	511145.b4375	151	50
15201805	511145.b2793	151	12
15203232	511145.b4382	151	54
15201630	511145.b2585	151	55
15203164	511145.b4305	151	32
15199306	511145.b0059	150	96
15199338	511145.b0092	150	33
15202882	511145.b3994	150	71
15201349	511145.b2290	150	33
15200419	511145.b1277	149	22
15200908	511145.b1805	148	44
15199572	511145.b0356	148	26
15202743	511145.b3834	148	17
15200263	511145.b1107	148	34
15202430	511145.b3487	147	45
15202922	511145.b4039	147	17
15202925	511145.b4042	147	13
15202164	511145.b3198	147	17
15201987	511145.b3005	147	14
15201477	511145.b2432	147	17
15202128	511145.b3160	147	24
15203205	511145.b4352	147	32
15201837	511145.b2828	146	20
15203180	511145.b4322	146	43
15200412	511145.b1270	146	17
15200222	511145.b1066	145	23
15203222	511145.b4372	145	13
15202715	511145.b3803	145	43
15202065	511145.b3089	145	32
15202929	511145.b4046	144	17
15200440	511145.b1298	144	15
15202634	511145.b3705	144	36
15201572	511145.b2527	143	19
15199908	511145.b0734	143	14
15200407	511145.b1264	143	56
15202748	511145.b3842	143	11
15201626	511145.b2581	143	29
15202542	511145.b3605	142	48
15199887	511145.b0712	142	26
15202947	511145.b4064	142	13
15203009	511145.b4129	141	89
15202405	511145.b3462	140	33
15202863	511145.b3966	140	53
15202047	511145.b3071	140	24
15200496	511145.b1356	140	8
15199842	511145.b0651	139	23
15202670	511145.b3741	139	50
15202155	511145.b3189	138	50
15200414	511145.b1272	138	35
15201114	511145.b2038	137	20
15199342	511145.b0096	137	28
15202630	511145.b3701	137	27
15203242	511145.b4392	137	76
15201966	511145.b2980	137	26
15201820	511145.b2808	137	26
15202746	511145.b3838	137	21
15199630	511145.b0421	137	14
15200612	511145.b1492	137	22
15202451	511145.b3511	137	9
15201278	511145.b2216	136	74
15201311	511145.b2252	136	17
15201387	511145.b2328	136	20
15201222	511145.b2157	136	21
15202721	511145.b3810	135	20
15203055	511145.b4179	134	87
15200748	511145.b1640	134	16
15201683	511145.b2662	134	40
15203033	511145.b4154	134	67
15202975	511145.b4093	134	13
15203118	511145.b4248	134	8
15199363	511145.b0119	133	13
15203208	511145.b4355	133	55
15201945	511145.b2953	133	9
15201602	511145.b2557	133	109
15200635	511145.b1519	133	27
15202562	511145.b3625	133	19
15202368	511145.b3418	133	81
15200390	511145.b1247	132	37
15203081	511145.b4206	132	16
15202681	511145.b3752	132	17
15199640	511145.b0431	132	20
15199659	511145.b0450	132	17
15201755	511145.b2741	132	38
15200834	511145.b1731	132	8
15199454	511145.b0219	131	22
15203331	511145.b4558	131	5
15199443	511145.b0200	131	18
15200197	511145.b1040	131	29
15199523	511145.b0304	131	38
15203125	511145.b4256	131	13
15202571	511145.b3634	131	20
15200242	511145.b1086	131	32
15201634	511145.b2593	131	21
15202081	511145.b3105	131	27
15202412	511145.b3469	131	45
15202784	511145.b3884	130	26
15200284	511145.b1128	130	22
15199853	511145.b0662	130	25
15200532	511145.b1400	130	11
15202464	511145.b3524	129	60
15201312	511145.b2253	129	30
15202178	511145.b3212	129	136
15199331	511145.b0085	129	37
15202887	511145.b3999	129	26
15203070	511145.b4194	129	10
15199693	511145.b0485	128	9
15199441	511145.b0198	128	12
15202211	511145.b3248	128	18
15200239	511145.b1083	128	24
15201495	511145.b2450	128	23
15200437	511145.b1295	128	9
15200977	511145.b1874	128	24
15200549	511145.b1421	128	60
15201398	511145.b2341	127	62
15201348	511145.b2289	127	23
15202669	511145.b3740	127	26
15201384	511145.b2325	127	10
15199988	511145.b0822	127	23
15202490	511145.b3552	126	14
15202050	511145.b3074	126	8
15201219	511145.b2154	125	15
15201806	511145.b2794	125	27
15199357	511145.b0113	125	13
15203138	511145.b4269	125	25
15199299	511145.b0050	124	10
15201390	511145.b2331	124	13
15202730	511145.b3821	124	31
15202735	511145.b3826	124	17
15200785	511145.b1679	124	16
15203253	511145.b4403	124	23
15202837	511145.b3939	123	25
15201655	511145.b2618	123	10
15200464	511145.b1323	123	49
15200280	511145.b1124	123	7
15199430	511145.b0187	123	8
15201997	511145.b3018	122	19
15199933	511145.b0766	122	17
15200340	511145.b1192	122	26
15202168	511145.b3202	122	34
15202209	511145.b3244	122	31
15199356	511145.b0112	122	15
15201204	511145.b2137	122	18
15200290	511145.b1134	122	15
15200958	511145.b1855	121	19
15202016	511145.b3038	121	32
15201688	511145.b2667	121	8
15199340	511145.b0094	120	29
15201709	511145.b2690	120	12
15202884	511145.b3996	120	27
15200607	511145.b1487	120	35
15201399	511145.b2342	120	34
15202138	511145.b3170	120	14
15199300	511145.b0051	120	16
15201018	511145.b1921	119	14
15201611	511145.b2566	119	26
15199827	511145.b0636	119	16
15199724	511145.b0522	119	27
15201796	511145.b2784	119	68
15201520	511145.b2475	118	21
15199422	511145.b0179	118	22
15200342	511145.b1194	118	22
15201252	511145.b2187	118	6
15202791	511145.b3891	118	29
15200910	511145.b1807	117	16
15201367	511145.b2308	117	14
15200964	511145.b1861	117	8
15203285	511145.b4479	117	17
15201941	511145.b2949	117	12
15199946	511145.b0779	116	50
15201271	511145.b2209	116	17
15203092	511145.b4217	116	4
15200227	511145.b1071	116	9
15201944	511145.b2952	116	12
15200289	511145.b1133	115	15
15199804	511145.b0611	115	23
15200627	511145.b1511	115	37
15200270	511145.b1114	115	92
15200784	511145.b1678	114	22
15201627	511145.b2582	114	15
15202221	511145.b3259	114	13
15200336	511145.b1188	114	30
15201343	511145.b2284	114	42
15200531	511145.b1399	114	18
15201646	511145.b2607	114	21
15199435	511145.b0192	113	21
15202384	511145.b3440	112	27
15202939	511145.b4056	112	8
15199994	511145.b0828	112	27
15200732	511145.b1624	111	20
15200585	511145.b1462	111	15
15201902	511145.b2905	111	32
15200265	511145.b1109	111	39
15202057	511145.b3081	111	47
15202886	511145.b3998	111	21
15200699	511145.b1591	110	14
15202903	511145.b4019	110	91
15200113	511145.b0948	110	53
15201095	511145.b2017	110	6
15200509	511145.b1377	110	96
15201625	511145.b2580	109	28
15201157	511145.b2081	109	29
15200466	511145.b1325	109	17
15199387	511145.b0143	109	41
15201731	511145.b2717	109	9
15199910	511145.b0736	109	16
15200510	511145.b1378	108	74
15203355	511145.b4622	108	2
15202030	511145.b3053	108	62
15201608	511145.b2563	108	13
15202468	511145.b3528	107	20
15200916	511145.b1813	107	12
15199332	511145.b0086	107	25
15203221	511145.b4371	107	23
15203154	511145.b4295	107	24
15200701	511145.b1593	107	10
15202204	511145.b3239	107	8
15199852	511145.b0661	106	40
15202941	511145.b4058	106	73
15202440	511145.b3499	106	27
15201539	511145.b2494	106	29
15201759	511145.b2745	106	30
15202604	511145.b3669	105	13
15201341	511145.b2282	105	21
15200694	511145.b1586	105	5
15201109	511145.b2033	105	13
15202297	511145.b3345	105	5
15202073	511145.b3097	105	5
15200383	511145.b1238	105	22
15203247	511145.b4397	105	9
15202553	511145.b3616	105	21
15199888	511145.b0713	105	10
15202867	511145.b3974	104	27
15202689	511145.b3770	104	21
15201456	511145.b2411	104	54
15199697	511145.b0489	103	26
15201847	511145.b2838	103	23
15200391	511145.b1248	103	2
15202768	511145.b3868	103	36
15200944	511145.b1841	103	7
15201617	511145.b2572	103	12
15202377	511145.b3431	103	38
15200871	511145.b1768	103	14
15202117	511145.b3149	102	10
15199608	511145.b0399	102	14
15200653	511145.b1537	102	12
15200337	511145.b1189	102	31
15199618	511145.b0409	101	15
15201433	511145.b2381	101	18
15202019	511145.b3041	101	20
15200132	511145.b0967	100	31
15201431	511145.b2379	100	29
15201314	511145.b2255	100	44
15199927	511145.b0760	100	35
15201344	511145.b2285	100	11
15202907	511145.b4023	99.7	4
15202382	511145.b3438	99.1	30
15203105	511145.b4233	99.1	26
15202402	511145.b3459	98.9	12
15202103	511145.b3133	98.7	9
15203316	511145.b4536	98.5	8
15201397	511145.b2340	97.8	7
15199845	511145.b0654	97.5	14
15201000	511145.b1897	97.3	22
15200567	511145.b1441	97.2	24
15199626	511145.b0417	97.1	15
15202176	511145.b3210	96.7	46
15199353	511145.b0109	96.6	26
15200254	511145.b1098	96.6	21
15200998	511145.b1895	96.3	12
15199691	511145.b0483	96.3	8
15199991	511145.b0825	96.1	13
15199497	511145.b0273	95.9	42
15199496	511145.b0272	95.9	22
15201160	511145.b2086	95.7	15
15200260	511145.b1104	95.5	9
15200224	511145.b1068	95.4	15
15202885	511145.b3997	95.4	22
15201019	511145.b1922	95.3	22
15200849	511145.b1746	95.1	20
15199442	511145.b0199	95.0	23
15202242	511145.b3290	94.9	22
15202120	511145.b3152	94.5	15
15199789	511145.b0595	94.4	20
15199824	511145.b0633	94.3	17
15199856	511145.b0676	94.3	35
15199336	511145.b0090	94.2	26
15200652	511145.b1536	93.9	9
15201313	511145.b2254	93.7	17
15199393	511145.b0149	93.5	54
15202041	511145.b3064	93.4	23
15202673	511145.b3744	93.4	20
15201374	511145.b2315	93.1	28
15201350	511145.b2291	93.0	12
15200389	511145.b1246	92.8	21
15199773	511145.b0579	92.8	7
15200325	511145.b1177	92.6	2
15202852	511145.b3955	92.6	34
15202383	511145.b3439	92.5	16
15201789	511145.b2777	92.4	15
15200406	511145.b1263	92.3	23
15200870	511145.b1767	92.1	13
15201818	511145.b2806	91.9	26
15200424	511145.b1282	91.6	6
15202823	511145.b3925	91.6	24
15201853	511145.b2844	91.5	26
15201037	511145.b1944	91.5	12
15199445	511145.b0208	91.4	34
15201811	511145.b2799	91.4	21
15200200	511145.b1043	91.2	6
15202591	511145.b3655	90.9	34
15199595	511145.b0384	90.4	9
15202049	511145.b3073	90.2	33
15199698	511145.b0490	90.1	16
15199367	511145.b0123	90.0	26
15199632	511145.b0423	89.7	30
15199549	511145.b0333	89.7	23
15202586	511145.b3650	89.5	41
15200112	511145.b0947	89.2	23
15202467	511145.b3527	89.0	31
15202378	511145.b3432	88.8	52
15200771	511145.b1663	88.4	9
15200282	511145.b1126	88.2	30
15202159	511145.b3193	88.2	13
15203007	511145.b4127	88.0	3
15199786	511145.b0592	88.0	12
15201903	511145.b2906	87.9	22
15201985	511145.b3002	87.8	9
15201938	511145.b2946	87.7	16
15199446	511145.b0209	87.7	11
15200810	511145.b1704	87.5	23
15199769	511145.b0575	87.3	58
15202102	511145.b3132	87.2	61
15200398	511145.b1255	87.1	7
15202618	511145.b3686	86.8	7
15202691	511145.b3772	86.7	40
15202675	511145.b3746	86.6	31
15199334	511145.b0088	86.4	19
15199798	511145.b0604	86.2	21
15199355	511145.b0111	86.2	19
15202971	511145.b4088	86.2	17
15200267	511145.b1111	86.0	10
15202710	511145.b3794	85.7	19
15201562	511145.b2517	85.7	27
15200610	511145.b1490	85.2	34
15199977	511145.b0810	85.2	22
15203202	511145.b4349	85.0	39
15202026	511145.b3049	84.5	6
15201444	511145.b2393	84.2	16
15202578	511145.b3641	83.9	13
15200356	511145.b1208	83.9	15
15202070	511145.b3094	83.8	16
15199410	511145.b0167	83.7	62
15201722	511145.b2708	83.6	28
15201240	511145.b2175	82.9	8
15201864	511145.b2865	82.7	19
15202304	511145.b3352	82.6	41
15201209	511145.b2144	82.4	12
15202191	511145.b3226	82.3	16
15200786	511145.b1680	82.2	21
15199592	511145.b0381	82.0	22
15200101	511145.b0936	81.8	14
15200448	511145.b1306	81.4	5
15200827	511145.b1724	81.4	6
15202095	511145.b3125	81.3	15
15199974	511145.b0807	81.1	13
15202512	511145.b3574	80.9	15
15200256	511145.b1100	80.9	20
15200341	511145.b1193	80.9	11
15201555	511145.b2510	80.8	10
15200587	511145.b1464	80.4	10
15199368	511145.b0124	79.9	45
15200051	511145.b0886	79.9	23
15202165	511145.b3199	79.8	7
15201886	511145.b2889	79.3	11
15200338	511145.b1190	79.2	24
15200956	511145.b1853	79.1	18
15200896	511145.b1793	79.0	6
15201199	511145.b2132	78.9	49
15200028	511145.b0862	78.9	7
15201839	511145.b2830	78.8	10
15201484	511145.b2439	78.8	11
15199305	511145.b0058	78.8	13
15201022	511145.b1925	78.7	10
15202373	511145.b3426	78.6	35
15201232	511145.b2167	78.6	20
15200235	511145.b1079	78.5	13
15203238	511145.b4388	78.2	20
15202654	511145.b3725	78.1	14
15201233	511145.b2168	78.0	17
15200754	511145.b1646	77.7	12
15201140	511145.b2064	77.7	35
15200253	511145.b1097	77.5	15
15199997	511145.b0831	77.4	9
15200829	511145.b1726	77.4	4
15202864	511145.b3967	77.3	18
15203002	511145.b4122	76.8	72
15199670	511145.b0462	76.6	49
15202393	511145.b3450	76.4	13
15200774	511145.b1668	75.8	21
15200070	511145.b0905	75.8	22
15202701	511145.b3785	75.8	26
15203004	511145.b4124	75.6	14
15201652	511145.b2615	75.6	12
15200441	511145.b1299	75.6	10
15199793	511145.b0599	75.3	19
15201021	511145.b1924	75.3	15
15200963	511145.b1860	75.2	20
15200739	511145.b1631	75.1	13
15199278	511145.b0029	75.0	17
15202197	511145.b3232	74.6	24
15201192	511145.b2125	74.5	16
15203240	511145.b4390	74.5	29
15201761	511145.b2747	74.4	15
15202234	511145.b3280	74.4	4
15199667	511145.b0459	73.9	8
15201609	511145.b2564	73.9	13
15199850	511145.b0659	73.4	2
15201619	511145.b2574	73.4	31
15200114	511145.b0949	73.3	24
15202611	511145.b3676	73.3	6
15202705	511145.b3789	72.9	21
15202717	511145.b3805	72.7	19
15201978	511145.b2993	72.7	7
15199794	511145.b0600	72.4	12
15203046	511145.b4170	72.4	23
15199695	511145.b0487	72.4	5
15201370	511145.b2311	72.1	16
15203040	511145.b4161	72.0	18
15202707	511145.b3791	71.8	27
15199818	511145.b0627	71.7	5
15199470	511145.b0239	71.7	38
15201998	511145.b3019	71.3	34
15200255	511145.b1099	71.1	15
15202935	511145.b4052	71.0	32
15202677	511145.b3748	70.9	10
15199391	511145.b0147	70.8	8
15203163	511145.b4304	70.7	7
15201893	511145.b2896	70.7	5
15201900	511145.b2903	70.3	35
15202410	511145.b3467	70.2	8
15201764	511145.b2750	70.2	9
15203067	511145.b4191	69.4	12
15200387	511145.b1244	69.4	10
15199354	511145.b0110	69.0	8
15203130	511145.b4261	68.8	12
15199311	511145.b0064	68.8	13
15202684	511145.b3755	68.6	7
15200481	511145.b1340	68.5	7
15200552	511145.b1424	68.5	36
15201547	511145.b2502	68.4	34
15202672	511145.b3743	68.3	10
15201011	511145.b1914	68.1	15
15202724	511145.b3813	68.0	34
15199702	511145.b0494	67.9	18
15200564	511145.b1438	67.7	3
15199764	511145.b0570	67.5	24
15201825	511145.b2813	66.9	12
15200887	511145.b1784	66.8	18
15199995	511145.b0829	66.8	31
15203248	511145.b4398	66.5	9
15200631	511145.b1515	66.5	4
15200238	511145.b1082	66.5	24
15201715	511145.b2701	66.5	13
15202631	511145.b3702	66.4	29
15201640	511145.b2601	66.3	37
15202161	511145.b3195	66.1	12
15202241	511145.b3289	66.0	17
15200988	511145.b1885	65.7	22
15202099	511145.b3129	65.2	7
15202865	511145.b3972	65.1	15
15200079	511145.b0914	65.0	27
15200646	511145.b1530	65.0	7
15201908	511145.b2912	64.8	6
15201758	511145.b2744	64.7	10
15201308	511145.b2249	64.5	28
15202487	511145.b3549	64.5	6
15202990	511145.b4110	64.3	12
15199917	511145.b0750	64.3	14
15203174	511145.b4316	64.2	12
15202058	511145.b3082	64.2	3
15202946	511145.b4063	63.5	3
15201024	511145.b1927	63.5	22
15202434	511145.b3493	63.3	6
15202011	511145.b3032	63.3	13
15201234	511145.b2169	62.9	15
15201388	511145.b2329	62.8	18
15202481	511145.b3542	62.6	5
15200163	511145.b0999	62.6	2
15203204	511145.b4351	62.0	16
15200392	511145.b1249	61.9	24
15200554	511145.b1427	61.9	8
15200252	511145.b1096	61.7	13
15201990	511145.b3009	61.6	5
15202906	511145.b4022	61.5	10
15203239	511145.b4389	61.5	22
15202071	511145.b3095	61.4	6
15203135	511145.b4266	61.3	14
15202900	511145.b4016	61.3	28
15200010	511145.b0844	61.3	11
15201191	511145.b2124	61.1	7
15200572	511145.b1446	60.9	2
15201473	511145.b2428	60.7	10
15199656	511145.b0447	60.4	5
15199623	511145.b0414	60.3	23
15200951	511145.b1848	60.2	4
15200320	511145.b1171	59.9	6
15201999	511145.b3020	59.8	16
15201605	511145.b2560	59.8	9
15200127	511145.b0962	59.8	42
15202043	511145.b3066	59.8	19
15202945	511145.b4062	59.7	5
15199627	511145.b0418	59.7	2
15199301	511145.b0052	59.5	16
15200291	511145.b1135	59.4	7
15200863	511145.b1760	59.1	3
15203236	511145.b4386	59.1	13
15199971	511145.b0804	58.9	7
15203223	511145.b4373	58.8	7
15201565	511145.b2520	58.7	66
15203161	511145.b4302	58.7	5
15201849	511145.b2840	58.5	15
15201196	511145.b2129	58.5	11
15202469	511145.b3529	58.4	34
15202086	511145.b3114	58.4	88
15202576	511145.b3639	58.4	14
15202465	511145.b3525	58.1	13
15202356	511145.b3406	58.0	7
15201194	511145.b2127	57.8	15
15202855	511145.b3958	57.7	14
15200576	511145.b1450	57.5	7
15200476	511145.b1335	57.4	10
15203323	511145.b4547	57.3	2
15201830	511145.b2821	57.2	37
15200726	511145.b1618	56.9	11
15202390	511145.b3447	56.6	23
15200231	511145.b1075	56.5	1
15199298	511145.b0049	56.5	10
15201718	511145.b2704	56.5	6
15199304	511145.b0055	56.2	14
15200346	511145.b1198	56.2	21
15199475	511145.b0246	56.1	6
15200873	511145.b1770	56.1	10
15202554	511145.b3617	56.0	15
15200482	511145.b1341	55.8	17
15202346	511145.b3396	55.7	35
15202000	511145.b3021	55.4	6
15200199	511145.b1042	55.3	2
15199621	511145.b0412	55.1	6
15200246	511145.b1090	55.1	12
15201060	511145.b1971	55.1	17
15200195	511145.b1038	55.0	4
15201892	511145.b2895	54.9	5
15201991	511145.b3010	54.8	10
15200628	511145.b1512	54.8	11
15199992	511145.b0826	54.8	9
15200434	511145.b1292	54.6	6
15199466	511145.b0233	54.5	5
15200334	511145.b1186	54.4	10
15201373	511145.b2314	54.3	7
15201026	511145.b1929	53.9	14
15200751	511145.b1643	53.5	10
15201439	511145.b2387	53.5	4
15202200	511145.b3235	53.3	9
15202972	511145.b4089	53.3	13
15202818	511145.b3920	53.2	8
15201108	511145.b2032	53.1	22
15200033	511145.b0867	53.0	9
15200629	511145.b1513	52.7	18
15202381	511145.b3437	52.6	4
15199598	511145.b0387	52.6	7
15201480	511145.b2435	52.5	13
15199327	511145.b0081	52.1	10
15200925	511145.b1822	52.1	9
15202362	511145.b3412	52.1	8
15199487	511145.b0261	52.0	12
15202557	511145.b3620	51.8	16
15201479	511145.b2434	51.8	6
15199703	511145.b0495	51.8	10
15203066	511145.b4190	51.7	11
15202831	511145.b3933	51.6	13
15200659	511145.b1544	51.6	7
15199492	511145.b0268	51.6	24
15203300	511145.b4512	51.5	2
15200760	511145.b1652	51.5	7
15202767	511145.b3867	51.1	21
15199877	511145.b0699	50.8	3
15200787	511145.b1681	50.7	11
15202579	511145.b3642	50.7	11
15203181	511145.b4323	50.6	22
15200226	511145.b1070	50.4	6
15200422	511145.b1280	49.6	14
15203329	511145.b4555	49.4	4
15200507	511145.b1375	49.3	7
15200429	511145.b1287	49.1	16
15199953	511145.b0786	49.0	5
15201517	511145.b2472	48.7	16
15199882	511145.b0707	48.6	9
15202744	511145.b3835	48.5	19
15202190	511145.b3225	48.4	8
15200087	511145.b0922	48.4	24
15201868	511145.b2869	48.1	19
15200120	511145.b0955	47.9	18
15201230	511145.b2165	47.8	10
15200769	511145.b1661	47.8	16
15200047	511145.b0881	47.8	5
15201201	511145.b2134	47.4	12
15203111	511145.b4240	47.4	5
15203120	511145.b4251	47.3	7
15200176	511145.b1013	47.3	9
15202678	511145.b3749	47.2	23
15200204	511145.b1047	46.6	32
15199696	511145.b0488	46.5	2
15199431	511145.b0188	46.4	12
15200461	511145.b1320	46.4	7
15199615	511145.b0406	46.3	17
15200196	511145.b1039	46.3	3
15200928	511145.b1825	46.0	2
15199583	511145.b0369	46.0	11
15200436	511145.b1294	45.9	19
15199775	511145.b0581	45.9	10
15202932	511145.b4049	45.6	14
15201747	511145.b2733	45.4	31
15201224	511145.b2159	45.3	10
15203064	511145.b4188	45.2	2
15201408	511145.b2352	45.1	9
15199701	511145.b0493	45.1	9
15199433	511145.b0190	44.8	9
15201704	511145.b2685	44.7	15
15202033	511145.b3056	44.7	14
15201354	511145.b2295	44.6	5
15201512	511145.b2467	44.5	5
15200393	511145.b1250	44.4	7
15202532	511145.b3594	44.3	14
15202134	511145.b3166	44.3	11
15202896	511145.b4012	44.0	4
15199561	511145.b0345	44.0	12
15199972	511145.b0805	44.0	20
15202438	511145.b3497	43.9	7
15199680	511145.b0472	43.7	6
15202435	511145.b3494	43.6	5
15202543	511145.b3606	43.5	8
15201962	511145.b2975	43.5	8
15201721	511145.b2707	42.8	8
15203228	511145.b4378	42.8	7
15202587	511145.b3651	42.6	7
15202210	511145.b3247	42.6	19
15202570	511145.b3633	42.4	14
15200275	511145.b1119	42.3	7
15202463	511145.b3523	42.1	7
15202866	511145.b3973	41.8	10
15202811	511145.b3911	41.8	19
15201213	511145.b2148	41.7	4
15199904	511145.b0730	41.6	5
15199345	511145.b0099	41.6	6
15199962	511145.b0795	41.5	13
15199857	511145.b0677	41.5	10
15202722	511145.b3811	41.5	9
15200449	511145.b1307	41.3	2
15203047	511145.b4171	41.2	10
15202337	511145.b3387	41.2	11
15199987	511145.b0821	41.1	13
15199932	511145.b0765	41.0	9
15202348	511145.b3398	40.9	11
15200300	511145.b1145	40.7	6
15203043	511145.b4167	40.7	14
15201600	511145.b2555	40.4	9
15200052	511145.b0887	40.4	15
15202130	511145.b3162	40.3	18
15203215	511145.b4362	40.2	8
15200019	511145.b0853	40.1	4
15201220	511145.b2155	40.0	23
15200713	511145.b1605	39.8	26
15199589	511145.b0378	39.8	9
15201922	511145.b2927	39.7	11
15200483	511145.b1342	39.6	8
15202538	511145.b3601	39.3	5
15200580	511145.b1454	39.2	3
15201032	511145.b1939	39.0	9
15200741	511145.b1633	39.0	5
15200812	511145.b1706	39.0	13
15201074	511145.b1992	39.0	5
15203168	511145.b4310	38.9	8
15200301	511145.b1146	38.7	2
15201692	511145.b2671	38.6	5
15201700	511145.b2679	38.5	5
15201202	511145.b2135	38.4	2
15200974	511145.b1871	38.2	12
15200359	511145.b1211	38.1	14
15202036	511145.b3059	37.8	3
15200815	511145.b1709	37.8	7
15201009	511145.b1912	37.8	5
15199726	511145.b0524	37.6	11
15202320	511145.b3368	37.4	12
15199778	511145.b0584	37.4	20
15202172	511145.b3206	37.3	1
15202399	511145.b3456	37.1	10
15202391	511145.b3448	37.0	5
15202757	511145.b3856	36.9	5
15202186	511145.b3221	36.7	5
15200330	511145.b1182	36.5	7
15201238	511145.b2173	36.4	21
15201996	511145.b3017	36.4	15
15203109	511145.b4238	36.3	19
15202174	511145.b3208	36.0	7
15199471	511145.b0241	36.0	46
15201059	511145.b1970	35.9	3
15200467	511145.b1326	35.9	6
15200702	511145.b1594	35.9	10
15201144	511145.b2068	35.8	9
15202453	511145.b3513	35.6	10
15199844	511145.b0653	35.6	6
15202004	511145.b3025	35.4	6
15200035	511145.b0869	35.3	11
15199788	511145.b0594	35.3	10
15203017	511145.b4138	35.2	6
15200069	511145.b0904	35.1	3
15199425	511145.b0182	35.1	11
15200857	511145.b1754	35.1	9
15199790	511145.b0596	35.1	7
15201728	511145.b2714	34.9	5
15202813	511145.b3915	34.9	3
15201620	511145.b2575	34.8	4
15199419	511145.b0176	34.5	9
15199686	511145.b0478	34.5	7
15202496	511145.b3558	34.4	7
15202828	511145.b3930	34.4	2
15200034	511145.b0868	34.1	7
15199388	511145.b0144	34.0	7
15199920	511145.b0753	34.0	1
15199613	511145.b0404	34.0	8
15199699	511145.b0491	33.9	5
15200960	511145.b1857	33.9	9
15203182	511145.b4324	33.9	8
15201824	511145.b2812	33.5	5
15200001	511145.b0835	33.4	13
15200691	511145.b1583	33.3	3
15202563	511145.b3626	33.2	9
15202843	511145.b3945	33.0	7
15202568	511145.b3631	32.7	10
15200090	511145.b0925	32.6	11
15201195	511145.b2128	32.6	2
15203378	511145.b4706	32.5	1
15200159	511145.b0995	32.4	6
15202048	511145.b3072	32.4	13
15201038	511145.b1945	32.3	9
15201034	511145.b1941	32.3	11
15200333	511145.b1185	32.3	5
15200071	511145.b0906	32.0	7
15199802	511145.b0608	31.9	7
15200744	511145.b1636	31.9	6
15202621	511145.b3689	31.9	11
15202936	511145.b4053	31.8	8
15199614	511145.b0405	31.5	7
15202703	511145.b3787	31.4	9
15199386	511145.b0142	31.3	2
15200027	511145.b0861	31.1	4
15199329	511145.b0083	31.0	4
15200772	511145.b1664	30.9	8
15199678	511145.b0470	30.9	13
15202588	511145.b3652	30.8	18
15199872	511145.b0694	30.7	8
15201494	511145.b2449	30.6	3
15202122	511145.b3154	30.5	3
15202408	511145.b3465	30.5	4
15202442	511145.b3501	30.5	2
15200468	511145.b1327	30.4	7
15200758	511145.b1650	30.3	10
15201058	511145.b1969	30.2	5
15202068	511145.b3092	30.2	14
15201010	511145.b1913	30.1	13
15200274	511145.b1118	30.0	5
15201336	511145.b2277	29.8	3
15202991	511145.b4111	29.8	5
15202009	511145.b3030	29.7	16
15199426	511145.b0183	29.7	5
15203289	511145.b4483	29.7	6
15199591	511145.b0380	29.5	2
15202862	511145.b3965	29.5	8
15199395	511145.b0151	29.5	6
15203268	511145.b4461	29.4	6
15202366	511145.b3416	29.4	16
15200233	511145.b1077	29.4	4
15201089	511145.b2011	29.2	14
15200846	511145.b1743	29.2	3
15200860	511145.b1757	29.2	10
15202917	511145.b4033	29.1	7
15201762	511145.b2748	29.0	2
15202696	511145.b3779	29.0	12
15199527	511145.b0308	28.9	11
15200272	511145.b1116	28.8	6
15199458	511145.b0223	28.8	5
15200995	511145.b1892	28.8	3
15199957	511145.b0790	28.7	5
15201812	511145.b2800	28.6	4
15202598	511145.b3663	28.5	6
15202567	511145.b3630	28.4	5
15203077	511145.b4201	28.3	3
15202213	511145.b3250	28.3	9
15201876	511145.b2877	28.3	5
15201372	511145.b2313	28.2	3
15203029	511145.b4150	28.2	9
15200442	511145.b1300	28.1	6
15203095	511145.b4220	28.1	14
15200084	511145.b0919	27.9	6
15201680	511145.b2659	27.9	8
15203212	511145.b4359	27.9	11
15202974	511145.b4092	27.8	3
15199743	511145.b0545	27.6	3
15203291	511145.b4485	27.6	10
15200981	511145.b1878	27.4	3
15202433	511145.b3492	27.3	7
15199913	511145.b0739	27.3	5
15203224	511145.b4374	27.2	4
15202973	511145.b4090	27.2	4
15202429	511145.b3486	27.1	28
15201377	511145.b2318	26.8	8
15199925	511145.b0758	26.8	7
15200733	511145.b1625	26.7	2
15202416	511145.b3473	26.7	22
15199782	511145.b0588	26.7	3
15200966	511145.b1863	26.6	2
15201274	511145.b2212	26.5	10
15201597	511145.b2552	26.5	6
15201588	511145.b2543	26.5	1
15201041	511145.b1948	26.4	3
15201817	511145.b2805	26.3	4
15200313	511145.b1162	26.3	11
15199309	511145.b0062	26.3	7
15201899	511145.b2902	26.2	4
15200485	511145.b1344	26.2	6
15200856	511145.b1753	26.1	5
15199718	511145.b0515	26.0	3
15203286	511145.b4480	26.0	4
15202679	511145.b3750	25.9	3
15200044	511145.b0878	25.8	5
15201244	511145.b2179	25.8	4
15203213	511145.b4360	25.7	2
15202702	511145.b3786	25.6	9
15200618	511145.b1498	25.6	9
15201376	511145.b2317	25.6	3
15199518	511145.b0296	25.5	2
15200937	511145.b1834	25.4	16
15202737	511145.b3828	25.2	5
15201061	511145.b1972	25.2	2
15199451	511145.b0214	25.1	4
15200884	511145.b1781	25.0	3
15202992	511145.b4112	25.0	7
15199830	511145.b0639	24.9	4
15200568	511145.b1442	24.8	3
15201315	511145.b2256	24.8	6
15203172	511145.b4314	24.7	1
15201075	511145.b1993	24.7	1
15199821	511145.b0630	24.7	4
15203237	511145.b4387	24.6	4
15201050	511145.b1958	24.6	3
15203203	511145.b4350	24.5	21
15200680	511145.b1566	24.5	2
15202704	511145.b3788	24.3	10
15201541	511145.b2496	24.3	3
15200847	511145.b1744	24.0	4
15202188	511145.b3223	24.0	5
15201053	511145.b1961	23.8	12
15202565	511145.b3628	23.7	7
15199438	511145.b0195	23.7	6
15200530	511145.b1398	23.6	9
15200902	511145.b1799	23.5	10
15202105	511145.b3137	23.5	7
15199402	511145.b0158	23.4	5
15199817	511145.b0624	23.4	2
15201957	511145.b2965	23.3	12
15200203	511145.b1046	23.3	9
15203290	511145.b4484	23.2	2
15202187	511145.b3222	23.2	3
15200178	511145.b1015	23.1	4
15200432	511145.b1290	23.0	6
15202489	511145.b3551	23.0	13
15200789	511145.b1683	23.0	7
15201474	511145.b2429	23.0	2
15200656	511145.b1540	22.9	3
15201327	511145.b2268	22.7	4
15201695	511145.b2674	22.7	1
15199941	511145.b0774	22.6	7
15202462	511145.b3522	22.6	4
15202832	511145.b3934	22.5	6
15202550	511145.b3613	22.4	6
15199918	511145.b0751	22.4	1
15199459	511145.b0224	22.4	3
15200718	511145.b1610	22.4	13
15200295	511145.b1139	22.3	3
15202560	511145.b3623	22.3	9
15202999	511145.b4119	22.3	7
15202104	511145.b3136	22.1	4
15199831	511145.b0640	22.1	4
15200947	511145.b1844	21.9	3
15201282	511145.b2220	21.8	7
15200042	511145.b0876	21.6	13
15201259	511145.b2197	21.5	2
15200562	511145.b1435	21.3	6
15201069	511145.b1985	21.2	1
15199675	511145.b0467	21.1	3
15202656	511145.b3727	21.1	3
15201052	511145.b1960	21.1	2
15200938	511145.b1835	20.9	5
15201667	511145.b2631	20.9	2
15200730	511145.b1622	20.8	7
15200021	511145.b0855	20.8	7
15201831	511145.b2822	20.7	14
15201029	511145.b1932	20.7	3
15203274	511145.b4468	20.6	5
15201322	511145.b2263	20.5	4
15200493	511145.b1352	20.4	2
15199547	511145.b0330	20.4	6
15201298	511145.b2239	20.3	7
15203025	511145.b4146	20.1	5
15203273	511145.b4467	20.0	4
15199517	511145.b0295	20.0	3
15202772	511145.b3872	19.9	2
15201481	511145.b2436	19.9	4
15203093	511145.b4218	19.9	9
15200513	511145.b1381	19.9	11
15202569	511145.b3632	19.9	3
15200968	511145.b1865	19.9	3
15201193	511145.b2126	19.9	5
15201955	511145.b2963	19.8	6
15203194	511145.b4336	19.6	6
15201866	511145.b2867	19.6	4
15202418	511145.b3475	19.6	1
15200693	511145.b1585	19.4	3
15202502	511145.b3564	19.3	8
15201383	511145.b2324	19.2	30
15199531	511145.b0313	19.1	5
15200803	511145.b1697	19.1	3
15200640	511145.b1524	19.0	4
15202075	511145.b3099	18.9	2
15200972	511145.b1869	18.8	1
15202793	511145.b3893	18.7	5
15199404	511145.b0160	18.6	6
15202773	511145.b3873	18.6	5
15202303	511145.b3351	18.5	3
15202718	511145.b3806	18.4	10
15201549	511145.b2504	18.4	1
15200462	511145.b1321	18.4	4
15202967	511145.b4084	18.2	2
15201615	511145.b2570	18.2	1
15203099	511145.b4225	18.2	1
15199889	511145.b0714	18.1	3
15199737	511145.b0535	18.1	6
15199980	511145.b0813	18.1	2
15202452	511145.b3512	18.0	4
15200703	511145.b1595	17.9	11
15202244	511145.b3292	17.9	2
15202948	511145.b4065	17.7	3
15202098	511145.b3128	17.7	6
15199276	511145.b0027	17.7	1
15200240	511145.b1084	17.7	12
15200917	511145.b1814	17.7	5
15199869	511145.b0689	17.6	2
15201247	511145.b2182	17.5	1
15200379	511145.b1234	17.5	7
15202695	511145.b3778	17.4	8
15199313	511145.b0066	17.4	4
15203187	511145.b4329	17.4	2
15200445	511145.b1303	17.3	4
15201851	511145.b2842	17.3	4
15201485	511145.b2440	17.3	4
15202477	511145.b3538	17.3	4
15201873	511145.b2874	17.2	5
15201154	511145.b2078	17.1	5
15200625	511145.b1507	17.1	5
15202902	511145.b4018	17.0	4
15201172	511145.b2101	16.9	4
15201904	511145.b2907	16.9	7
15200961	511145.b1858	16.9	3
15202558	511145.b3621	16.8	3
15201320	511145.b2261	16.8	3
15202018	511145.b3040	16.8	1
15199417	511145.b0174	16.7	3
15200234	511145.b1078	16.7	2
15201309	511145.b2250	16.5	1
15201253	511145.b2188	16.5	7
15201073	511145.b1991	16.5	5
15202173	511145.b3207	16.5	2
15200198	511145.b1041	16.4	1
15202754	511145.b3848	16.4	3
15199539	511145.b0321	16.4	3
15202328	511145.b3378	16.3	1
15202968	511145.b4085	16.3	2
15203330	511145.b4557	16.2	2
15201798	511145.b2786	16.2	11
15201580	511145.b2535	16.0	4
15200057	511145.b0892	16.0	7
15202148	511145.b3182	16.0	7
15201455	511145.b2410	16.0	2
15202017	511145.b3039	15.9	3
15201681	511145.b2660	15.9	6
15200380	511145.b1235	15.8	4
15201610	511145.b2565	15.8	2
15202096	511145.b3126	15.8	3
15201995	511145.b3014	15.8	1
15200859	511145.b1756	15.7	3
15201788	511145.b2776	15.7	9
15203201	511145.b4348	15.7	7
15202077	511145.b3101	15.6	1
15201337	511145.b2278	15.6	3
15201712	511145.b2698	15.6	2
15200258	511145.b1102	15.5	8
15202051	511145.b3075	15.5	5
15200880	511145.b1777	15.5	2
15200211	511145.b1055	15.5	3
15199634	511145.b0425	15.4	3
15200641	511145.b1525	15.4	4
15202100	511145.b3130	15.4	1
15201483	511145.b2438	15.4	2
15201001	511145.b1900	15.3	9
15202610	511145.b3675	15.3	1
15199943	511145.b0776	15.3	5
15200663	511145.b1549	15.2	2
15199672	511145.b0464	15.1	2
15203189	511145.b4331	15.1	3
15199873	511145.b0695	15.0	8
15200144	511145.b0980	15.0	6
15202726	511145.b3817	15.0	1
15201048	511145.b1956	14.9	29
15199826	511145.b0635	14.9	9
15202529	511145.b3591	14.8	7
15203184	511145.b4326	14.8	1
15200794	511145.b1688	14.7	1
15200500	511145.b1360	14.7	3
15202904	511145.b4020	14.7	5
15202878	511145.b3990	14.6	5
15202444	511145.b3503	14.6	1
15203072	511145.b4196	14.6	3
15202312	511145.b3360	14.5	2
15201304	511145.b2245	14.4	1
15201033	511145.b1940	14.4	2
15199516	511145.b0294	14.3	4
15201469	511145.b2424	14.1	1
15201239	511145.b2174	14.1	2
15200043	511145.b0877	14.0	4
15201685	511145.b2664	13.9	3
15201965	511145.b2979	13.9	4
15200689	511145.b1581	13.9	4
15199330	511145.b0084	13.8	7
15201826	511145.b2817	13.8	7
15200460	511145.b1319	13.8	2
15199684	511145.b0476	13.8	4
15199810	511145.b0617	13.8	2
15202503	511145.b3565	13.8	5
15200862	511145.b1759	13.7	1
15199606	511145.b0397	13.7	8
15200919	511145.b1816	13.6	4
15202160	511145.b3194	13.5	2
15201257	511145.b2195	13.5	2
15201643	511145.b2604	13.5	5
15201147	511145.b2071	13.5	1
15200923	511145.b1820	13.5	1
15200986	511145.b1883	13.5	3
15201139	511145.b2063	13.5	3
15199956	511145.b0789	13.4	12
15201221	511145.b2156	13.4	2
15201051	511145.b1959	13.4	1
15201366	511145.b2307	13.4	2
15200358	511145.b1210	13.4	4
15199434	511145.b0191	13.3	2
15200232	511145.b1076	13.2	2
15202215	511145.b3252	13.2	11
15199390	511145.b0146	13.2	2
15202514	511145.b3576	13.2	3
15203030	511145.b4151	13.1	1
15202734	511145.b3825	13.0	3
15199452	511145.b0215	12.9	3
15199683	511145.b0475	12.9	4
15203087	511145.b4212	12.8	1
15202890	511145.b4002	12.8	1
15203156	511145.b4297	12.7	6
15202059	511145.b3083	12.6	1
15200869	511145.b1766	12.6	4
15199947	511145.b0780	12.6	2
15202799	511145.b3899	12.5	10
15202079	511145.b3103	12.5	1
15202101	511145.b3131	12.5	2
15201310	511145.b2251	12.5	1
15203144	511145.b4280	12.5	4
15202769	511145.b3869	12.5	3
15199963	511145.b0796	12.4	3
15202448	511145.b3508	12.3	1
15202329	511145.b3379	12.3	4
15200339	511145.b1191	12.3	2
15200344	511145.b1196	12.2	2
15201385	511145.b2326	12.2	1
15199835	511145.b0644	12.2	3
15202889	511145.b4001	12.1	2
15203217	511145.b4364	12.1	2
15202601	511145.b3666	12.1	3
15201729	511145.b2715	12.1	4
15201923	511145.b2928	12.0	4
15201606	511145.b2561	11.9	2
15199964	511145.b0797	11.9	5
15200918	511145.b1815	11.9	3
15201891	511145.b2894	11.9	3
15202325	511145.b3375	11.8	2
15200798	511145.b1692	11.8	1
15203160	511145.b4301	11.8	3
15201599	511145.b2554	11.7	5
15201245	511145.b2180	11.7	6
15200165	511145.b1001	11.7	16
15201084	511145.b2005	11.7	2
15201810	511145.b2798	11.6	2
15199676	511145.b0468	11.6	1
15200206	511145.b1049	11.6	10
15200329	511145.b1181	11.5	1
15202555	511145.b3618	11.5	8
15200609	511145.b1489	11.4	6
15202319	511145.b3367	11.4	4
15199525	511145.b0306	11.4	3
15201150	511145.b2074	11.4	3
15199944	511145.b0777	11.4	2
15200982	511145.b1879	11.3	4
15202809	511145.b3909	11.3	1
15199558	511145.b0342	11.2	1
15202760	511145.b3859	11.1	3
15203071	511145.b4195	11.1	1
15202629	511145.b3700	11.1	5
15199891	511145.b0716	11.1	14
15201642	511145.b2603	11.0	1
15202162	511145.b3196	11.0	5
15201551	511145.b2506	10.9	1
15202989	511145.b4109	10.9	4
15200738	511145.b1630	10.8	1
15199787	511145.b0593	10.8	4
15201749	511145.b2735	10.8	2
15200561	511145.b1434	10.8	1
15201734	511145.b2720	10.8	6
15202984	511145.b4102	10.7	2
15201003	511145.b1902	10.7	4
15200675	511145.b1561	10.7	1
15200577	511145.b1451	10.7	6
15199427	511145.b0184	10.6	14
15201211	511145.b2146	10.6	6
15201889	511145.b2892	10.6	5
15200061	511145.b0896	10.5	2
15201697	511145.b2676	10.4	2
15199761	511145.b0567	10.4	3
15201744	511145.b2730	10.4	2
15200129	511145.b0964	10.4	2
15202484	511145.b3546	10.4	5
15202965	511145.b4082	10.3	3
15201656	511145.b2619	10.3	2
15200582	511145.b1457	10.2	2
15201754	511145.b2740	10.2	3
15201492	511145.b2447	10.2	2
15200228	511145.b1072	10.2	1
15202222	511145.b3260	10.1	2
15199753	511145.b0556	10.1	6
15201947	511145.b2955	10.1	2
15199809	511145.b0616	9.99	4
15202781	511145.b3881	9.96	3
15201803	511145.b2791	9.95	2
15199541	511145.b0324	9.92	4
15200608	511145.b1488	9.87	1
15199465	511145.b0232	9.76	1
15202692	511145.b3773	9.75	3
15199848	511145.b0657	9.73	9
15199744	511145.b0546	9.69	3
15202676	511145.b3747	9.68	3
15199813	511145.b0620	9.53	1
15200439	511145.b1297	9.52	4
15199660	511145.b0451	9.49	1
15199663	511145.b0454	9.47	1
15202641	511145.b3712	9.42	1
15200285	511145.b1129	9.41	3
15200948	511145.b1845	9.35	4
15202342	511145.b3392	9.33	1
15199642	511145.b0433	9.23	2
15202224	511145.b3262	9.18	8
15201554	511145.b2509	9.12	3
15200645	511145.b1529	9.07	1
15200294	511145.b1138	9.03	1
15202088	511145.b3116	9.0	1
15202841	511145.b3943	8.98	2
15201432	511145.b2380	8.92	10
15199741	511145.b0543	8.9	3
15203227	511145.b4377	8.82	1
15201448	511145.b2399	8.75	1
15201503	511145.b2458	8.75	3
15200111	511145.b0946	8.7	1
15201241	511145.b2176	8.7	4
15201505	511145.b2460	8.69	1
15199586	511145.b0375	8.63	3
15199906	511145.b0732	8.61	4
15200836	511145.b1733	8.56	2
15199556	511145.b0340	8.56	1
15202082	511145.b3106	8.42	2
15201968	511145.b2983	8.4	3
15201380	511145.b2321	8.4	3
15201290	511145.b2230	8.37	5
15201468	511145.b2423	8.3	1
15199685	511145.b0477	8.3	3
15200807	511145.b1701	8.26	14
15200408	511145.b1266	8.19	2
15200630	511145.b1514	8.13	1
15200976	511145.b1873	8.11	3
15200915	511145.b1812	8.09	3
15201404	511145.b2347	8.08	1
15201828	511145.b2819	8.06	3
15202459	511145.b3519	8.03	3
15200116	511145.b0951	8.01	3
15199339	511145.b0093	7.98	2
15201132	511145.b2056	7.94	2
15200595	511145.b1475	7.94	5
15199588	511145.b0377	7.92	2
15202564	511145.b3627	7.89	3
15201822	511145.b2810	7.85	2
15201994	511145.b3013	7.83	1
15202237	511145.b3283	7.78	2
15199310	511145.b0063	7.77	3
15201070	511145.b1987	7.71	2
15201128	511145.b2052	7.67	1
15203112	511145.b4241	7.67	2
15202802	511145.b3902	7.64	1
15203113	511145.b4242	7.62	5
15199998	511145.b0832	7.61	2
15202428	511145.b3485	7.61	3
15200753	511145.b1645	7.6	3
15202310	511145.b3358	7.55	4
15202386	511145.b3442	7.53	2
15201286	511145.b2224	7.52	1
15202085	511145.b3113	7.5	1
15201845	511145.b2836	7.48	5
15201280	511145.b2218	7.47	6
15201797	511145.b2785	7.45	3
15200086	511145.b0921	7.45	1
15199875	511145.b0697	7.44	5
15200011	511145.b0845	7.43	1
15200091	511145.b0926	7.4	1
15199587	511145.b0376	7.37	3
15200706	511145.b1598	7.35	1
15200484	511145.b1343	7.34	2
15200897	511145.b1794	7.34	2
15199515	511145.b0293	7.32	1
15200592	511145.b1469	7.31	1
15200904	511145.b1801	7.28	1
15201674	511145.b2642	7.24	4
15201773	511145.b2759	7.22	1
15200314	511145.b1163	7.21	2
15200637	511145.b1521	7.21	7
15200775	511145.b1669	7.2	1
15202475	511145.b3536	7.19	3
15203283	511145.b4477	7.16	1
15201726	511145.b2712	7.16	12
15202060	511145.b3084	7.15	4
15201794	511145.b2782	7.15	1
15199343	511145.b0097	7.15	1
15202447	511145.b3507	7.14	1
15201942	511145.b2950	7.13	2
15203235	511145.b4385	7.11	3
15202615	511145.b3680	7.1	1
15202455	511145.b3515	7.08	1
15203158	511145.b4299	7.03	1
15201751	511145.b2737	7.0	2
15202962	511145.b4079	6.98	5
15202782	511145.b3882	6.97	1
15200591	511145.b1468	6.94	5
15199568	511145.b0352	6.91	1
15200305	511145.b1153	6.86	1
15201405	511145.b2349	6.83	2
15200642	511145.b1526	6.83	1
15202594	511145.b3659	6.76	1
15200621	511145.b1501	6.75	8
15201730	511145.b2716	6.71	6
15199511	511145.b0289	6.71	1
15202286	511145.b3334	6.59	6
15202005	511145.b3026	6.57	7
15202277	511145.b3325	6.54	5
15200186	511145.b1025	6.46	2
15199295	511145.b0046	6.46	1
15201328	511145.b2269	6.43	3
15201567	511145.b2522	6.42	1
15202955	511145.b4072	6.42	2
15199571	511145.b0355	6.37	1
15202849	511145.b3952	6.35	2
15200281	511145.b1125	6.31	1
15201664	511145.b2628	6.27	5
15201829	511145.b2820	6.26	7
15201145	511145.b2069	6.22	2
15201956	511145.b2964	6.18	1
15201054	511145.b1962	6.15	1
15199965	511145.b0798	6.1	5
15200269	511145.b1113	6.03	2
15201170	511145.b2099	6.03	2
15199959	511145.b0792	6.01	2
15202741	511145.b3832	5.96	3
15201799	511145.b2787	5.96	3
15200589	511145.b1466	5.93	1
15200907	511145.b1804	5.92	2
15202509	511145.b3571	5.88	5
15202478	511145.b3539	5.88	4
15201135	511145.b2059	5.88	2
15201242	511145.b2177	5.87	3
15201138	511145.b2062	5.86	6
15202230	511145.b3269	5.84	3
15202833	511145.b3935	5.83	2
15200725	511145.b1617	5.83	2
15201146	511145.b2070	5.79	3
15199533	511145.b0315	5.77	3
15201735	511145.b2721	5.76	2
15201850	511145.b2841	5.76	1
15201793	511145.b2781	5.75	2
15202333	511145.b3383	5.73	4
15200463	511145.b1322	5.7	2
15201301	511145.b2242	5.68	1
15201335	511145.b2276	5.67	1
15199712	511145.b0508	5.65	3
15199505	511145.b0283	5.64	9
15202998	511145.b4118	5.64	1
15200737	511145.b1629	5.63	1
15200971	511145.b1868	5.61	1
15202613	511145.b3678	5.59	4
15200490	511145.b1349	5.56	1
15200848	511145.b1745	5.55	1
15199504	511145.b0281	5.55	1
15201753	511145.b2739	5.55	1
15202458	511145.b3518	5.55	6
15203192	511145.b4334	5.54	1
15203279	511145.b4473	5.45	1
15200866	511145.b1763	5.44	4
15202180	511145.b3214	5.4	1
15201745	511145.b2731	5.38	4
15201513	511145.b2468	5.36	3
15202624	511145.b3693	5.36	1
15199961	511145.b0794	5.34	2
15200516	511145.b1384	5.33	3
15202119	511145.b3151	5.32	1
15200854	511145.b1751	5.3	1
15202599	511145.b3664	5.29	1
15202505	511145.b3567	5.29	4
15200850	511145.b1747	5.26	1
15201105	511145.b2028	5.26	2
15199532	511145.b0314	5.24	6
15201877	511145.b2878	5.23	11
15202651	511145.b3722	5.21	1
15202617	511145.b3685	5.19	1
15202674	511145.b3745	5.18	2
15199779	511145.b0585	5.12	2
15202775	511145.b3875	5.12	2
15201307	511145.b2248	5.11	1
15199936	511145.b0769	5.06	2
15200757	511145.b1649	5.06	1
15200605	511145.b1485	5.03	1
15200987	511145.b1884	5.02	1
15201885	511145.b2888	5.0	1
15200478	511145.b1337	5.0	1
15200006	511145.b0840	5.0	1
15201915	511145.b2920	5.0	2
15202551	511145.b3614	4.99	1
15200102	511145.b0937	4.98	1
15202089	511145.b3117	4.97	4
15201422	511145.b2370	4.96	3
15201840	511145.b2831	4.93	1
15200444	511145.b1302	4.92	1
15203196	511145.b4340	4.88	2
15199555	511145.b0339	4.87	1
15200565	511145.b1439	4.87	2
15201948	511145.b2956	4.82	2
15203133	511145.b4264	4.82	3
15202111	511145.b3143	4.82	1
15201725	511145.b2711	4.8	1
15203034	511145.b4155	4.79	1
15201331	511145.b2272	4.75	1
15201787	511145.b2775	4.73	1
15199291	511145.b0042	4.72	1
15201767	511145.b2753	4.72	2
15201036	511145.b1943	4.61	1
15203185	511145.b4327	4.59	2
15201696	511145.b2675	4.59	2
15201486	511145.b2441	4.59	3
15203214	511145.b4361	4.58	1
15199937	511145.b0770	4.57	1
15199771	511145.b0577	4.54	3
15203195	511145.b4337	4.54	2
15202523	511145.b3585	4.52	6
15200668	511145.b1554	4.51	5
15202527	511145.b3589	4.48	1
15199491	511145.b0267	4.48	1
15200717	511145.b1609	4.47	2
15203090	511145.b4215	4.45	1
15200931	511145.b1828	4.44	3
15200018	511145.b0852	4.42	1
15202800	511145.b3900	4.41	2
15200729	511145.b1621	4.4	1
15201659	511145.b2623	4.37	5
15201452	511145.b2407	4.35	1
15200853	511145.b1750	4.34	2
15199938	511145.b0771	4.33	6
15199612	511145.b0403	4.32	4
15199488	511145.b0262	4.3	2
15201113	511145.b2037	4.29	1
15202025	511145.b3048	4.29	1
15202431	511145.b3488	4.28	2
15199429	511145.b0186	4.27	3
15201783	511145.b2769	4.27	1
15199966	511145.b0799	4.27	3
15202964	511145.b4081	4.25	14
15201205	511145.b2140	4.23	1
15203266	511145.b4455	4.23	1
15201300	511145.b2241	4.22	2
15199797	511145.b0603	4.21	1
15202623	511145.b3691	4.19	3
15201268	511145.b2206	4.19	4
15199999	511145.b0833	4.11	3
15200045	511145.b0879	4.08	2
15202084	511145.b3110	4.07	1
15202519	511145.b3581	4.03	1
15200603	511145.b1483	4.03	1
15201134	511145.b2058	4.02	3
15199494	511145.b0270	3.99	1
15199536	511145.b0318	3.98	1
15202851	511145.b3954	3.98	1
15201031	511145.b1938	3.97	2
15201446	511145.b2395	3.97	2
15199841	511145.b0650	3.96	2
15200673	511145.b1559	3.94	1
15202227	511145.b3265	3.91	4
15199871	511145.b0693	3.87	4
15202363	511145.b3413	3.87	1
15200456	511145.b1314	3.84	1
15201028	511145.b1931	3.82	1
15199883	511145.b0708	3.8	6
15199453	511145.b0217	3.79	1
15200911	511145.b1808	3.78	3
15200145	511145.b0981	3.77	2
15201330	511145.b2271	3.76	1
15201594	511145.b2549	3.75	4
15202648	511145.b3719	3.74	1
15200452	511145.b1310	3.74	1
15201882	511145.b2883	3.73	6
15199519	511145.b0298	3.71	1
15201161	511145.b2088	3.71	1
15199585	511145.b0373	3.71	1
15200188	511145.b1027	3.71	1
15199739	511145.b0540	3.71	1
15201181	511145.b2110	3.7	1
15203249	511145.b4399	3.69	5
15199557	511145.b0341	3.68	4
15203167	511145.b4309	3.68	1
15202090	511145.b3118	3.68	1
15199960	511145.b0793	3.67	1
15202345	511145.b3395	3.58	1
15199483	511145.b0254	3.56	2
15203008	511145.b4128	3.53	1
15199551	511145.b0335	3.53	2
15200115	511145.b0950	3.53	3
15200486	511145.b1345	3.51	1
15201790	511145.b2778	3.48	1
15203178	511145.b4320	3.47	1
15201040	511145.b1947	3.47	1
15203137	511145.b4268	3.46	1
15201801	511145.b2789	3.44	5
15201281	511145.b2219	3.41	2
15200457	511145.b1315	3.38	1
15202816	511145.b3918	3.38	1
15201717	511145.b2703	3.36	1
15199594	511145.b0383	3.36	2
15202566	511145.b3629	3.36	1
15202454	511145.b3514	3.32	2
15201925	511145.b2930	3.3	1
15199538	511145.b0320	3.28	5
15201926	511145.b2933	3.28	1
15202354	511145.b3404	3.27	5
15202706	511145.b3790	3.27	1
15199577	511145.b0363	3.24	1
15199514	511145.b0292	3.24	1
15201780	511145.b2766	3.22	1
15200845	511145.b1742	3.21	1
15202228	511145.b3266	3.2	3
15201733	511145.b2719	3.2	1
15201263	511145.b2201	3.2	3
15201913	511145.b2918	3.2	1
15202279	511145.b3327	3.19	3
15202185	511145.b3220	3.15	1
15199715	511145.b0512	3.15	1
15200543	511145.b1413	3.13	8
15203280	511145.b4474	3.12	1
15201076	511145.b1994	3.12	7
15199796	511145.b0602	3.1	1
15202140	511145.b3173	3.09	1
15200876	511145.b1773	3.09	2
15203275	511145.b4469	3.08	2
15201878	511145.b2879	3.08	1
15199296	511145.b0047	3.06	1
15202966	511145.b4083	3.06	2
15200471	511145.b1330	3.05	1
15201152	511145.b2076	3.04	1
15199825	511145.b0634	3.04	1
15201216	511145.b2151	3.0	1
15199462	511145.b0227	3.0	1
15199720	511145.b0517	2.97	1
15202622	511145.b3690	2.94	1
15201123	511145.b2047	2.94	1
15203038	511145.b4159	2.93	2
15201120	511145.b2044	2.91	1
15200763	511145.b1655	2.91	1
15200003	511145.b0837	2.89	1
15201593	511145.b2548	2.88	1
15202592	511145.b3656	2.87	6
15200503	511145.b1370	2.86	7
15203191	511145.b4333	2.84	1
15201088	511145.b2010	2.82	1
15199524	511145.b0305	2.77	1
15200000	511145.b0834	2.77	1
15201272	511145.b2210	2.76	1
15201107	511145.b2030	2.76	7
15201967	511145.b2982	2.76	7
15202183	511145.b3218	2.76	7
15199847	511145.b0656	2.76	7
15199485	511145.b0259	2.76	7
15199750	511145.b0552	2.76	7
15201254	511145.b2192	2.76	7
15202445	511145.b3505	2.76	7
15200472	511145.b1331	2.76	7
15200349	511145.b1201	2.75	1
15200098	511145.b0933	2.74	1
15201515	511145.b2470	2.74	3
15203000	511145.b4120	2.72	4
15201124	511145.b2048	2.7	2
15201302	511145.b2243	2.69	1
15202540	511145.b3603	2.68	4
15199512	511145.b0290	2.63	1
15203150	511145.b4291	2.61	1
15203063	511145.b4187	2.59	1
15201775	511145.b2761	2.58	1
15202713	511145.b3801	2.58	2
15202986	511145.b4106	2.58	1
15200780	511145.b1674	2.56	2
15201237	511145.b2172	2.53	1
15201057	511145.b1968	2.49	1
15202977	511145.b4095	2.47	1
15200667	511145.b1553	2.47	1
15199436	511145.b0193	2.46	1
15199814	511145.b0621	2.45	2
15199758	511145.b0564	2.43	1
15201188	511145.b2120	2.4	1
15202805	511145.b3905	2.39	2
15201916	511145.b2921	2.39	1
15202589	511145.b3653	2.36	1
15202792	511145.b3892	2.29	2
15201743	511145.b2729	2.29	1
15201186	511145.b2118	2.27	5
15201187	511145.b2119	2.25	1
15202652	511145.b3723	2.25	1
15203250	511145.b4400	2.24	1
15199609	511145.b0400	2.23	1
15199292	511145.b0043	2.23	1
15200752	511145.b1644	2.22	1
15202963	511145.b4080	2.21	1
15201774	511145.b2760	2.18	1
15201228	511145.b2163	2.17	1
15201672	511145.b2636	2.16	3
15200157	511145.b0993	2.15	1
15199480	511145.b0251	2.14	3
15201582	511145.b2537	2.14	1
15201472	511145.b2427	2.14	1
15199316	511145.b0069	2.13	1
15201870	511145.b2871	2.12	1
15202709	511145.b3793	2.11	1
15200504	511145.b1372	2.09	3
15203278	511145.b4472	2.08	2
15202028	511145.b3051	2.06	2
15199990	511145.b0824	2.04	1
15201814	511145.b2802	2.04	5
15199605	511145.b0396	2.02	1
15199733	511145.b0531	2.01	1
15202516	511145.b3578	2.0	1
15201884	511145.b2887	1.99	1
15199335	511145.b0089	1.98	4
15200889	511145.b1786	1.97	1
15200433	511145.b1291	1.97	1
15200975	511145.b1872	1.95	1
15203219	511145.b4366	1.93	2
15199812	511145.b0619	1.92	1
15202419	511145.b3476	1.92	1
15201880	511145.b2881	1.89	3
15199513	511145.b0291	1.88	1
15199464	511145.b0231	1.87	1
15200517	511145.b1385	1.85	3
15203142	511145.b4278	1.84	4
15201450	511145.b2405	1.82	1
15200696	511145.b1588	1.81	2
15199948	511145.b0781	1.79	1
15203186	511145.b4328	1.79	1
15202985	511145.b4105	1.77	1
15202848	511145.b3951	1.73	2
15201143	511145.b2067	1.7	2
15200089	511145.b0924	1.69	3
15200529	511145.b1397	1.67	2
15200858	511145.b1755	1.66	1
15199893	511145.b0718	1.65	1
15201129	511145.b2053	1.64	6
15200800	511145.b1694	1.63	1
15201723	511145.b2709	1.61	1
15202778	511145.b3878	1.6	1
15200451	511145.b1309	1.55	6
15201126	511145.b2050	1.52	2
15202844	511145.b3946	1.51	1
15201151	511145.b2075	1.51	4
15199711	511145.b0507	1.49	2
15199780	511145.b0586	1.46	1
15200695	511145.b1587	1.45	2
15202731	511145.b3822	1.45	1
15202302	511145.b3350	1.43	1
15199397	511145.b0153	1.43	3
15202472	511145.b3532	1.42	1
15202842	511145.b3944	1.41	1
15203134	511145.b4265	1.41	1
15202979	511145.b4097	1.41	3
15199763	511145.b0569	1.36	1
15200309	511145.b1158	1.34	1
15201323	511145.b2264	1.3	1
15200615	511145.b1495	1.29	1
15200594	511145.b1474	1.29	2
15199881	511145.b0706	1.26	1
15201628	511145.b2583	1.26	2
15199762	511145.b0568	1.26	1
15200431	511145.b1289	1.25	1
15201871	511145.b2872	1.25	1
15200761	511145.b1653	1.24	3
15200704	511145.b1596	1.24	1
15199534	511145.b0316	1.23	4
15202513	511145.b3575	1.23	2
15202845	511145.b3947	1.2	1
15201306	511145.b2247	1.16	1
15203011	511145.b4131	1.14	1
15200604	511145.b1484	1.13	3
15200590	511145.b1467	1.13	1
15201874	511145.b2875	1.1	1
15201329	511145.b2270	1.09	1
15202126	511145.b3158	1.07	1
15199537	511145.b0319	1.07	1
15200518	511145.b1386	1.06	1
15200373	511145.b1225	1.06	2
15200184	511145.b1023	1.03	2
15202473	511145.b3533	1.01	1
15199506	511145.b0284	1.01	2
15200962	511145.b1859	1.01	2
15199392	511145.b0148	1.0	3
15203110	511145.b4239	0.987	4
15201532	511145.b2487	0.98	1
15200372	511145.b1224	0.964	3
15200983	511145.b1880	0.955	1
15202422	511145.b3479	0.945	1
15201225	511145.b2160	0.923	1
15199384	511145.b0140	0.921	1
15202957	511145.b4074	0.911	1
15201679	511145.b2647	0.896	1
15200181	511145.b1020	0.851	1
15201416	511145.b2364	0.811	1
15200410	511145.b1268	0.809	2
15200161	511145.b0997	0.802	1
15203287	511145.b4481	0.781	1
15200583	511145.b1460	0.769	1
15202427	511145.b3484	0.769	1
15199307	511145.b0060	0.764	2
15202349	511145.b3399	0.745	2
15201949	511145.b2957	0.74	1
15199289	511145.b0040	0.733	1
15202602	511145.b3667	0.678	1
15199416	511145.b0173	0.674	1
15200370	511145.b1222	0.666	3
15200837	511145.b1734	0.651	1
15202370	511145.b3422	0.621	1
15201661	511145.b2625	0.61	1
15201276	511145.b2214	0.601	1
15201587	511145.b2542	0.561	1
15199493	511145.b0269	0.541	3
15201653	511145.b2616	0.531	3
15201324	511145.b2265	0.531	1
15201149	511145.b2073	0.518	2
15203136	511145.b4267	0.516	1
15202804	511145.b3904	0.507	1
15201622	511145.b2577	0.48	1
15201288	511145.b2226	0.447	1
15201601	511145.b2556	0.436	1
15202507	511145.b3569	0.426	1
15199654	511145.b0445	0.416	1
15201136	511145.b2060	0.403	1
15201249	511145.b2184	0.397	1
15201536	511145.b2491	0.38	1
15199495	511145.b0271	0.35	1
15200059	511145.b0894	0.35	1
15202970	511145.b4087	0.341	1
15202278	511145.b3326	0.336	2
15201496	511145.b2451	0.331	1
15203337	511145.b4572	0.33	1
15203145	511145.b4284	0.324	1
15199484	511145.b0256	0.324	1
15200535	511145.b1404	0.324	1
15199721	511145.b0518	0.297	2
15201273	511145.b2211	0.288	1
15202531	511145.b3593	0.26	1
15202425	511145.b3482	0.257	1
15199878	511145.b0700	0.248	1
15203272	511145.b4466	0.206	1
