#id: 1112161095
#name: M.tuberculosis - Whole organism, Pepxml, SC (Cortes,cell_rep,2013)
#score: 5.24
#weight:  70%
#description: abundance based on Spectral counting, pepxml, Interaction consistency score: 5.24, Coverage: 36
#organ: WHOLE_ORGANISM
#integrated: false
#coverage: 36
#link: http://www.ncbi.nlm.nih.gov/pubmed/24268774
#publication_year: 2013
#filename: 83332-My_PXD000483_Cortes_2013.txt
#
#internal_id	string_external_id	abundance	raw_spectral_count
8820839	83332.Rv3418c	36149	151
8817775	83332.Rv0440	13644	258
8817612	83332.Rv0278c	8029	4
8818185	83332.Rv0833	7272	6
8819787	83332.Rv2396	7097	4
8818490	83332.Rv1133c	6451	150
8820307	83332.Rv2904c	5726	14
8821100	83332.Rv3678A	5314	8
8819186	83332.Rv1818c	5303	6
8817713	83332.Rv0379	5246	10
8818803	83332.Rv1441c	5109	4
8818032	83332.Rv0685	5045	78
8818030	83332.Rv0683	4895	26
8820392	83332.Rv2986c	4421	20
8821070	83332.Rv3648c	4217	14
8821277	83332.Rv3849	3952	34
8818842	83332.Rv1479	3707	50
8819915	83332.Rv2520c	3676	8
8819536	83332.Rv2159c	3432	36
8817684	83332.Rv0350	3425	90
8819625	83332.Rv2244	3365	16
8820879	83332.Rv3458c	3362	36
8818056	83332.Rv0708	3247	12
8819563	83332.Rv2185c	3197	20
8818750	83332.Rv1388	3135	26
8817999	83332.Rv0652	3076	12
8819516	83332.Rv2140c	3073	26
8818286	83332.Rv0934	3038	30
8821019	83332.Rv3597c	3026	10
8819254	83332.Rv1886c	3010	24
8818051	83332.Rv0703	2946	12
8817454	83332.Rv0125	2897	8
8821202	83332.Rv3774	2838	38
8819014	83332.Rv1646	2801	2
8817583	83332.Rv0250c	2771	16
8820285	83332.Rv2882c	2749	26
8819405	83332.Rv2031c	2694	18
8817922	83332.Rv0580c	2691	26
8818064	83332.Rv0716	2681	20
8819240	83332.Rv1872c	2548	52
8818302	83332.Rv0951	2539	50
8818370	83332.Rv1017c	2521	36
8818069	83332.Rv0721	2519	18
8818668	83332.Rv1308	2513	60
8821232	83332.Rv3804c	2507	28
8819288	83332.Rv1919c	2499	22
8818082	83332.Rv0733	2495	22
8818570	83332.Rv1211	2495	6
8820312	83332.Rv2909c	2492	14
8819101	83332.Rv1732c	2471	10
8820878	83332.Rv3457c	2463	40
8820293	83332.Rv2890c	2431	24
8817517	83332.Rv0186A	2426	6
8818536	83332.Rv1177	2424	8
8820640	83332.Rv3224	2395	30
8820031	83332.Rv2632c	2315	6
8818810	83332.Rv1448c	2271	44
8821229	83332.Rv3801c	2262	62
8817335	83332.Rv0009	2261	20
8818067	83332.Rv0719	2255	16
8820664	83332.Rv3246c	2245	22
8820687	83332.Rv3269	2237	8
8817370	83332.Rv0044c	2235	22
8820703	83332.Rv3285	2227	58
8818665	83332.Rv1305	2170	2
8817767	83332.Rv0432	2159	8
8820809	83332.Rv3389c	2151	28
8818669	83332.Rv1309	2135	28
8817980	83332.Rv0634B	2127	4
8820624	83332.Rv3208A	2113	10
8818851	83332.Rv1488	2094	34
8818670	83332.Rv1310	2094	52
8820436	83332.Rv3028c	2089	26
8820169	83332.Rv2769c	2082	4
8817839	83332.Rv0500	2078	18
8819599	83332.Rv2220	2076	52
8818058	83332.Rv0710	2041	10
8820528	83332.Rv3118	2035	18
8818166	83332.Rv0814c	2035	18
8818658	83332.Rv1298	2032	6
8818754	83332.Rv1392	2019	34
8818212	83332.Rv0860	2014	58
8819487	83332.Rv2111c	2004	4
8821014	83332.Rv3592	2003	8
8819003	83332.Rv1636	2003	18
8820454	83332.Rv3045	1994	30
8821098	83332.Rv3676	1989	20
8820425	83332.Rv3018A	1982	4
8820698	83332.Rv3280	1956	44
8820881	83332.Rv3460c	1952	10
8819181	83332.Rv1813c	1950	2
8821274	83332.Rv3846	1944	12
8821101	83332.Rv3678c	1941	8
8820374	83332.Rv2969c	1928	28
8819004	83332.Rv1637c	1922	12
8820572	83332.Rv3161c	1919	42
8820033	83332.Rv2634c	1913	2
8818752	83332.Rv1390	1889	4
8820357	83332.Rv2952	1885	18
8818633	83332.Rv1274	1874	6
8818518	83332.Rv1159A	1873	8
8817987	83332.Rv0640	1870	8
8821303	83332.Rv3875	1869	6
8817576	83332.Rv0243	1866	30
8817580	83332.Rv0247c	1855	28
8820666	83332.Rv3248c	1851	48
8817381	83332.Rv0055	1848	6
8819627	83332.Rv2246	1831	36
8818057	83332.Rv0709	1812	8
8819589	83332.Rv2211c	1790	12
8818620	83332.Rv1261c	1790	14
8820692	83332.Rv3274c	1784	30
8818838	83332.Rv1475c	1783	88
8820437	83332.Rv3029c	1781	14
8821269	83332.Rv3841	1779	18
8819685	83332.Rv2302	1777	4
8818773	83332.Rv1411c	1776	6
8820292	83332.Rv2889c	1772	26
8820527	83332.Rv3117	1767	44
8818167	83332.Rv0815c	1767	44
8817622	83332.Rv0288	1762	2
8817982	83332.Rv0635	1762	16
8820185	83332.Rv2785c	1755	8
8817983	83332.Rv0636	1731	10
8818087	83332.Rv0738	1730	8
8819855	83332.Rv2461c	1728	14
8817675	83332.Rv0341	1727	6
8818236	83332.Rv0884c	1720	24
8821141	83332.Rv3716c	1719	8
8821228	83332.Rv3800c	1703	120
8818049	83332.Rv0701	1693	18
8817697	83332.Rv0363c	1682	28
8820377	83332.Rv2971	1669	20
8819839	83332.Rv2445c	1668	16
8818015	83332.Rv0668	1660	100
8817989	83332.Rv0642c	1658	28
8819882	83332.Rv2487c	1649	4
8819277	83332.Rv1908c	1640	56
8819626	83332.Rv2245	1626	22
8820311	83332.Rv2908c	1626	8
8819835	83332.Rv2441c	1623	8
8821050	83332.Rv3628	1618	6
8818211	83332.Rv0859	1612	24
8819522	83332.Rv2145c	1612	18
8818830	83332.Rv1468c	1604	2
8820838	83332.Rv3417c	1590	38
8819205	83332.Rv1837c	1590	56
8818014	83332.Rv0667	1589	82
8818428	83332.Rv1074c	1585	24
8818852	83332.Rv1489	1582	8
8818248	83332.Rv0896	1577	34
8821091	83332.Rv3669	1575	6
8820877	83332.Rv3456c	1566	12
8820701	83332.Rv3283	1562	24
8817581	83332.Rv0248c	1556	46
8819573	83332.Rv2195	1548	36
8818997	83332.Rv1630	1544	38
8818183	83332.Rv0831c	1543	20
8819211	83332.Rv1843c	1541	32
8820332	83332.Rv2928	1533	20
8821293	83332.Rv3865	1516	10
8821143	83332.Rv3718c	1495	8
8819071	83332.Rv1703c	1482	16
8817393	83332.Rv0066c	1479	50
8818539	83332.Rv1180	1479	22
8820774	83332.Rv3354	1479	2
8820810	83332.Rv3390	1477	20
8820110	83332.Rv2711	1470	16
8818560	83332.Rv1201c	1464	14
8818434	83332.Rv1080c	1459	10
8820402	83332.Rv2996c	1454	42
8820642	83332.Rv3224B	1434	2
8819262	83332.Rv1893	1434	6
8818055	83332.Rv0707	1419	20
8817908	83332.Rv0566c	1413	12
8818447	83332.Rv1091	1406	6
8820345	83332.Rv2941	1405	30
8821005	83332.Rv3583c	1398	10
8821189	83332.Rv3763	1398	6
8818811	83332.Rv1449c	1398	36
8820271	83332.Rv2868c	1389	28
8817543	83332.Rv0211	1384	36
8817362	83332.Rv0036c	1380	12
8819593	83332.Rv2215	1375	30
8819679	83332.Rv2296	1374	26
8818502	83332.Rv1144	1372	14
8817513	83332.Rv0183	1368	12
8820883	83332.Rv3462c	1368	6
8817328	83332.Rv0002	1367	24
8821145	83332.Rv3720	1366	26
8819979	83332.Rv2582	1364	12
8818031	83332.Rv0684	1355	42
8819195	83332.Rv1827	1353	8
8818053	83332.Rv0705	1351	6
8817417	83332.Rv0088	1340	16
8818454	83332.Rv1098c	1338	30
8818449	83332.Rv1093	1333	26
8820149	83332.Rv2749	1306	6
8820014	83332.Rv2615c	1304	2
8817990	83332.Rv0643c	1292	20
8820098	83332.Rv2699c	1291	6
8819836	83332.Rv2442c	1286	6
8821302	83332.Rv3874	1282	8
8818455	83332.Rv1099c	1279	20
8819294	83332.Rv1925	1255	42
8817998	83332.Rv0651	1247	8
8818277	83332.Rv0925c	1228	14
8818432	83332.Rv1078	1226	6
8818002	83332.Rv0655	1223	18
8818963	83332.Rv1596	1215	18
8817977	83332.Rv0632c	1212	20
8817806	83332.Rv0469	1209	24
8820452	83332.Rv3043c	1204	22
8818800	83332.Rv1438	1203	18
8820401	83332.Rv2995c	1201	16
8818162	83332.Rv0810c	1197	4
8818686	83332.Rv1325c	1196	2
8818657	83332.Rv1297	1184	36
8820233	83332.Rv2831	1177	16
8817346	83332.Rv0020c	1177	22
8818079	83332.Rv0730	1175	14
8820699	83332.Rv3281	1172	8
8818696	83332.Rv1335	1170	6
8818376	83332.Rv1023	1166	16
8820949	83332.Rv3528c	1166	18
8821018	83332.Rv3596c	1164	42
8817718	83332.Rv0384c	1163	48
8817603	83332.Rv0270	1161	30
8821160	83332.Rv3734c	1158	24
8819622	83332.Rv2241	1152	42
8820863	83332.Rv3442c	1151	6
8820263	83332.Rv2861c	1150	6
8820808	83332.Rv3388	1148	2
8820053	83332.Rv2654c	1142	2
8818689	83332.Rv1328	1140	38
8820729	83332.Rv3311	1133	16
8821231	83332.Rv3803c	1133	10
8821295	83332.Rv3867	1130	8
8818308	83332.Rv0957	1130	10
8819916	83332.Rv2521	1125	6
8817458	83332.Rv0129c	1120	12
8818666	83332.Rv1306	1118	6
8818223	83332.Rv0871	1118	8
8820691	83332.Rv3273	1115	24
8817476	83332.Rv0147	1115	22
8820557	83332.Rv3146	1113	8
8819821	83332.Rv2428	1109	12
8819289	83332.Rv1920	1107	6
8819223	83332.Rv1855c	1103	14
8819961	83332.Rv2564	1092	18
8817919	83332.Rv0577	1083	8
8820344	83332.Rv2940c	1082	106
8819765	83332.Rv2376c	1076	2
8818984	83332.Rv1617	1076	26
8818225	83332.Rv0873	1075	32
8820183	83332.Rv2783c	1075	44
8818978	83332.Rv1611	1075	16
8817686	83332.Rv0352	1074	18
8819919	83332.Rv2524c	1073	142
8818125	83332.Rv0774c	1059	4
8817984	83332.Rv0637	1057	8
8820636	83332.Rv3221A	1056	2
8817694	83332.Rv0360c	1054	4
8819847	83332.Rv2453c	1053	10
8821123	83332.Rv3699	1051	10
8817477	83332.Rv0148	1049	16
8817812	83332.Rv0474	1049	8
8817575	83332.Rv0242c	1048	24
8820940	83332.Rv3519	1046	16
8818150	83332.Rv0798c	1045	14
8820910	83332.Rv3489	1039	2
8817685	83332.Rv0351	1033	10
8819449	83332.Rv2074	1026	10
8818303	83332.Rv0952	1025	14
8818540	83332.Rv1181	1025	68
8817986	83332.Rv0639	1024	12
8820484	83332.Rv3075c	1020	18
8819550	83332.Rv2172c	1017	10
8818029	83332.Rv0682	1017	6
8817808	83332.Rv0470c	1016	16
8819118	83332.Rv1749c	1016	6
8818450	83332.Rv1094	1011	16
8818112	83332.Rv0761c	1010	16
8817874	83332.Rv0532	1008	6
8819871	83332.Rv2476c	1006	84
8819715	83332.Rv2327	1005	6
8818424	83332.Rv1070c	998	20
8817667	83332.Rv0333	997	6
8819435	83332.Rv2061c	995	8
8819860	83332.Rv2466c	991	8
8818878	83332.Rv1511	990	18
8821134	83332.Rv3709c	990	20
8819527	83332.Rv2150c	981	14
8817331	83332.Rv0005	981	28
8818766	83332.Rv1404	980	6
8817840	83332.Rv0500A	977	4
8821308	83332.Rv3880c	974	8
8820639	83332.Rv3223c	973	10
8817988	83332.Rv0641	972	10
8820343	83332.Rv2939	972	8
8818033	83332.Rv0686	966	14
8818846	83332.Rv1483	965	12
8817502	83332.Rv0172	963	16
8820408	83332.Rv3001c	961	20
8819485	83332.Rv2109c	956	14
8817604	83332.Rv0271c	956	30
8818975	83332.Rv1608c	956	8
8820001	83332.Rv2603c	954	10
8819628	83332.Rv2247	953	20
8819428	83332.Rv2054	951	12
8818551	83332.Rv1192	946	12
8818017	83332.Rv0670	943	10
8818607	83332.Rv1248c	937	58
8821246	83332.Rv3818	936	18
8821253	83332.Rv3825c	935	88
8819681	83332.Rv2298	933	18
8818066	83332.Rv0718	932	4
8821345	83332.Rv3917c	932	12
8819009	83332.Rv1641	930	6
8820350	83332.Rv2945c	928	10
8817845	83332.Rv0504c	927	6
8817890	83332.Rv0548c	922	12
8821216	83332.Rv3788	921	4
8818068	83332.Rv0720	918	8
8818925	83332.Rv1558	915	10
8820418	83332.Rv3011c	914	12
8817904	83332.Rv0562	906	18
8818911	83332.Rv1544	906	14
8818685	83332.Rv1324	905	10
8817866	83332.Rv0525	905	8
8818101	83332.Rv0751c	905	6
8818331	83332.Rv0979A	905	2
8820322	83332.Rv2919c	903	4
8819591	83332.Rv2213	901	26
8819863	83332.Rv2468c	898	6
8818337	83332.Rv0984	895	8
8819565	83332.Rv2187	892	32
8818346	83332.Rv0993	891	6
8821037	83332.Rv3615c	890	2
8820605	83332.Rv3193c	886	32
8820713	83332.Rv3295	885	12
8820831	83332.Rv3410c	883	12
8820930	83332.Rv3509c	882	18
8821147	83332.Rv3722c	880	24
8820178	83332.Rv2778c	878	6
8818910	83332.Rv1543	868	16
8817991	83332.Rv0644c	867	20
8819574	83332.Rv2196	864	28
8819578	83332.Rv2200c	860	14
8818052	83332.Rv0704	858	10
8818847	83332.Rv1484	851	12
8819872	83332.Rv2477c	849	20
8818176	83332.Rv0824c	848	12
8820898	83332.Rv3477	845	2
8820120	83332.Rv2721c	844	16
8819631	83332.Rv2250A	844	2
8818805	83332.Rv1443c	839	6
8821318	83332.Rv3890c	839	2
8818283	83332.Rv0931c	838	26
8820339	83332.Rv2935	838	48
8818354	83332.Rv1001	836	16
8817817	83332.Rv0479c	833	12
8819620	83332.Rv2239c	828	2
8821173	83332.Rv3747	825	4
8821296	83332.Rv3868	823	22
8819848	83332.Rv2454c	821	14
8819237	83332.Rv1869c	821	18
8819026	83332.Rv1658	819	16
8820550	83332.Rv3139	819	12
8818582	83332.Rv1223	817	18
8821300	83332.Rv3872	816	2
8819762	83332.Rv2373c	815	8
8821319	83332.Rv3891c	813	4
8819424	83332.Rv2050	809	4
8818257	83332.Rv0905	805	10
8819804	83332.Rv2412	804	2
8819162	83332.Rv1794	804	12
8820102	83332.Rv2703	803	12
8821115	83332.Rv3692	802	14
8818459	83332.Rv1103c	800	4
8817503	83332.Rv0173	797	16
8818926	83332.Rv1559	796	6
8817616	83332.Rv0282	795	28
8820512	83332.Rv3102c	794	8
8819044	83332.Rv1676	791	6
8820609	83332.Rv3196A	791	4
8821006	83332.Rv3584	789	6
8819580	83332.Rv2202c	787	16
8820561	83332.Rv3150	787	12
8818414	83332.Rv1060	783	4
8819301	83332.Rv1932	781	6
8818799	83332.Rv1437	778	14
8819140	83332.Rv1770	776	14
8820455	83332.Rv3046c	775	4
8821103	83332.Rv3680	772	12
8821309	83332.Rv3881c	772	14
8820570	83332.Rv3159c	771	2
8818798	83332.Rv1436	769	14
8819856	83332.Rv2462c	767	16
8818544	83332.Rv1185c	766	22
8818232	83332.Rv0880	765	2
8817483	83332.Rv0154c	764	12
8819899	83332.Rv2504c	763	2
8817925	83332.Rv0583c	762	6
8819006	83332.Rv1638A	761	4
8820880	83332.Rv3459c	761	2
8818421	83332.Rv1067c	759	2
8817372	83332.Rv0046c	759	16
8819467	83332.Rv2091c	759	6
8817504	83332.Rv0174	756	12
8819904	83332.Rv2509	755	10
8818140	83332.Rv0788	751	8
8817449	83332.Rv0120c	750	26
8820968	83332.Rv3547	747	8
8818433	83332.Rv1079	746	10
8817795	83332.Rv0458	746	18
8819653	83332.Rv2271	745	2
8821227	83332.Rv3799c	745	18
8820004	83332.Rv2606c	741	10
8819601	83332.Rv2222c	740	16
8821010	83332.Rv3588c	737	6
8818671	83332.Rv1311	737	4
8819663	83332.Rv2280	735	12
8819603	83332.Rv2224c	735	10
8820682	83332.Rv3264c	734	10
8819647	83332.Rv2265	734	4
8820449	83332.Rv3040c	733	12
8818025	83332.Rv0678	731	8
8820641	83332.Rv3224A	729	2
8820884	83332.Rv3463	724	10
8818599	83332.Rv1240	723	16
8818758	83332.Rv1396c	722	2
8819640	83332.Rv2258c	720	12
8817400	83332.Rv0073	720	10
8820144	83332.Rv2744c	719	10
8817778	83332.Rv0443	716	6
8817844	83332.Rv0503c	710	8
8817799	83332.Rv0462	710	20
8817497	83332.Rv0167	709	4
8817486	83332.Rv0157	708	8
8820552	83332.Rv3141	707	10
8819756	83332.Rv2367c	707	4
8818463	83332.Rv1107c	704	2
8819861	83332.Rv2467	703	20
8819838	83332.Rv2444c	701	26
8817813	83332.Rv0475	697	10
8817559	83332.Rv0227c	694	14
8819045	83332.Rv1677	692	6
8817379	83332.Rv0053	692	4
8820364	83332.Rv2959c	689	8
8819582	83332.Rv2204c	687	4
8818285	83332.Rv0933	686	6
8818579	83332.Rv1220c	686	8
8817473	83332.Rv0144	684	6
8819642	83332.Rv2260	683	6
8817753	83332.Rv0418	682	20
8817577	83332.Rv0244c	681	18
8818279	83332.Rv0927c	680	6
8819351	83332.Rv1980c	680	8
8820398	83332.Rv2992c	679	18
8821342	83332.Rv3914	678	4
8818741	83332.Rv1379	678	8
8820096	83332.Rv2697c	676	6
8819224	83332.Rv1856c	675	12
8820166	83332.Rv2766c	674	6
8818993	83332.Rv1626	673	8
8818979	83332.Rv1612	672	10
8818745	83332.Rv1383	672	6
8817901	83332.Rv0559c	671	4
8818284	83332.Rv0932c	668	6
8820722	83332.Rv3304	667	4
8819608	83332.Rv2229c	664	8
8818280	83332.Rv0928	663	6
8817738	83332.Rv0403c	663	2
8817801	83332.Rv0464c	662	8
8821168	83332.Rv3742c	662	2
8818108	83332.Rv0757	661	8
8818070	83332.Rv0722	658	2
8820658	83332.Rv3240c	656	24
8820393	83332.Rv2987c	656	8
8819120	83332.Rv1751	655	18
8819248	83332.Rv1880c	653	12
8818062	83332.Rv0714	653	4
8817520	83332.Rv0189c	652	12
8818628	83332.Rv1269c	650	4
8821282	83332.Rv3854c	648	22
8817805	83332.Rv0468	648	10
8817957	83332.Rv0613c	647	22
8820776	83332.Rv3356c	643	6
8820551	83332.Rv3140	642	12
8818869	83332.Rv1504c	641	2
8818980	83332.Rv1613	640	10
8820376	83332.Rv2970c	639	10
8817992	83332.Rv0645c	635	10
8819727	83332.Rv2338c	634	8
8819588	83332.Rv2210c	633	12
8819605	83332.Rv2226	631	12
8820290	83332.Rv2887	628	2
8817615	83332.Rv0281	627	10
8817500	83332.Rv0170	627	14
8819474	83332.Rv2098c	626	2
8820119	83332.Rv2720	626	6
8818771	83332.Rv1409	625	8
8820864	83332.Rv3443c	623	4
8821208	83332.Rv3780	622	10
8817333	83332.Rv0007	619	4
8817510	83332.Rv0180c	619	8
8819718	83332.Rv2330c	619	2
8819859	83332.Rv2465c	614	6
8819931	83332.Rv2535c	614	10
8819556	83332.Rv2178c	612	10
8820467	83332.Rv3058c	612	6
8818425	83332.Rv1071c	610	8
8817717	83332.Rv0383c	609	12
8818739	83332.Rv1377c	607	4
8818024	83332.Rv0677c	606	6
8819682	83332.Rv2299c	606	20
8817768	83332.Rv0433	605	10
8819443	83332.Rv2068c	602	14
8817498	83332.Rv0168	599	2
8818561	83332.Rv1202	598	8
8819798	83332.Rv2406c	598	4
8820255	83332.Rv2853	597	2
8821135	83332.Rv3710	596	16
8817574	83332.Rv0241c	595	6
8819594	83332.Rv2216	594	8
8818961	83332.Rv1594	593	10
8817499	83332.Rv0169	592	14
8817742	83332.Rv0407	590	10
8819295	83332.Rv1926c	590	4
8820022	83332.Rv2623	589	8
8817380	83332.Rv0054	588	4
8820565	83332.Rv3154	587	4
8818063	83332.Rv0715	586	4
8819992	83332.Rv2595	583	2
8818593	83332.Rv1234	583	4
8820447	83332.Rv3038c	582	10
8821341	83332.Rv3913	582	10
8819854	83332.Rv2460c	582	6
8819228	83332.Rv1860	581	4
8817827	83332.Rv0489	580	8
8820509	83332.Rv3099c	578	6
8819641	83332.Rv2259	577	4
8817563	83332.Rv0231	576	18
8817735	83332.Rv0400c	575	14
8820241	83332.Rv2839c	575	22
8820071	83332.Rv2672	575	6
8818552	83332.Rv1193	574	10
8818334	83332.Rv0981	569	8
8818022	83332.Rv0675	569	8
8818110	83332.Rv0759c	566	2
8820331	83332.Rv2927c	566	6
8820515	83332.Rv3105c	566	12
8817519	83332.Rv0188	565	2
8817649	83332.Rv0315	553	8
8819141	83332.Rv1771	553	16
8820620	83332.Rv3205c	552	8
8819654	83332.Rv2272	549	2
8819243	83332.Rv1875	548	4
8821244	83332.Rv3816c	547	4
8819985	83332.Rv2588c	546	2
8819100	83332.Rv1731	545	14
8818797	83332.Rv1435c	545	2
8819534	83332.Rv2157c	539	8
8818479	83332.Rv1122	539	8
8820356	83332.Rv2951c	538	12
8818812	83332.Rv1450c	538	6
8818217	83332.Rv0865	538	2
8818626	83332.Rv1267c	537	10
8818577	83332.Rv1218c	537	10
8819684	83332.Rv2301	536	2
8820260	83332.Rv2858c	535	6
8817382	83332.Rv0056	535	6
8819489	83332.Rv2113	532	8
8817394	83332.Rv0067c	530	2
8817790	83332.Rv0455c	529	4
8819507	83332.Rv2131c	529	8
8820788	83332.Rv3368c	528	4
8818120	83332.Rv0769	528	6
8817521	83332.Rv0190	525	2
8817360	83332.Rv0034	525	2
8817691	83332.Rv0357c	523	6
8817596	83332.Rv0263c	522	8
8818762	83332.Rv1400c	520	6
8819197	83332.Rv1829	520	4
8820073	83332.Rv2674	520	2
8819239	83332.Rv1871c	519	4
8817618	83332.Rv0284	519	34
8818655	83332.Rv1295	518	8
8820360	83332.Rv2955c	514	8
8818814	83332.Rv1452c	513	4
8819189	83332.Rv1821	509	18
8817448	83332.Rv0119	508	10
8818137	83332.Rv0786c	508	2
8820655	83332.Rv3237c	506	6
8818575	83332.Rv1216c	505	2
8820358	83332.Rv2953	504	12
8817865	83332.Rv0524	503	10
8817665	83332.Rv0331	502	6
8817624	83332.Rv0290	501	10
8821316	83332.Rv3888c	500	8
8821278	83332.Rv3850	499	4
8820284	83332.Rv2881c	498	4
8819723	83332.Rv2334	497	8
8820674	83332.Rv3256c	495	6
8820354	83332.Rv2949c	493	4
8819486	83332.Rv2110c	491	10
8818035	83332.Rv0688	490	10
8820416	83332.Rv3009c	488	14
8818465	83332.Rv1109c	488	4
8818048	83332.Rv0700	488	4
8819161	83332.Rv1793	487	6
8819586	83332.Rv2208	486	2
8820832	83332.Rv3411c	485	14
8818770	83332.Rv1408	480	2
8818080	83332.Rv0731c	479	8
8817746	83332.Rv0411c	478	6
8818816	83332.Rv1454c	476	10
8820737	83332.Rv3318	474	8
8820992	83332.Rv3570c	472	8
8819797	83332.Rv2405	471	6
8819193	83332.Rv1825	471	4
8820093	83332.Rv2694c	471	4
8817456	83332.Rv0127	471	12
8818825	83332.Rv1463	469	8
8818701	83332.Rv1340	468	4
8820340	83332.Rv2936	468	6
8820025	83332.Rv2626c	468	4
8818661	83332.Rv1301	467	6
8819746	83332.Rv2357c	467	14
8817332	83332.Rv0006	465	26
8819952	83332.Rv2555c	464	20
8818684	83332.Rv1323	464	10
8820621	83332.Rv3206c	463	8
8819954	83332.Rv2557	462	4
8818634	83332.Rv1275	462	4
8820524	83332.Rv3114	462	2
8817625	83332.Rv0291	459	4
8820580	83332.Rv3169	457	10
8819150	83332.Rv1780	457	4
8819893	83332.Rv2498c	457	4
8820822	83332.Rv3401	457	18
8818103	83332.Rv0753c	452	8
8820955	83332.Rv3534c	452	4
8820562	83332.Rv3151	451	16
8820554	83332.Rv3143	449	4
8819356	83332.Rv1984c	448	2
8818627	83332.Rv1268c	447	2
8818862	83332.Rv1498A	446	2
8817617	83332.Rv0283	446	16
8817994	83332.Rv0647c	444	12
8819379	83332.Rv2005c	443	6
8819106	83332.Rv1737c	443	2
8819592	83332.Rv2214c	443	8
8819152	83332.Rv1782	442	10
8818173	83332.Rv0821c	442	6
8819814	83332.Rv2422	442	2
8819843	83332.Rv2449c	441	14
8820453	83332.Rv3044	441	4
8817655	83332.Rv0321	441	2
8817846	83332.Rv0505c	441	6
8817887	83332.Rv0545c	437	2
8818307	83332.Rv0956	437	2
8817556	83332.Rv0224c	437	4
8820796	83332.Rv3376	436	2
8819115	83332.Rv1746	435	6
8819748	83332.Rv2359	432	4
8817501	83332.Rv0171	432	12
8817832	83332.Rv0493c	432	4
8819278	83332.Rv1909c	429	2
8819535	83332.Rv2158c	429	12
8818023	83332.Rv0676c	427	20
8820728	83332.Rv3310	423	2
8821083	83332.Rv3661	422	6
8818436	83332.Rv1082	421	6
8818139	83332.Rv0787A	421	2
8819572	83332.Rv2194	420	4
8818576	83332.Rv1217c	419	8
8820499	83332.Rv3090	418	6
8819823	83332.Rv2430c	417	2
8820679	83332.Rv3261	414	4
8820615	83332.Rv3200c	414	8
8821219	83332.Rv3791	413	6
8819891	83332.Rv2496c	413	6
8817425	83332.Rv0096	410	4
8820173	83332.Rv2773c	410	4
8820090	83332.Rv2691	410	6
8818723	83332.Rv1362c	409	2
8818706	83332.Rv1345	409	4
8821126	83332.Rv3702c	408	2
8820997	83332.Rv3575c	408	6
8821133	83332.Rv3708c	404	6
8819571	83332.Rv2193	403	2
8817334	83332.Rv0008c	403	2
8817932	83332.Rv0590	403	4
8821301	83332.Rv3873	402	2
8820688	83332.Rv3270	402	10
8818966	83332.Rv1599	401	4
8817475	83332.Rv0146	401	6
8818654	83332.Rv1294	400	8
8819776	83332.Rv2387	399	2
8819473	83332.Rv2097c	399	8
8819711	83332.Rv2323c	398	2
8819204	83332.Rv1836c	397	14
8818399	83332.Rv1045	397	2
8820075	83332.Rv2676c	396	4
8821304	83332.Rv3876	396	8
8818050	83332.Rv0702	394	4
8817459	83332.Rv0130	393	2
8821030	83332.Rv3608c	393	6
8821144	83332.Rv3719	392	8
8817532	83332.Rv0200	391	2
8820422	83332.Rv3015c	390	4
8819329	83332.Rv1959c	389	2
8821089	83332.Rv3667	387	10
8818503	83332.Rv1145	387	4
8818700	83332.Rv1339	386	2
8821297	83332.Rv3869	385	8
8820935	83332.Rv3514	383	4
8818206	83332.Rv0854	383	2
8820929	83332.Rv3508	381	2
8821093	83332.Rv3671c	381	6
8820817	83332.Rv3396c	379	10
8820804	83332.Rv3384c	378	2
8818474	83332.Rv1117	375	2
8819808	83332.Rv2416c	375	6
8819780	83332.Rv2391	373	14
8818888	83332.Rv1521	373	12
8819734	83332.Rv2345	372	8
8818054	83332.Rv0706	371	4
8817668	83332.Rv0334	370	6
8817460	83332.Rv0131c	370	6
8817653	83332.Rv0319	370	2
8817724	83332.Rv0390	368	4
8818569	83332.Rv1210	368	2
8818588	83332.Rv1229c	368	8
8819841	83332.Rv2447c	368	4
8820566	83332.Rv3155	367	2
8817785	83332.Rv0450c	367	12
8818994	83332.Rv1627c	366	6
8818971	83332.Rv1604	366	2
8820325	83332.Rv2922A	365	2
8820911	83332.Rv3490	364	8
8817642	83332.Rv0308	363	4
8820844	83332.Rv3423c	363	4
8820189	83332.Rv2789c	362	4
8817814	83332.Rv0476	360	2
8820610	83332.Rv3197	358	6
8821248	83332.Rv3820c	356	4
8817690	83332.Rv0356c	355	2
8819783	83332.Rv2394	349	8
8820885	83332.Rv3464	349	4
8817779	83332.Rv0444c	348	4
8820906	83332.Rv3485c	348	4
8820648	83332.Rv3230c	347	4
8818809	83332.Rv1447c	347	6
8820564	83332.Rv3153	347	4
8820600	83332.Rv3189	346	2
8818534	83332.Rv1175c	345	8
8818643	83332.Rv1284	344	4
8819957	83332.Rv2560	343	2
8819553	83332.Rv2175c	342	2
8820201	83332.Rv2801A	341	2
8819951	83332.Rv2554c	341	2
8817803	83332.Rv0466	340	6
8819220	83332.Rv1852	340	2
8818597	83332.Rv1238	338	6
8818923	83332.Rv1556	338	2
8820074	83332.Rv2675c	336	2
8819930	83332.Rv2534c	335	4
8821280	83332.Rv3852	335	2
8818785	83332.Rv1423	335	6
8818318	83332.Rv0966c	334	2
8818241	83332.Rv0889c	332	8
8818374	83332.Rv1021	332	4
8820395	83332.Rv2989	331	2
8818969	83332.Rv1602	331	2
8819753	83332.Rv2364c	330	2
8817917	83332.Rv0575c	329	2
8821152	83332.Rv3726	329	4
8820459	83332.Rv3050c	328	2
8819040	83332.Rv1672c	327	2
8817582	83332.Rv0249c	326	2
8818392	83332.Rv1038c	326	6
8818556	83332.Rv1197	326	6
8818205	83332.Rv0853c	326	6
8818543	83332.Rv1184c	325	2
8821299	83332.Rv3871	325	6
8820338	83332.Rv2934	325	20
8817530	83332.Rv0198c	325	10
8820337	83332.Rv2933	324	28
8819018	83332.Rv1650	324	8
8820259	83332.Rv2857c	323	2
8820702	83332.Rv3284	322	2
8817979	83332.Rv0634A	322	2
8818760	83332.Rv1398c	321	2
8818512	83332.Rv1154c	320	2
8820319	83332.Rv2916c	320	6
8818136	83332.Rv0785	319	4
8819677	83332.Rv2294	318	8
8819802	83332.Rv2410c	318	4
8820559	83332.Rv3148	318	8
8818170	83332.Rv0818	318	4
8817651	83332.Rv0317c	317	4
8820190	83332.Rv2790c	317	6
8818500	83332.Rv1142c	316	2
8819519	83332.Rv2142c	316	2
8818664	83332.Rv1304	316	2
8820720	83332.Rv3302c	314	8
8818960	83332.Rv1593c	314	4
8819987	83332.Rv2590	314	10
8820694	83332.Rv3276c	313	4
8819710	83332.Rv2322c	313	2
8817906	83332.Rv0564c	312	4
8818255	83332.Rv0903c	312	4
8818976	83332.Rv1609	312	4
8820092	83332.Rv2693c	311	2
8820445	83332.Rv3036c	311	2
8820013	83332.Rv2614c	310	6
8820500	83332.Rv3091	310	8
8820243	83332.Rv2841c	310	4
8821001	83332.Rv3579c	309	2
8818036	83332.Rv0689c	309	2
8820186	83332.Rv2786c	308	2
8819499	83332.Rv2123	308	2
8819242	83332.Rv1874	307	2
8817484	83332.Rv0155	306	8
8819998	83332.Rv2601	306	4
8820123	83332.Rv2724c	305	4
8820756	83332.Rv3336c	304	4
8820548	83332.Rv3137	304	6
8818778	83332.Rv1416	304	4
8821094	83332.Rv3672c	304	2
8818981	83332.Rv1614	303	6
8818667	83332.Rv1307	302	8
8821073	83332.Rv3651	302	4
8818753	83332.Rv1391	301	4
8818759	83332.Rv1397c	300	2
8817626	83332.Rv0292	300	6
8819440	83332.Rv2065	300	2
8820760	83332.Rv3340	300	4
8819976	83332.Rv2579	299	4
8818216	83332.Rv0864	298	2
8819082	83332.Rv1713	298	4
8817723	83332.Rv0389	297	4
8818553	83332.Rv1194c	297	4
8820977	83332.Rv3556c	296	4
8817871	83332.Rv0530	296	8
8819327	83332.Rv1957	295	2
8819050	83332.Rv1682	295	2
8819652	83332.Rv2270	295	2
8819225	83332.Rv1857	294	4
8820904	83332.Rv3483c	291	2
8821294	83332.Rv3866	291	2
8818549	83332.Rv1190	291	2
8817666	83332.Rv0332	291	6
8820623	83332.Rv3208	290	2
8820309	83332.Rv2906c	290	2
8817595	83332.Rv0262c	290	2
8818187	83332.Rv0835	289	2
8820853	83332.Rv3432c	289	4
8818151	83332.Rv0799c	288	4
8819560	83332.Rv2182c	287	4
8820387	83332.Rv2981c	286	4
8819505	83332.Rv2129c	285	6
8820297	83332.Rv2894c	283	2
8820372	83332.Rv2967c	283	12
8818743	83332.Rv1381	283	4
8821335	83332.Rv3907c	282	6
8817786	83332.Rv0451c	282	2
8819411	83332.Rv2037c	282	2
8820433	83332.Rv3025c	281	2
8820748	83332.Rv3328c	281	2
8821349	83332.Rv3921c	280	2
8820003	83332.Rv2605c	280	4
8817518	83332.Rv0187	280	4
8818298	83332.Rv0946c	280	10
8817889	83332.Rv0547c	279	6
8817539	83332.Rv0207c	279	2
8818391	83332.Rv1037c	279	4
8821041	83332.Rv3619c	279	4
8817566	83332.Rv0234c	279	6
8819408	83332.Rv2034	278	2
8821046	83332.Rv3624c	278	4
8819022	83332.Rv1654	278	2
8819349	83332.Rv1978	277	6
8818598	83332.Rv1239c	277	4
8821193	83332.Rv3767c	276	4
8820673	83332.Rv3255c	276	4
8819283	83332.Rv1914c	276	2
8817538	83332.Rv0206c	276	12
8818844	83332.Rv1481	275	2
8819275	83332.Rv1906c	275	2
8821218	83332.Rv3790	274	6
8820295	83332.Rv2892c	274	2
8818674	83332.Rv1314c	272	2
8821111	83332.Rv3688c	272	2
8818688	83332.Rv1327c	272	8
8819584	83332.Rv2206	271	2
8818172	83332.Rv0820	271	2
8819939	83332.Rv2543	270	2
8821095	83332.Rv3673c	270	2
8818165	83332.Rv0813c	270	2
8818578	83332.Rv1219c	268	2
8819962	83332.Rv2565	267	4
8819328	83332.Rv1958c	267	2
8819868	83332.Rv2473	267	2
8821291	83332.Rv3863	266	2
8817726	83332.Rv0392c	266	6
8818410	83332.Rv1056	266	2
8821254	83332.Rv3826	266	8
8819895	83332.Rv2500c	265	6
8821247	83332.Rv3819	265	2
8818619	83332.Rv1260	265	6
8820860	83332.Rv3439c	264	2
8818970	83332.Rv1603	264	4
8817339	83332.Rv0013	264	2
8820558	83332.Rv3147	264	4
8817404	83332.Rv0077c	263	4
8819667	83332.Rv2284	262	4
8821181	83332.Rv3755c	261	4
8820298	83332.Rv2895c	260	2
8818083	83332.Rv0734	260	2
8821315	83332.Rv3887c	259	2
8818034	83332.Rv0687	259	2
8817944	83332.Rv0601c	257	2
8819619	83332.Rv2238c	257	2
8817367	83332.Rv0041	257	12
8820762	83332.Rv3342	255	2
8819539	83332.Rv2161c	254	4
8818937	83332.Rv1570	253	2
8817437	83332.Rv0108c	252	2
8819267	83332.Rv1898	252	2
8821081	83332.Rv3659c	251	2
8819201	83332.Rv1833c	251	4
8818155	83332.Rv0803	250	8
8819674	83332.Rv2291	250	2
8819270	83332.Rv1901	250	4
8817918	83332.Rv0576	250	8
8820941	83332.Rv3520c	250	6
8819520	83332.Rv2143	249	2
8819048	83332.Rv1680	249	2
8820150	83332.Rv2750	248	2
8821036	83332.Rv3614c	247	2
8817327	83332.Rv0001	247	8
8818652	83332.Rv1292	246	8
8817745	83332.Rv0410c	246	10
8820752	83332.Rv3332	245	2
8820390	83332.Rv2984	244	10
8818042	83332.Rv0694	243	2
8819153	83332.Rv1783	243	16
8820442	83332.Rv3033	242	2
8821310	83332.Rv3882c	241	6
8818538	83332.Rv1179c	241	8
8819890	83332.Rv2495c	241	8
8819035	83332.Rv1667c	240	2
8820759	83332.Rv3339c	239	4
8819972	83332.Rv2575	237	2
8819077	83332.Rv1708	236	2
8818398	83332.Rv1044	234	2
8819292	83332.Rv1923	234	6
8818522	83332.Rv1163	233	2
8820257	83332.Rv2855	233	6
8817853	83332.Rv0512	232	2
8819497	83332.Rv2121c	232	2
8821338	83332.Rv3910	232	10
8820857	83332.Rv3436c	231	10
8819047	83332.Rv1679	231	4
8820140	83332.Rv2740	231	2
8819339	83332.Rv1968	230	2
8819056	83332.Rv1688	229	2
8820272	83332.Rv2869c	229	6
8819870	83332.Rv2475c	227	2
8819433	83332.Rv2059	226	2
8818304	83332.Rv0953c	225	2
8819885	83332.Rv2490c	225	2
8821281	83332.Rv3853	225	2
8820139	83332.Rv2739c	224	2
8820117	83332.Rv2718c	222	2
8819376	83332.Rv2002	222	2
8819459	83332.Rv2083	219	2
8818461	83332.Rv1105	218	2
8818697	83332.Rv1336	218	2
8819268	83332.Rv1899c	218	6
8820247	83332.Rv2845c	218	4
8818749	83332.Rv1387	217	2
8817447	83332.Rv0118c	217	4
8817344	83332.Rv0018c	217	4
8818431	83332.Rv1077	217	6
8819337	83332.Rv1966	216	2
8817837	83332.Rv0498	216	2
8820109	83332.Rv2710	215	2
8817548	83332.Rv0216	214	2
8819490	83332.Rv2114	214	2
8820368	83332.Rv2963	213	2
8819370	83332.Rv1996	213	4
8820859	83332.Rv3438	212	4
8818292	83332.Rv0940c	212	2
8819820	83332.Rv2427c	212	6
8819051	83332.Rv1683	212	8
8818360	83332.Rv1007c	212	6
8819576	83332.Rv2198c	212	2
8820079	83332.Rv2680	211	4
8821334	83332.Rv3906c	211	2
8818453	83332.Rv1097c	209	2
8821080	83332.Rv3658c	209	2
8817426	83332.Rv0097	208	2
8818127	83332.Rv0776c	208	2
8821106	83332.Rv3683	207	2
8819200	83332.Rv1832	207	8
8821305	83332.Rv3877	207	4
8817494	83332.Rv0164	207	2
8819526	83332.Rv2149c	206	2
8819842	83332.Rv2448c	205	12
8819781	83332.Rv2392	205	2
8819897	83332.Rv2502c	205	4
8820869	83332.Rv3448	204	2
8820336	83332.Rv2932	204	16
8821209	83332.Rv3781	204	2
8819291	83332.Rv1922	204	2
8821002	83332.Rv3580c	204	4
8820451	83332.Rv3042c	203	4
8819994	83332.Rv2597	202	2
8820410	83332.Rv3003c	201	6
8819707	83332.Rv2319c	201	2
8818481	83332.Rv1124	200	4
8817598	83332.Rv0265c	200	2
8817463	83332.Rv0134	199	2
8820252	83332.Rv2850c	199	4
8818338	83332.Rv0985c	199	2
8819795	83332.Rv2403c	199	2
8817725	83332.Rv0391	199	2
8820450	83332.Rv3041c	198	2
8819849	83332.Rv2455c	196	6
8818262	83332.Rv0910	196	2
8817605	83332.Rv0272c	194	6
8818873	83332.Rv1507c	194	2
8818881	83332.Rv1514c	194	2
8820359	83332.Rv2954c	194	2
8820543	83332.Rv3133c	192	2
8818675	83332.Rv1315	192	2
8819163	83332.Rv1795	190	4
8817468	83332.Rv0139	190	2
8819562	83332.Rv2184c	190	2
8819076	83332.Rv1707	189	2
8821187	83332.Rv3761c	189	4
8818880	83332.Rv1513	189	2
8820626	83332.Rv3210c	189	2
8817489	83332.Rv0159c	189	2
8819222	83332.Rv1854c	189	2
8821214	83332.Rv3786c	188	2
8819633	83332.Rv2251	187	4
8821038	83332.Rv3616c	186	2
8817875	83332.Rv0533c	186	4
8821015	83332.Rv3593	186	2
8817758	83332.Rv0423c	186	4
8820517	83332.Rv3107c	186	2
8817905	83332.Rv0563	185	6
8821348	83332.Rv3920c	185	2
8818153	83332.Rv0801	185	2
8820919	83332.Rv3498c	185	2
8817672	83332.Rv0338c	185	10
8817506	83332.Rv0176	184	4
8819903	83332.Rv2508c	184	2
8817902	83332.Rv0560c	184	2
8818118	83332.Rv0767c	183	2
8820057	83332.Rv2658c	183	2
8817433	83332.Rv0104	183	2
8820165	83332.Rv2765	182	2
8817864	83332.Rv0523c	182	2
8819702	83332.Rv2314c	182	4
8819969	83332.Rv2572c	181	6
8818514	83332.Rv1156	181	2
8819057	83332.Rv1689	181	2
8819033	83332.Rv1665	180	2
8820286	83332.Rv2883c	179	2
8820812	83332.Rv3392c	179	8
8817824	83332.Rv0486	179	2
8817505	83332.Rv0175	179	4
8819965	83332.Rv2568c	178	2
8818821	83332.Rv1459c	178	2
8819784	83332.Rv2395	177	2
8819964	83332.Rv2567	177	6
8817852	83332.Rv0511	177	2
8818462	83332.Rv1106c	177	2
8818157	83332.Rv0805	177	2
8820262	83332.Rv2860c	177	4
8821287	83332.Rv3859c	177	12
8817523	83332.Rv0192	177	2
8818520	83332.Rv1161	176	14
8820281	83332.Rv2878c	176	2
8818177	83332.Rv0825c	176	2
8821105	83332.Rv3682	176	4
8820568	83332.Rv3157	175	6
8820606	83332.Rv3194c	175	2
8821252	83332.Rv3824c	175	2
8818604	83332.Rv1245c	175	4
8818622	83332.Rv1263	174	2
8820413	83332.Rv3006	174	2
8819188	83332.Rv1820	174	4
8819027	83332.Rv1659	173	4
8820708	83332.Rv3290c	173	2
8820291	83332.Rv2888c	173	4
8819971	83332.Rv2574	173	2
8820193	83332.Rv2793c	172	2
8818565	83332.Rv1206	171	6
8818808	83332.Rv1446c	171	2
8818790	83332.Rv1428c	170	2
8818839	83332.Rv1476	170	2
8821176	83332.Rv3750c	170	2
8818045	83332.Rv0697	170	2
8821004	83332.Rv3582c	170	2
8821207	83332.Rv3779	169	2
8817772	83332.Rv0437c	168	2
8820803	83332.Rv3383c	168	2
8820316	83332.Rv2913c	168	2
8820355	83332.Rv2950c	168	4
8819036	83332.Rv1668c	168	2
8817645	83332.Rv0311	166	2
8821032	83332.Rv3610c	165	6
8818366	83332.Rv1013	165	2
8821270	83332.Rv3842c	165	2
8820082	83332.Rv2683	165	2
8819960	83332.Rv2563	165	2
8818804	83332.Rv1442	164	4
8819000	83332.Rv1633	164	4
8820078	83332.Rv2679	163	2
8820715	83332.Rv3297	163	2
8819934	83332.Rv2538c	162	2
8818861	83332.Rv1497	162	2
8820406	83332.Rv2999	162	4
8820130	83332.Rv2731	161	2
8818702	83332.Rv1341	161	2
8817798	83332.Rv0461	161	2
8817482	83332.Rv0153c	161	2
8820886	83332.Rv3465	160	2
8819736	83332.Rv2347c	160	4
8821042	83332.Rv3620c	160	4
8817907	83332.Rv0565c	159	2
8818629	83332.Rv1270c	159	4
8819165	83332.Rv1797	156	2
8820195	83332.Rv2795c	156	2
8821190	83332.Rv3764c	154	2
8818016	83332.Rv0669c	154	4
8817848	83332.Rv0507	154	6
8817835	83332.Rv0496	153	4
8819983	83332.Rv2586c	153	4
8818589	83332.Rv1230c	151	2
8821066	83332.Rv3644c	150	2
8820546	83332.Rv3136	150	2
8817947	83332.Rv0604	150	2
8819446	83332.Rv2071c	150	2
8818581	83332.Rv1222	149	2
8818953	83332.Rv1586c	149	2
8818448	83332.Rv1092c	149	2
8821184	83332.Rv3758c	149	2
8819406	83332.Rv2032	149	2
8819932	83332.Rv2536	149	2
8820862	83332.Rv3441c	148	4
8819265	83332.Rv1896c	148	4
8819166	83332.Rv1798	148	6
8817368	83332.Rv0042c	148	2
8820341	83332.Rv2937	147	2
8818690	83332.Rv1329c	147	2
8819735	83332.Rv2346c	146	4
8818557	83332.Rv1198	146	4
8821230	83332.Rv3802c	145	2
8818591	83332.Rv1232c	145	2
8820002	83332.Rv2604c	144	2
8819732	83332.Rv2343c	144	2
8821241	83332.Rv3813c	143	2
8817916	83332.Rv0574c	143	2
8818295	83332.Rv0943c	143	2
8821131	83332.Rv3706c	143	2
8817811	83332.Rv0473	142	2
8818541	83332.Rv1182	142	2
8821108	83332.Rv3685c	141	2
8819525	83332.Rv2148c	141	2
8817740	83332.Rv0405	141	6
8817676	83332.Rv0342	140	4
8819923	83332.Rv2528c	139	2
8821102	83332.Rv3679	138	2
8818349	83332.Rv0996	137	2
8820514	83332.Rv3104c	137	2
8819488	83332.Rv2112c	137	4
8818879	83332.Rv1512	136	2
8819149	83332.Rv1779c	136	2
8821051	83332.Rv3629c	135	2
8817455	83332.Rv0126	135	2
8818777	83332.Rv1415	135	2
8819597	83332.Rv2219	135	2
8817747	83332.Rv0412c	134	4
8819845	83332.Rv2451	134	2
8820830	83332.Rv3409c	134	2
8818347	83332.Rv0994	134	4
8819794	83332.Rv2402	132	4
8819905	83332.Rv2510c	132	2
8820739	83332.Rv3320c	132	2
8818820	83332.Rv1458c	132	2
8817373	83332.Rv0047c	130	2
8818291	83332.Rv0939	130	2
8820472	83332.Rv3063	130	2
8819955	83332.Rv2558	130	2
8819067	83332.Rv1699	130	4
8819858	83332.Rv2464c	130	2
8817386	83332.Rv0060	129	2
8818996	83332.Rv1629	129	6
8817910	83332.Rv0568	128	2
8817534	83332.Rv0202c	128	4
8819672	83332.Rv2289	127	2
8819896	83332.Rv2501c	127	2
8819585	83332.Rv2207	126	2
8819517	83332.Rv2141c	126	4
8821262	83332.Rv3834c	125	2
8819966	83332.Rv2569c	124	2
8817763	83332.Rv0428c	123	2
8820645	83332.Rv3227	123	4
8821236	83332.Rv3808c	122	2
8820867	83332.Rv3446c	122	2
8819425	83332.Rv2051c	121	6
8820245	83332.Rv2843	121	2
8820277	83332.Rv2874	119	2
8820733	83332.Rv3314c	119	2
8818837	83332.Rv1474c	117	2
8820542	83332.Rv3132c	116	2
8818468	83332.Rv1112	116	2
8820080	83332.Rv2681	116	2
8820399	83332.Rv2993c	116	2
8820011	83332.Rv2613c	115	2
8818143	83332.Rv0791c	115	4
8820460	83332.Rv3051c	114	4
8818336	83332.Rv0983	114	2
8820334	83332.Rv2930	114	2
8820072	83332.Rv2673	114	2
8818572	83332.Rv1213	114	2
8819773	83332.Rv2384	113	2
8821223	83332.Rv3795	113	4
8818131	83332.Rv0780	113	2
8820095	83332.Rv2696c	113	2
8817507	83332.Rv0177	113	2
8819180	83332.Rv1812c	113	2
8817496	83332.Rv0166	112	2
8819552	83332.Rv2174	110	2
8819638	83332.Rv2256c	110	2
8818890	83332.Rv1523	110	2
8820574	83332.Rv3163c	109	2
8818990	83332.Rv1623c	109	2
8817529	83332.Rv0197	109	2
8819255	83332.Rv1887	108	2
8821331	83332.Rv3903c	108	2
8819506	83332.Rv2130c	107	4
8819064	83332.Rv1696	107	2
8819008	83332.Rv1640c	107	4
8817664	83332.Rv0330c	107	2
8821055	83332.Rv3633	107	2
8820386	83332.Rv2980	107	2
8821118	83332.Rv3695	107	2
8820394	83332.Rv2988c	107	2
8820629	83332.Rv3213c	107	2
8818263	83332.Rv0911	106	2
8817478	83332.Rv0149	106	2
8817774	83332.Rv0439c	105	2
8819833	83332.Rv2439c	104	2
8821206	83332.Rv3778c	104	2
8819410	83332.Rv2036	104	2
8818440	83332.Rv1086	103	2
8819020	83332.Rv1652	103	2
8817771	83332.Rv0436c	103	2
8818625	83332.Rv1266c	102	4
8820943	83332.Rv3522	102	2
8817836	83332.Rv0497	102	2
8817349	83332.Rv0023	101	2
8817341	83332.Rv0015c	99.9	2
8819604	83332.Rv2225	99.9	2
8818306	83332.Rv0955	99.8	2
8820681	83332.Rv3263	99.7	2
8818524	83332.Rv1165	98.7	2
8817695	83332.Rv0361	98.3	2
8819532	83332.Rv2155c	98.3	2
8820367	83332.Rv2962c	97.6	2
8820240	83332.Rv2838c	97.4	2
8818826	83332.Rv1464	97.3	2
8817511	83332.Rv0181c	96.5	2
8821298	83332.Rv3870	95.9	4
8818438	83332.Rv1084	95.6	2
8820716	83332.Rv3298c	95.5	2
8821233	83332.Rv3805c	95.3	2
8820964	83332.Rv3543c	95.2	2
8818059	83332.Rv0711	95.2	2
8820154	83332.Rv2754c	94.8	2
8818019	83332.Rv0672	94.5	2
8817554	83332.Rv0222	94.4	2
8819832	83332.Rv2438c	94.3	2
8818412	83332.Rv1058	94.2	2
8820112	83332.Rv2713	94.0	2
8820287	83332.Rv2884	94.0	2
8819659	83332.Rv2276	93.2	2
8818637	83332.Rv1278	93.2	2
8820495	83332.Rv3086	93.2	2
8818687	83332.Rv1326c	92.4	2
8818384	83332.Rv1030	92.0	2
8819070	83332.Rv1702c	91.9	2
8820563	83332.Rv3152	91.8	2
8819021	83332.Rv1653	90.7	2
8820335	83332.Rv2931	89.9	10
8820100	83332.Rv2701c	89.1	2
8817793	83332.Rv0456c	88.1	2
8821203	83332.Rv3775	87.8	2
8820021	83332.Rv2622	87.6	2
8820663	83332.Rv3245c	87.2	2
8819348	83332.Rv1977	87.0	2
8818213	83332.Rv0861c	86.9	2
8820009	83332.Rv2611c	86.8	2
8819752	83332.Rv2363	86.4	2
8820821	83332.Rv3400	85.7	2
8820133	83332.Rv2734	85.2	2
8818361	83332.Rv1008	84.8	4
8820721	83332.Rv3303c	84.2	2
8817823	83332.Rv0485	84.1	2
8819984	83332.Rv2587c	84.0	2
8820901	83332.Rv3480c	83.9	2
8820633	83332.Rv3218	83.8	2
8817395	83332.Rv0068	83.3	2
8821288	83332.Rv3860	83.2	2
8821138	83332.Rv3713	83.0	2
8818309	83332.Rv0958	82.9	2
8819116	83332.Rv1747	82.8	4
8819139	83332.Rv1769	82.5	2
8820751	83332.Rv3331	82.4	2
8820028	83332.Rv2629	82.3	2
8819439	83332.Rv2064	80.9	2
8819005	83332.Rv1638	80.8	4
8819307	83332.Rv1938	79.7	2
8819529	83332.Rv2152c	79.2	2
8819590	83332.Rv2212	79.1	2
8820627	83332.Rv3211	77.6	2
8817358	83332.Rv0032	77.5	2
8817471	83332.Rv0142	77.5	2
8820895	83332.Rv3474	77.2	4
8818147	83332.Rv0795	77.2	4
8819546	83332.Rv2168c	77.2	4
8819126	83332.Rv1757c	77.2	4
8819481	83332.Rv2105	77.2	4
8819743	83332.Rv2354	77.2	4
8820801	83332.Rv3381c	77.2	4
8819661	83332.Rv2278	77.2	4
8820595	83332.Rv3184	77.2	4
8820597	83332.Rv3186	77.2	4
8819875	83332.Rv2480c	77.2	4
8819132	83332.Rv1763	77.2	4
8820745	83332.Rv3325	77.2	4
8820047	83332.Rv2648	77.2	4
8818732	83332.Rv1370c	77.2	4
8820216	83332.Rv2815c	77.2	4
8819877	83332.Rv2482c	75.8	2
8820324	83332.Rv2921c	75.4	2
8819468	83332.Rv2092c	75.2	4
8819528	83332.Rv2151c	75.1	2
8821107	83332.Rv3684	74.9	2
8818161	83332.Rv0809	74.7	2
8817719	83332.Rv0385	74.7	2
8820114	83332.Rv2715	74.4	2
8819763	83332.Rv2374c	74.4	2
8817896	83332.Rv0554	74.2	2
8821237	83332.Rv3809c	74.1	2
8817340	83332.Rv0014c	72.4	4
8818896	83332.Rv1529	72.4	4
8818930	83332.Rv1563c	72.4	2
8817377	83332.Rv0051	72.0	2
8820995	83332.Rv3573c	71.8	2
8819491	83332.Rv2115c	70.6	2
8819768	83332.Rv2379c	70.5	2
8819688	83332.Rv2305	70.0	2
8820851	83332.Rv3430c	69.9	2
8818169	83332.Rv0817c	69.8	2
8819607	83332.Rv2228c	69.5	2
8818371	83332.Rv1018c	69.4	2
8818680	83332.Rv1320c	68.8	2
8817976	83332.Rv0631c	68.4	2
8821136	83332.Rv3711c	68.3	2
8820113	83332.Rv2714	65.7	2
8818178	83332.Rv0826	65.4	2
8818254	83332.Rv0902c	64.1	2
8819703	83332.Rv2315c	62.9	2
8817820	83332.Rv0482	62.7	2
8818653	83332.Rv1293	62.2	2
8819936	83332.Rv2540c	62.1	2
8820918	83332.Rv3497c	62.0	2
8817371	83332.Rv0045c	61.7	2
8821125	83332.Rv3701c	61.4	2
8820224	83332.Rv2823c	61.3	2
8819530	83332.Rv2153c	60.8	2
8820439	83332.Rv3031	59.7	2
8821307	83332.Rv3879c	59.6	2
8817599	83332.Rv0266c	59.4	4
8820662	83332.Rv3244c	58.8	2
8817430	83332.Rv0101	58.7	8
8820793	83332.Rv3373	57.8	2
8817630	83332.Rv0296c	57.8	2
8819154	83332.Rv1785c	57.3	4
8818081	83332.Rv0732	57.2	2
8818894	83332.Rv1527c	56.2	10
8818603	83332.Rv1244	56.1	2
8817585	83332.Rv0252	55.9	2
8817936	83332.Rv0593	55.4	2
8818905	83332.Rv1538c	55.3	2
8818746	83332.Rv1384	54.7	2
8820900	83332.Rv3479	54.4	2
8818001	83332.Rv0654	53.5	2
8818181	83332.Rv0829	52.8	2
8818875	83332.Rv1508c	51.7	2
8820498	83332.Rv3089	51.5	2
8820219	83332.Rv2818c	51.4	2
8819950	83332.Rv2553c	51.1	2
8819350	83332.Rv1979c	50.8	2
8818010	83332.Rv0663	48.6	2
8820489	83332.Rv3080c	48.6	2
8817884	83332.Rv0542c	47.7	2
8820714	83332.Rv3296	47.7	2
8818623	83332.Rv1264	47.2	2
8819769	83332.Rv2380c	46.5	4
8821201	83332.Rv3773c	46.2	2
8821314	83332.Rv3886c	45.7	2
8818242	83332.Rv0890c	45.5	2
8820477	83332.Rv3068c	45.1	2
8817931	83332.Rv0589	44.7	2
8821068	83332.Rv3646c	44.0	2
8818382	83332.Rv1028c	43.7	2
8820795	83332.Rv3375	43.4	2
8820834	83332.Rv3413c	43.1	2
8820326	83332.Rv2922c	42.6	4
8818831	83332.Rv1469	41.8	2
8818265	83332.Rv0913c	41.5	2
8820346	83332.Rv2942	39.3	2
8819371	83332.Rv1997	39.2	2
8818545	83332.Rv1186c	38.8	2
8820814	83332.Rv3394c	38.3	2
8818829	83332.Rv1467c	38.3	2
8819477	83332.Rv2101	37.7	2
8819002	83332.Rv1635c	36.9	2
8820868	83332.Rv3447c	36.9	2
8819883	83332.Rv2488c	36.8	2
8818645	83332.Rv1286	36.5	2
8821071	83332.Rv3649	36.3	2
8819422	83332.Rv2048c	35.7	4
8818856	83332.Rv1492	32.2	2
8818857	83332.Rv1493	32.1	2
8817432	83332.Rv0103c	31.2	2
8819828	83332.Rv2435c	29.6	2
8817770	83332.Rv0435c	29.0	2
8819531	83332.Rv2154c	26.9	2
8819380	83332.Rv2006	21.4	2
8821154	83332.Rv3728	20.1	2
8818789	83332.Rv1427c	18.7	2
8819927	83332.Rv2531c	18.7	2
8818988	83332.Rv1621c	18.0	2
8820288	83332.Rv2885c	15.0	2
8819029	83332.Rv1661	15.0	2
8820384	83332.Rv2978c	14.8	2
8820191	83332.Rv2791c	14.4	2
8817436	83332.Rv0107c	13.2	2
