#id: 3872349634
#name: M.tuberculosis - Whole organism, SC (Peptideatlas,july,2013)
#score: 12.88
#weight:  40%
#description: abundance based on Spectral counting, Interaction consistency score: 12.88, Coverage: 80
#organ: WHOLE_ORGANISM
#integrated: false
#coverage: 80
#link: http://www.peptideatlas.org/builds/
#publication_year: 2013
#filename: 83332-PA_201307.txt
#
#internal_id	string_external_id	abundance	raw_spectral_count
8820839	83332.Rv3418c	43932	20083
8819405	83332.Rv2031c	36670	18953
8817775	83332.Rv0440	26878	53738
8819765	83332.Rv2376c	14989	4623
8819625	83332.Rv2244	9407	6720
8817684	83332.Rv0350	8887	19374
8817999	83332.Rv0652	8391	2388
8821070	83332.Rv3648c	8168	1608
8821189	83332.Rv3763	7849	3064
8821302	83332.Rv3874	6891	4402
8818032	83332.Rv0685	6538	13003
8818490	83332.Rv1133c	6299	17043
8818286	83332.Rv0934	6292	5580
8819254	83332.Rv1886c	6059	5873
8817454	83332.Rv0125	5599	2261
8821232	83332.Rv3804c	5495	5645
8817713	83332.Rv0379	4558	1011
8819599	83332.Rv2220	4429	9324
8821274	83332.Rv3846	4266	3348
8819240	83332.Rv1872c	4206	8784
8819351	83332.Rv1980c	4175	3178
8820666	83332.Rv3248c	4094	7853
8820022	83332.Rv2623	3965	3954
8821269	83332.Rv3841	3936	3293
8820436	83332.Rv3028c	3913	5307
8819228	83332.Rv1860	3911	2782
8818533	83332.Rv1174c	3905	528
8820687	83332.Rv3269	3903	1840
8820278	83332.Rv2875	3851	1277
8820392	83332.Rv2986c	3813	1558
8821231	83332.Rv3803c	3701	2924
8817649	83332.Rv0315	3347	2167
8821303	83332.Rv3875	3280	1617
8820774	83332.Rv3354	3214	307
8819301	83332.Rv1932	3078	1925
8819536	83332.Rv2159c	3075	4021
8820878	83332.Rv3457c	3003	3831
8818750	83332.Rv1388	3001	2546
8818754	83332.Rv1392	2987	4635
8819516	83332.Rv2140c	2935	2024
8819107	83332.Rv1738	2907	1236
8818862	83332.Rv1498A	2814	880
8817335	83332.Rv0009	2802	2925
8820454	83332.Rv3045	2785	3212
8818248	83332.Rv0896	2782	5188
8817619	83332.Rv0285	2729	479
8820882	83332.Rv3461c	2700	98
8817685	83332.Rv0351	2665	1750
8819295	83332.Rv1926c	2644	1763
8820879	83332.Rv3458c	2531	1962
8818030	83332.Rv0683	2529	1365
8817697	83332.Rv0363c	2521	3921
8820838	83332.Rv3417c	2503	7396
8818670	83332.Rv1310	2470	5978
8818082	83332.Rv0733	2469	2028
8819003	83332.Rv1636	2435	2081
8819855	83332.Rv2461c	2417	1732
8818054	83332.Rv0706	2392	721
8817380	83332.Rv0054	2335	1457
8819487	83332.Rv2111c	2309	552
8819522	83332.Rv2145c	2306	2880
8817621	83332.Rv0287	2298	560
8818798	83332.Rv1436	2296	3377
8819195	83332.Rv1827	2281	1706
8821050	83332.Rv3628	2279	893
8820437	83332.Rv3029c	2223	1959
8818668	83332.Rv1308	2221	4750
8819205	83332.Rv1837c	2213	5457
8820640	83332.Rv3224	2193	2428
8820312	83332.Rv2909c	2190	989
8820292	83332.Rv2889c	2168	2655
8818428	83332.Rv1074c	2135	3620
8821277	83332.Rv3849	2118	1289
8819685	83332.Rv2302	2107	613
8817813	83332.Rv0475	2104	1406
8821141	83332.Rv3716c	2094	999
8818773	83332.Rv1411c	2039	1059
8817911	83332.Rv0569	2035	695
8820180	83332.Rv2780	2031	3795
8818112	83332.Rv0761c	2029	2525
8818536	83332.Rv1177	2027	733
8819277	83332.Rv1908c	2018	7040
8818066	83332.Rv0718	1998	1039
8820863	83332.Rv3442c	1996	691
8817977	83332.Rv0632c	1989	2017
8817799	83332.Rv0462	1984	3814
8817584	83332.Rv0251c	1976	987
8818183	83332.Rv0831c	1971	2744
8820624	83332.Rv3208A	1964	1055
8820144	83332.Rv2744c	1957	2730
8818070	83332.Rv0722	1955	223
8817458	83332.Rv0129c	1936	1864
8817767	83332.Rv0432	1906	1090
8818062	83332.Rv0714	1880	474
8821019	83332.Rv3597c	1879	539
8818176	83332.Rv0824c	1874	3053
8818331	83332.Rv0979A	1871	319
8819626	83332.Rv2245	1868	2912
8818570	83332.Rv1211	1840	455
8818643	83332.Rv1284	1821	1258
8818434	83332.Rv1080c	1791	1182
8819593	83332.Rv2215	1780	4016
8818454	83332.Rv1098c	1771	2313
8818069	83332.Rv0721	1756	1353
8820408	83332.Rv3001c	1755	3039
8818303	83332.Rv0952	1739	2285
8818376	83332.Rv1023	1729	2327
8821342	83332.Rv3914	1716	1122
8818450	83332.Rv1094	1714	2637
8818052	83332.Rv0704	1700	1435
8817494	83332.Rv0164	1692	769
8818055	83332.Rv0707	1691	1393
8818067	83332.Rv0719	1687	1033
8819684	83332.Rv2301	1683	379
8820445	83332.Rv3036c	1682	848
8818053	83332.Rv0705	1682	611
8821229	83332.Rv3801c	1670	4615
8818051	83332.Rv0703	1665	471
8818838	83332.Rv1475c	1663	5776
8820703	83332.Rv3285	1652	3980
8819836	83332.Rv2442c	1648	477
8818629	83332.Rv1270c	1628	1726
8818212	83332.Rv0860	1624	4191
8820528	83332.Rv3118	1623	1457
8818166	83332.Rv0814c	1623	1457
8818063	83332.Rv0715	1620	344
8819854	83332.Rv2460c	1618	1153
8820809	83332.Rv3389c	1615	1963
8818050	83332.Rv0702	1594	1137
8817477	83332.Rv0148	1586	2343
8817381	83332.Rv0055	1579	247
8817379	83332.Rv0053	1576	784
8818842	83332.Rv1479	1521	2203
8818056	83332.Rv0708	1517	531
8820285	83332.Rv2882c	1504	944
8819627	83332.Rv2246	1500	2953
8818302	83332.Rv0951	1495	2357
8819563	83332.Rv2185c	1490	1323
8818599	83332.Rv1240	1463	2054
8820276	83332.Rv2873	1463	800
8821308	83332.Rv3880c	1440	632
8820877	83332.Rv3456c	1440	908
8819580	83332.Rv2202c	1432	2142
8820031	83332.Rv2632c	1430	482
8817983	83332.Rv0636	1426	655
8818064	83332.Rv0716	1415	1002
8820281	83332.Rv2878c	1413	1189
8818811	83332.Rv1449c	1405	3815
8818057	83332.Rv0709	1386	434
8821101	83332.Rv3678c	1382	829
8820293	83332.Rv2890c	1375	1442
8817919	83332.Rv0577	1373	1336
8821202	83332.Rv3774	1364	1537
8819101	83332.Rv1732c	1364	586
8818049	83332.Rv0701	1357	1042
8820025	83332.Rv2626c	1346	1085
8819859	83332.Rv2465c	1345	1135
8817922	83332.Rv0580c	1336	1159
8820881	83332.Rv3460c	1335	536
8820185	83332.Rv2785c	1333	317
8818284	83332.Rv0932c	1331	1394
8820307	83332.Rv2904c	1327	512
8818320	83332.Rv0968	1326	687
8821228	83332.Rv3800c	1323	8617
8818368	83332.Rv1015c	1321	531
8817804	83332.Rv0467	1315	1746
8820910	83332.Rv3489	1295	393
8818236	83332.Rv0884c	1289	1554
8820543	83332.Rv3133c	1286	1016
8821014	83332.Rv3592	1281	633
8821006	83332.Rv3584	1273	990
8820883	83332.Rv3462c	1273	280
8818810	83332.Rv1448c	1269	1750
8817543	83332.Rv0211	1253	3531
8819486	83332.Rv2110c	1243	1333
8817988	83332.Rv0641	1225	1062
8818058	83332.Rv0710	1224	435
8817393	83332.Rv0066c	1218	3544
8821123	83332.Rv3699	1192	910
8818015	83332.Rv0668	1182	6201
8817675	83332.Rv0341	1169	217
8817575	83332.Rv0242c	1167	2584
8817718	83332.Rv0384c	1164	3625
8818713	83332.Rv1352	1163	307
8821143	83332.Rv3718c	1162	659
8820864	83332.Rv3443c	1160	697
8818283	83332.Rv0931c	1148	2462
8820402	83332.Rv2996c	1139	2836
8819582	83332.Rv2204c	1139	848
8817576	83332.Rv0243	1136	1739
8820692	83332.Rv3274c	1133	1912
8817987	83332.Rv0640	1126	328
8818071	83332.Rv0723	1121	530
8818997	83332.Rv1630	1119	2286
8820527	83332.Rv3117	1118	2511
8818167	83332.Rv0815c	1118	2511
8821038	83332.Rv3616c	1118	875
8819622	83332.Rv2241	1116	3458
8818449	83332.Rv1093	1116	1923
8820183	83332.Rv2783c	1115	3425
8818211	83332.Rv0859	1105	1772
8818684	83332.Rv1323	1102	1679
8820350	83332.Rv2945c	1101	1167
8819839	83332.Rv2445c	1095	969
8819011	83332.Rv1643	1092	444
8818963	83332.Rv1596	1089	1051
8818925	83332.Rv1558	1086	858
8820098	83332.Rv2699c	1075	438
8819861	83332.Rv2467	1075	3319
8819930	83332.Rv2534c	1074	304
8821009	83332.Rv3587c	1073	1123
8819178	83332.Rv1810	1061	613
8817805	83332.Rv0468	1057	1568
8820994	83332.Rv3572	1052	406
8821309	83332.Rv3881c	1041	1631
8820377	83332.Rv2971	1037	1267
8819589	83332.Rv2211c	1037	803
8819640	83332.Rv2258c	1031	1213
8818993	83332.Rv1626	1029	1125
8819467	83332.Rv2091c	1027	506
8819211	83332.Rv1843c	1004	2118
8818628	83332.Rv1269c	986	442
8818048	83332.Rv0700	981	434
8818424	83332.Rv1070c	979	981
8818432	83332.Rv1078	978	509
8818150	83332.Rv0798c	975	1305
8820664	83332.Rv3246c	974	1132
8817346	83332.Rv0020c	967	2001
8818518	83332.Rv1159A	961	416
8821018	83332.Rv3596c	958	3166
8818669	83332.Rv1309	953	1269
8819470	83332.Rv2094c	945	375
8819679	83332.Rv2296	945	1353
8817908	83332.Rv0566c	943	540
8817980	83332.Rv0634B	937	66
8820110	83332.Rv2711	933	926
8820537	83332.Rv3127	930	1402
8820636	83332.Rv3221A	930	82
8818560	83332.Rv1201c	922	941
8818014	83332.Rv0667	920	4663
8819244	83332.Rv1876	917	811
8818031	83332.Rv0684	916	2881
8818370	83332.Rv1017c	913	1529
8818337	83332.Rv0984	911	731
8819973	83332.Rv2576c	909	468
8821098	83332.Rv3676	899	914
8821173	83332.Rv3747	889	578
8820880	83332.Rv3459c	886	345
8817382	83332.Rv0056	886	557
8817761	83332.Rv0426c	885	173
8819856	83332.Rv2462c	883	1616
8819294	83332.Rv1925	877	2414
8817998	83332.Rv0651	870	665
8820311	83332.Rv2908c	869	301
8818280	83332.Rv0928	867	838
8818655	83332.Rv1295	866	1515
8820698	83332.Rv3280	853	1990
8819953	83332.Rv2556c	851	47
8817581	83332.Rv0248c	848	2285
8819485	83332.Rv2109c	843	811
8818277	83332.Rv0925c	842	857
8820484	83332.Rv3075c	842	1207
8820930	83332.Rv3509c	841	1511
8820344	83332.Rv2940c	838	7338
8820233	83332.Rv2831	838	986
8818139	83332.Rv0787A	832	331
8820173	83332.Rv2773c	829	854
8820120	83332.Rv2721c	829	1761
8819356	83332.Rv1984c	820	496
8819262	83332.Rv1893	815	263
8817901	83332.Rv0559c	814	270
8817622	83332.Rv0288	809	118
8819239	83332.Rv1871c	809	403
8818068	83332.Rv0720	808	301
8818800	83332.Rv1438	807	975
8818666	83332.Rv1306	804	422
8818029	83332.Rv0682	801	182
8819663	83332.Rv2280	797	1297
8817839	83332.Rv0500	797	694
8821280	83332.Rv3852	797	392
8818671	83332.Rv1311	787	393
8820149	83332.Rv2749	781	307
8819804	83332.Rv2412	778	92
8821293	83332.Rv3865	774	486
8819406	83332.Rv2032	769	1202
8820701	83332.Rv3283	768	1251
8818685	83332.Rv1324	768	1068
8819424	83332.Rv2050	756	332
8818851	83332.Rv1488	755	1248
8819682	83332.Rv2299c	753	2385
8818479	83332.Rv1122	752	1080
8818079	83332.Rv0730	747	955
8819835	83332.Rv2441c	746	180
8821216	83332.Rv3788	744	317
8820401	83332.Rv2995c	740	856
8819009	83332.Rv1641	740	403
8818241	83332.Rv0889c	736	896
8821100	83332.Rv3678A	731	151
8819379	83332.Rv2005c	724	752
8819735	83332.Rv2346c	722	1218
8817603	83332.Rv0270	718	1873
8818308	83332.Rv0957	716	879
8820609	83332.Rv3196A	716	311
8821147	83332.Rv3722c	711	1257
8818557	83332.Rv1198	707	1202
8819275	83332.Rv1906c	705	231
8817625	83332.Rv0291	703	668
8820580	83332.Rv3169	703	1074
8818799	83332.Rv1437	702	1234
8818689	83332.Rv1328	696	2138
8817844	83332.Rv0503c	696	1094
8818257	83332.Rv0905	695	963
8819370	83332.Rv1996	694	1107
8820115	83332.Rv2716	687	535
8820417	83332.Rv3010c	685	710
8818002	83332.Rv0655	679	1013
8819381	83332.Rv2007c	675	347
8817513	83332.Rv0183	674	1028
8818215	83332.Rv0863	673	210
8817328	83332.Rv0002	669	958
8817982	83332.Rv0635	668	592
8821091	83332.Rv3669	667	308
8818978	83332.Rv1611	666	1082
8817989	83332.Rv0642c	664	1291
8819681	83332.Rv2298	653	790
8817979	83332.Rv0634A	647	213
8821133	83332.Rv3708c	647	845
8817517	83332.Rv0186A	642	231
8820509	83332.Rv3099c	642	589
8820453	83332.Rv3044	636	778
8818225	83332.Rv0873	636	2043
8819010	83332.Rv1642	631	39
8820153	83332.Rv2753c	629	675
8818431	83332.Rv1077	627	1455
8820304	83332.Rv2901c	622	272
8817417	83332.Rv0088	620	559
8817986	83332.Rv0639	619	669
8819601	83332.Rv2222c	615	1074
8819798	83332.Rv2406c	613	277
8819820	83332.Rv2427c	612	1007
8817616	83332.Rv0282	606	1538
8821090	83332.Rv3668c	604	241
8818657	83332.Rv1297	602	1492
8820004	83332.Rv2606c	600	853
8819642	83332.Rv2260	600	105
8818017	83332.Rv0670	597	464
8820968	83332.Rv3547	596	431
8820789	83332.Rv3369	590	356
8818455	83332.Rv1099c	588	856
8818620	83332.Rv1261c	586	327
8817985	83332.Rv0638	585	206
8818797	83332.Rv1435c	582	49
8821037	83332.Rv3615c	581	92
8819916	83332.Rv2521	581	339
8820728	83332.Rv3310	579	368
8819932	83332.Rv2536	578	328
8817476	83332.Rv0147	578	1103
8818658	83332.Rv1298	573	144
8819141	83332.Rv1771	572	1120
8819919	83332.Rv2524c	570	6951
8817667	83332.Rv0333	563	274
8819544	83332.Rv2166c	560	229
8819161	83332.Rv1793	559	1098
8817991	83332.Rv0644c	558	1070
8819004	83332.Rv1637c	555	376
8820298	83332.Rv2895c	554	431
8817470	83332.Rv0141c	554	231
8818206	83332.Rv0854	553	268
8820730	83332.Rv3312A	550	52
8818425	83332.Rv1071c	549	687
8820729	83332.Rv3311	549	797
8819498	83332.Rv2122c	549	158
8820001	83332.Rv2603c	543	376
8817484	83332.Rv0155	540	1044
8818087	83332.Rv0738	537	389
8819822	83332.Rv2429	537	388
8817362	83332.Rv0036c	536	760
8821005	83332.Rv3583c	535	354
8818778	83332.Rv1416	535	472
8818984	83332.Rv1617	533	1286
8819404	83332.Rv2030c	532	1836
8817643	83332.Rv0309	531	228
8818968	83332.Rv1601	531	239
8817563	83332.Rv0231	531	1420
8817333	83332.Rv0007	531	356
8818298	83332.Rv0946c	528	1235
8817984	83332.Rv0637	527	453
8817890	83332.Rv0548c	526	738
8820821	83332.Rv3400	526	534
8819288	83332.Rv1919c	525	355
8817840	83332.Rv0500A	524	245
8817580	83332.Rv0247c	523	674
8820374	83332.Rv2969c	522	651
8821045	83332.Rv3623	521	489
8817566	83332.Rv0234c	519	1264
8819954	83332.Rv2557	518	578
8818979	83332.Rv1612	513	711
8817372	83332.Rv0046c	512	921
8818674	83332.Rv1314c	512	393
8817570	83332.Rv0237	511	471
8818604	83332.Rv1245c	505	476
8820357	83332.Rv2952	505	639
8817733	83332.Rv0398c	503	335
8818250	83332.Rv0898c	501	175
8819428	83332.Rv2054	498	568
8820090	83332.Rv2691	497	465
8818910	83332.Rv1543	497	790
8819821	83332.Rv2428	495	633
8819204	83332.Rv1836c	495	1102
8818667	83332.Rv1307	495	1036
8820399	83332.Rv2993c	494	332
8818847	83332.Rv1484	492	571
8821130	83332.Rv3705c	490	204
8820075	83332.Rv2676c	489	627
8817746	83332.Rv0411c	488	433
8819979	83332.Rv2582	488	537
8821278	83332.Rv3850	487	273
8820102	83332.Rv2703	483	673
8820345	83332.Rv2941	481	1228
8818607	83332.Rv1248c	480	2302
8818540	83332.Rv1181	480	3255
8817694	83332.Rv0360c	478	157
8820322	83332.Rv2919c	476	189
8817827	83332.Rv0489	475	617
8820028	83332.Rv2629	475	925
8819863	83332.Rv2468c	475	259
8817617	83332.Rv0283	473	974
8821160	83332.Rv3734c	472	875
8820314	83332.Rv2911	471	215
8820271	83332.Rv2868c	471	1049
8819872	83332.Rv2477c	471	1145
8819197	83332.Rv1829	470	346
8817806	83332.Rv0469	470	768
8817370	83332.Rv0044c	468	325
8820073	83332.Rv2674	468	232
8819780	83332.Rv2391	466	1056
8817865	83332.Rv0524	466	862
8818911	83332.Rv1544	466	477
8817583	83332.Rv0250c	464	233
8817871	83332.Rv0530	463	634
8817686	83332.Rv0352	462	819
8821135	83332.Rv3710	462	1531
8818816	83332.Rv1454c	462	785
8818433	83332.Rv1079	461	648
8818321	83332.Rv0969	461	931
8820416	83332.Rv3009c	457	947
8819628	83332.Rv2247	456	1057
8819578	83332.Rv2200c	455	616
8819243	83332.Rv1875	453	238
8820554	83332.Rv3143	451	321
8819736	83332.Rv2347c	450	774
8818556	83332.Rv1197	450	774
8820166	83332.Rv2766c	450	338
8819573	83332.Rv2195	449	931
8817925	83332.Rv0583c	449	229
8820630	83332.Rv3214	447	480
8818065	83332.Rv0717	447	47
8819006	83332.Rv1638A	446	226
8820673	83332.Rv3255c	446	499
8820572	83332.Rv3161c	445	979
8819162	83332.Rv1794	444	641
8819871	83332.Rv2476c	444	3251
8817790	83332.Rv0455c	443	384
8819904	83332.Rv2509	443	573
8819280	83332.Rv1911c	443	154
8818103	83332.Rv0753c	441	960
8820776	83332.Rv3356c	441	501
8820413	83332.Rv3006	436	671
8818807	83332.Rv1445c	435	384
8820096	83332.Rv2697c	432	408
8820119	83332.Rv2720	432	394
8820756	83332.Rv3336c	432	468
8821348	83332.Rv3920c	431	368
8817618	83332.Rv0284	431	2631
8817724	83332.Rv0390	431	225
8819443	83332.Rv2068c	430	547
8818980	83332.Rv1613	428	516
8817508	83332.Rv0178	428	496
8818701	83332.Rv1340	427	496
8818391	83332.Rv1037c	426	858
8821041	83332.Rv3619c	426	858
8820885	83332.Rv3464	425	585
8818336	83332.Rv0983	424	788
8820199	83332.Rv2799	424	398
8821281	83332.Rv3853	421	305
8820418	83332.Rv3011c	420	641
8817774	83332.Rv0439c	419	618
8820419	83332.Rv3012c	419	118
8819960	83332.Rv2563	416	527
8819565	83332.Rv2187	415	1371
8818760	83332.Rv1398c	415	109
8820541	83332.Rv3131	415	585
8818766	83332.Rv1404	414	347
8819367	83332.Rv1993c	413	194
8817888	83332.Rv0546c	413	230
8820831	83332.Rv3410c	411	618
8818502	83332.Rv1144	410	500
8817778	83332.Rv0443	410	501
8817795	83332.Rv0458	409	881
8819556	83332.Rv2178c	407	903
8820544	83332.Rv3134c	406	330
8820713	83332.Rv3295	404	442
8820540	83332.Rv3130c	403	701
8821036	83332.Rv3614c	402	266
8817331	83332.Rv0005	401	1047
8817408	83332.Rv0079	398	371
8818469	83332.Rv1113	397	101
8817780	83332.Rv0445c	396	325
8818153	83332.Rv0801	395	299
8818774	83332.Rv1412	394	255
8818878	83332.Rv1511	393	701
8819847	83332.Rv2453c	392	412
8819237	83332.Rv1869c	391	775
8820165	83332.Rv2765	391	465
8821056	83332.Rv3634c	390	515
8820452	83332.Rv3043c	390	494
8819641	83332.Rv2259	389	533
8820560	83332.Rv3149	389	311
8820512	83332.Rv3102c	388	388
8820810	83332.Rv3390	387	387
8820832	83332.Rv3411c	385	945
8818961	83332.Rv1594	385	581
8818025	83332.Rv0678	384	279
8819838	83332.Rv2444c	384	1217
8820259	83332.Rv2857c	383	237
8818392	83332.Rv1038c	383	730
8821042	83332.Rv3620c	383	730
8819550	83332.Rv2172c	382	433
8818825	83332.Rv1463	382	628
8818582	83332.Rv1223	381	908
8819020	83332.Rv1652	381	425
8819260	83332.Rv1891	381	164
8820356	83332.Rv2951c	380	727
8820457	83332.Rv3048c	380	471
8820912	83332.Rv3491	380	131
8817500	83332.Rv0170	379	642
8817665	83332.Rv0331	378	534
8818019	83332.Rv0672	376	892
8819620	83332.Rv2239c	375	123
8820398	83332.Rv2992c	374	838
8821208	83332.Rv3780	373	282
8819024	83332.Rv1656	373	316
8818080	83332.Rv0731c	373	591
8818035	83332.Rv0688	372	589
8817504	83332.Rv0174	372	635
8819848	83332.Rv2454c	369	767
8819223	83332.Rv1855c	369	576
8820884	83332.Rv3463	369	388
8817852	83332.Rv0511	369	671
8820699	83332.Rv3281	368	259
8819931	83332.Rv2535c	367	540
8818752	83332.Rv1390	366	143
8820178	83332.Rv2778c	363	140
8820605	83332.Rv3193c	362	1439
8819527	83332.Rv2150c	362	563
8819808	83332.Rv2416c	362	658
8818108	83332.Rv0757	362	536
8820442	83332.Rv3033	362	245
8819915	83332.Rv2520c	362	101
8817366	83332.Rv0040c	360	350
8817764	83332.Rv0429c	360	195
8817990	83332.Rv0643c	360	666
8819071	83332.Rv1703c	358	413
8819183	83332.Rv1815	356	159
8818695	83332.Rv1334	356	225
8820817	83332.Rv3396c	355	656
8820286	83332.Rv2883c	353	454
8820550	83332.Rv3139	353	636
8817332	83332.Rv0006	353	1347
8817520	83332.Rv0189c	352	717
8818131	83332.Rv0780	352	599
8820924	83332.Rv3503c	351	83
8819976	83332.Rv2579	349	501
8821296	83332.Rv3868	348	844
8818354	83332.Rv1001	348	738
8820339	83332.Rv2935	347	2142
8818743	83332.Rv1381	347	472
8819673	83332.Rv2290	347	151
8818162	83332.Rv0810c	346	94
8817655	83332.Rv0321	345	145
8820026	83332.Rv2627c	345	616
8820291	83332.Rv2888c	341	506
8817904	83332.Rv0562	341	528
8820331	83332.Rv2927c	341	360
8817548	83332.Rv0216	340	306
8820788	83332.Rv3368c	339	402
8820737	83332.Rv3318	339	687
8817766	83332.Rv0431	338	177
8821206	83332.Rv3778c	338	622
8819507	83332.Rv2131c	337	456
8820023	83332.Rv2624c	337	484
8817538	83332.Rv0206c	337	1266
8817483	83332.Rv0154c	336	450
8820260	83332.Rv2858c	335	523
8818828	83332.Rv1466	335	129
8821295	83332.Rv3867	334	193
8820393	83332.Rv2987c	334	465
8819572	83332.Rv2194	333	203
8821253	83332.Rv3825c	332	2571
8820612	83332.Rv3198A	331	177
8818781	83332.Rv1419	331	223
8820261	83332.Rv2859c	330	179
8820760	83332.Rv3340	330	613
8817725	83332.Rv0391	329	652
8818539	83332.Rv1180	329	498
8819517	83332.Rv2141c	329	690
8817815	83332.Rv0477	329	167
8819849	83332.Rv2455c	328	876
8817624	83332.Rv0290	328	529
8819539	83332.Rv2161c	327	521
8819194	83332.Rv1826	327	130
8821145	83332.Rv3720	326	636
8817559	83332.Rv0227c	326	543
8819723	83332.Rv2334	325	518
8820992	83332.Rv3570c	325	500
8817502	83332.Rv0172	325	624
8817735	83332.Rv0400c	324	659
8820562	83332.Rv3151	324	1184
8821134	83332.Rv3709c	323	652
8821292	83332.Rv3864	322	251
8819899	83332.Rv2504c	321	237
8820005	83332.Rv2607	321	374
8820067	83332.Rv2668	320	216
8819189	83332.Rv1821	319	1032
8820093	83332.Rv2694c	319	185
8819605	83332.Rv2226	319	641
8817803	83332.Rv0466	319	411
8819553	83332.Rv2175c	318	218
8817505	83332.Rv0175	315	253
8817486	83332.Rv0157	315	367
8819762	83332.Rv2373c	314	439
8819591	83332.Rv2213	314	855
8820263	83332.Rv2861c	312	240
8818846	83332.Rv1483	312	312
8818151	83332.Rv0799c	311	437
8817604	83332.Rv0271c	311	872
8819893	83332.Rv2498c	310	356
8817455	83332.Rv0126	309	764
8821115	83332.Rv3692	308	536
8818730	83332.Rv1368	308	345
8821068	83332.Rv3646c	305	1286
8820078	83332.Rv2679	305	362
8819505	83332.Rv2129c	305	503
8817801	83332.Rv0464c	305	321
8818223	83332.Rv0871	305	209
8820247	83332.Rv2845c	305	883
8820899	83332.Rv3478	304	183
8818555	83332.Rv1196	304	395
8818634	83332.Rv1275	304	274
8820551	83332.Rv3140	303	432
8820327	83332.Rv2923c	303	250
8819631	83332.Rv2250A	302	80
8818654	83332.Rv1294	302	478
8820941	83332.Rv3520c	301	516
8817630	83332.Rv0296c	301	610
8817981	83332.Rv0634c	301	280
8819561	83332.Rv2183c	301	103
8821319	83332.Rv3891c	300	97
8817389	83332.Rv0063	299	355
8817717	83332.Rv0383c	299	371
8818255	83332.Rv0903c	299	374
8820558	83332.Rv3147	298	389
8820515	83332.Rv3105c	298	585
8821010	83332.Rv3588c	297	200
8821307	83332.Rv3879c	296	672
8818465	83332.Rv1109c	296	300
8820629	83332.Rv3213c	294	322
8819224	83332.Rv1856c	294	417
8817334	83332.Rv0008c	293	133
8818696	83332.Rv1335	293	142
8820332	83332.Rv2928	293	451
8821181	83332.Rv3755c	293	174
8818305	83332.Rv0954	293	100
8817562	83332.Rv0230c	292	286
8819574	83332.Rv2196	292	624
8817753	83332.Rv0418	291	552
8818898	83332.Rv1531	291	280
8820620	83332.Rv3205c	290	377
8819200	83332.Rv1832	289	994
8817615	83332.Rv0281	288	516
8819022	83332.Rv1654	287	337
8820460	83332.Rv3051c	287	929
8819597	83332.Rv2219	285	182
8817918	83332.Rv0576	285	484
8819888	83332.Rv2493	284	106
8817469	83332.Rv0140	283	78
8820822	83332.Rv3401	283	963
8819624	83332.Rv2243	282	253
8817817	83332.Rv0479c	281	427
8817503	83332.Rv0173	280	520
8818966	83332.Rv1599	280	231
8819449	83332.Rv2074	280	180
8818453	83332.Rv1097c	279	151
8821148	83332.Rv3723	279	204
8817535	83332.Rv0203	278	112
8817853	83332.Rv0512	278	416
8820564	83332.Rv3153	278	250
8817779	83332.Rv0444c	278	320
8820691	83332.Rv3273	277	645
8819969	83332.Rv2572c	277	539
8820977	83332.Rv3556c	277	446
8818700	83332.Rv1339	276	322
8819100	83332.Rv1731	275	581
8819677	83332.Rv2294	275	535
8818359	83332.Rv1006	274	647
8821111	83332.Rv3688c	273	148
8821093	83332.Rv3671c	273	355
8820079	83332.Rv2680	273	219
8818022	83332.Rv0675	272	394
8818173	83332.Rv0821c	271	350
8818635	83332.Rv1276c	271	208
8820990	83332.Rv3568c	271	394
8819045	83332.Rv1677	271	77
8819158	83332.Rv1789	270	113
8818833	83332.Rv1471	269	134
8819026	83332.Rv1658	269	559
8821341	83332.Rv3913	268	454
8820325	83332.Rv2922A	268	168
8821244	83332.Rv3816c	267	256
8819972	83332.Rv2575	267	317
8820018	83332.Rv2619c	266	138
8818462	83332.Rv1106c	266	304
8818826	83332.Rv1464	265	509
8818742	83332.Rv1380	265	283
8817368	83332.Rv0042c	265	218
8820658	83332.Rv3240c	263	1052
8820024	83332.Rv2625c	262	284
8820082	83332.Rv2683	261	230
8818652	83332.Rv1292	261	701
8819576	83332.Rv2198c	261	284
8818965	83332.Rv1598c	261	181
8818138	83332.Rv0787	261	297
8820243	83332.Rv2841c	260	356
8818111	83332.Rv0760c	259	196
8820559	83332.Rv3148	259	528
8819961	83332.Rv2564	259	409
8819535	83332.Rv2158c	258	652
8818024	83332.Rv0677c	258	221
8818561	83332.Rv1202	258	340
8818033	83332.Rv0686	257	273
8820694	83332.Rv3276c	256	407
8817501	83332.Rv0171	255	406
8819870	83332.Rv2475c	255	184
8820370	83332.Rv2965c	255	247
8817473	83332.Rv0144	255	285
8820697	83332.Rv3279c	254	109
8820240	83332.Rv2838c	253	213
8817554	83332.Rv0222	253	289
8820688	83332.Rv3270	252	646
8819672	83332.Rv2289	252	245
8817367	83332.Rv0041	251	974
8821227	83332.Rv3799c	251	689
8818661	83332.Rv1301	251	203
8818852	83332.Rv1489	250	137
8817666	83332.Rv0332	250	246
8820319	83332.Rv2916c	249	507
8817406	83332.Rv0078A	248	156
8817672	83332.Rv0338c	247	914
8817449	83332.Rv0120c	247	801
8818976	83332.Rv1609	247	494
8820358	83332.Rv2953	247	585
8818360	83332.Rv1007c	246	638
8819588	83332.Rv2210c	246	545
8818513	83332.Rv1155	245	127
8818110	83332.Rv0759c	245	151
8818083	83332.Rv0734	244	290
8820991	83332.Rv3569c	244	380
8819432	83332.Rv2058c	243	61
8819823	83332.Rv2430c	242	150
8819152	83332.Rv1782	242	382
8817808	83332.Rv0470c	241	445
8818771	83332.Rv1409	241	412
8819051	83332.Rv1683	240	1033
8821029	83332.Rv3607c	240	139
8820241	83332.Rv2839c	239	829
8818279	83332.Rv0927c	239	216
8817388	83332.Rv0062	239	358
8820886	83332.Rv3465	238	253
8818565	83332.Rv1206	238	692
8820074	83332.Rv2675c	237	228
8817574	83332.Rv0241c	237	225
8821200	83332.Rv3772	235	334
8819890	83332.Rv2495c	235	393
8819906	83332.Rv2511	234	165
8817836	83332.Rv0497	234	247
8820376	83332.Rv2970c	234	345
8819403	83332.Rv2029c	234	258
8819608	83332.Rv2229c	233	274
8821318	83332.Rv3890c	232	61
8820455	83332.Rv3046c	232	180
8820013	83332.Rv2614c	231	613
8818903	83332.Rv1536	230	872
8818170	83332.Rv0818	230	256
8817742	83332.Rv0407	230	390
8821219	83332.Rv3791	229	261
8820561	83332.Rv3150	228	406
8818205	83332.Rv0853c	227	525
8820682	83332.Rv3264c	227	375
8817845	83332.Rv0504c	227	180
8819952	83332.Rv2555c	226	899
8819633	83332.Rv2251	225	420
8819435	83332.Rv2061c	224	89
8820091	83332.Rv2692	223	262
8818152	83332.Rv0800	222	410
8820812	83332.Rv3392c	222	649
8818042	83332.Rv0694	221	242
8817758	83332.Rv0423c	220	518
8818552	83332.Rv1193	220	393
8820246	83332.Rv2844	220	127
8820003	83332.Rv2605c	220	267
8818463	83332.Rv1107c	219	101
8819497	83332.Rv2121c	219	311
8818785	83332.Rv1423	218	267
8818994	83332.Rv1627c	218	429
8820140	83332.Rv2740	218	163
8820639	83332.Rv3223c	217	215
8819603	83332.Rv2224c	216	381
8819860	83332.Rv2466c	216	218
8818739	83332.Rv1377c	215	197
8820626	83332.Rv3210c	215	238
8817829	83332.Rv0491	215	229
8821022	83332.Rv3600c	215	223
8819923	83332.Rv2528c	215	321
8819842	83332.Rv2448c	214	871
8817510	83332.Rv0180c	214	233
8820409	83332.Rv3002c	214	178
8821286	83332.Rv3858c	212	493
8820693	83332.Rv3275c	212	121
8818981	83332.Rv1614	211	373
8819592	83332.Rv2214c	210	362
8818970	83332.Rv1603	210	344
8817530	83332.Rv0198c	209	539
8820957	83332.Rv3536c	209	205
8819150	83332.Rv1780	209	175
8820710	83332.Rv3292	209	339
8819918	83332.Rv2523c	209	64
8817337	83332.Rv0011c	208	12
8819832	83332.Rv2438c	208	467
8817452	83332.Rv0123	208	100
8819594	83332.Rv2216	207	218
8820722	83332.Rv3304	207	182
8820621	83332.Rv3206c	207	395
8817374	83332.Rv0048c	207	233
8818688	83332.Rv1327c	206	694
8819921	83332.Rv2526	206	81
8819153	83332.Rv1783	206	1191
8818663	83332.Rv1303	206	94
8819702	83332.Rv2314c	205	394
8820529	83332.Rv3119	205	176
8820655	83332.Rv3237c	204	141
8817518	83332.Rv0187	204	198
8821003	83332.Rv3581c	203	123
8817499	83332.Rv0169	203	335
8818551	83332.Rv1192	202	268
8819268	83332.Rv1899c	202	305
8818529	83332.Rv1170	200	253
8817341	83332.Rv0015c	200	361
8819703	83332.Rv2315c	200	516
8819376	83332.Rv2002	200	126
8819986	83332.Rv2589	199	423
8820906	83332.Rv3485c	198	286
8820615	83332.Rv3200c	198	362
8820095	83332.Rv2696c	198	204
8819023	83332.Rv1655	197	291
8819292	83332.Rv1923	197	313
8820394	83332.Rv2988c	197	332
8818001	83332.Rv0654	197	389
8820099	83332.Rv2700	196	143
8819270	83332.Rv1901	196	301
8819279	83332.Rv1910c	196	118
8817340	83332.Rv0014c	196	537
8819473	83332.Rv2097c	196	463
8818161	83332.Rv0809	196	324
8818229	83332.Rv0877	196	132
8820627	83332.Rv3211	195	316
8820548	83332.Rv3137	195	164
8817942	83332.Rv0599c	195	85
8817485	83332.Rv0156	194	27
8820719	83332.Rv3301c	193	223
8819349	83332.Rv1978	193	212
8819061	83332.Rv1693	193	48
8818155	83332.Rv0803	193	619
8818957	83332.Rv1590	193	50
8820857	83332.Rv3436c	193	623
8820844	83332.Rv3423c	193	336
8818770	83332.Rv1408	192	74
8818474	83332.Rv1117	192	121
8821110	83332.Rv3687c	191	30
8820117	83332.Rv2718c	191	101
8820390	83332.Rv2984	191	649
8819409	83332.Rv2035	191	137
8819332	83332.Rv1962A	190	39
8818510	83332.Rv1152	189	79
8820154	83332.Rv2754c	189	207
8819746	83332.Rv2357c	188	504
8817691	83332.Rv0357c	188	248
8819674	83332.Rv2291	187	131
8817653	83332.Rv0319	187	86
8820628	83332.Rv3212	187	273
8820734	83332.Rv3315c	187	147
8819018	83332.Rv1650	186	637
8818550	83332.Rv1191	186	315
8818579	83332.Rv1220c	186	177
8819955	83332.Rv2558	186	234
8818888	83332.Rv1521	186	621
8818072	83332.Rv0724	185	489
8818218	83332.Rv0866	185	144
8817448	83332.Rv0119	185	315
8819490	83332.Rv2114	184	145
8817521	83332.Rv0190	184	109
8818196	83332.Rv0844c	183	172
8820825	83332.Rv3404c	183	218
8817957	83332.Rv0613c	183	617
8820759	83332.Rv3339c	182	296
8818624	83332.Rv1265	182	204
8818410	83332.Rv1056	181	235
8820262	83332.Rv2860c	181	407
8821345	83332.Rv3917c	181	317
8818501	83332.Rv1143	180	255
8819585	83332.Rv2207	180	243
8818625	83332.Rv1266c	179	398
8820354	83332.Rv2949c	179	190
8818210	83332.Rv0858c	178	215
8817626	83332.Rv0292	178	332
8818146	83332.Rv0794c	178	398
8821266	83332.Rv3838c	177	277
8820940	83332.Rv3519	177	239
8818124	83332.Rv0773c	177	307
8818426	83332.Rv1072	177	76
8821254	83332.Rv3826	177	500
8817818	83332.Rv0480c	177	225
8820645	83332.Rv3227	176	340
8819981	83332.Rv2584c	175	231
8821142	83332.Rv3717	174	154
8818059	83332.Rv0711	174	453
8820686	83332.Rv3268	173	116
8817992	83332.Rv0645c	173	277
8817866	83332.Rv0525	173	190
8820130	83332.Rv2731	172	259
8819188	83332.Rv1820	172	359
8821170	83332.Rv3744	172	52
8818263	83332.Rv0911	171	127
8820565	83332.Rv3154	170	130
8820956	83332.Rv3535c	170	201
8819057	83332.Rv1689	170	300
8821146	83332.Rv3721c	170	360
8820828	83332.Rv3407	169	75
8818120	83332.Rv0769	168	175
8818537	83332.Rv1178	168	156
8821287	83332.Rv3859c	168	1095
8819420	83332.Rv2046	168	135
8820623	83332.Rv3208	168	205
8818926	83332.Rv1559	168	218
8820239	83332.Rv2837c	168	303
8820410	83332.Rv3003c	167	457
8820190	83332.Rv2790c	167	255
8819352	83332.Rv1981c	167	242
8817635	83332.Rv0301	167	125
8817491	83332.Rv0161	167	362
8819534	83332.Rv2157c	167	326
8819933	83332.Rv2537c	167	91
8821106	83332.Rv3683	166	266
8819898	83332.Rv2503c	166	122
8821004	83332.Rv3582c	166	205
8817482	83332.Rv0153c	166	170
8821020	83332.Rv3598c	166	304
8819491	83332.Rv2115c	166	392
8818996	83332.Rv1629	166	773
8817794	83332.Rv0457c	165	516
8818483	83332.Rv1126c	164	143
8818544	83332.Rv1185c	164	428
8818843	83332.Rv1480	164	238
8819140	83332.Rv1770	164	325
8821349	83332.Rv3921c	164	180
8820388	83332.Rv2982c	164	164
8817568	83332.Rv0236A	163	41
8819667	83332.Rv2284	163	245
8818140	83332.Rv0788	162	206
8818960	83332.Rv1593c	162	176
8819163	83332.Rv1795	162	278
8820552	83332.Rv3141	162	189
8819402	83332.Rv2028c	162	167
8817634	83332.Rv0300	161	60
8820477	83332.Rv3068c	161	392
8821299	83332.Rv3871	161	307
8819734	83332.Rv2345	161	503
8818748	83332.Rv1386	160	63
8818995	83332.Rv1628c	160	108
8821304	83332.Rv3876	160	405
8817690	83332.Rv0356c	160	134
8819978	83332.Rv2581c	160	187
8817475	83332.Rv0146	160	312
8821237	83332.Rv3809c	160	247
8820546	83332.Rv3136	159	92
8818254	83332.Rv0902c	159	246
8821297	83332.Rv3869	159	344
8820071	83332.Rv2672	158	247
8820499	83332.Rv3090	158	241
8819115	83332.Rv1746	158	249
8818026	83332.Rv0679c	157	55
8819851	83332.Rv2457c	157	299
8817327	83332.Rv0001	157	398
8817745	83332.Rv0410c	157	573
8818101	83332.Rv0751c	157	199
8821205	83332.Rv3777	157	170
8820113	83332.Rv2714	156	227
8818975	83332.Rv1608c	156	118
8817880	83332.Rv0538	156	170
8818687	83332.Rv1326c	156	557
8818707	83332.Rv1346	156	204
8820324	83332.Rv2921c	156	246
8819560	83332.Rv2182c	155	132
8817344	83332.Rv0018c	155	263
8817756	83332.Rv0421c	155	110
8820724	83332.Rv3306c	155	143
8817822	83332.Rv0484c	154	201
8817642	83332.Rv0308	154	141
8818452	83332.Rv1096	154	283
8819510	83332.Rv2134c	153	114
8821152	83332.Rv3726	153	298
8817577	83332.Rv0244c	153	596
8818723	83332.Rv1362c	153	105
8820361	83332.Rv2956	153	122
8817399	83332.Rv0072	153	209
8819783	83332.Rv2394	153	323
8820334	83332.Rv2930	152	386
8821316	83332.Rv3888c	152	254
8820725	83332.Rv3307	152	139
8817395	83332.Rv0068	152	267
8820955	83332.Rv3534c	151	217
8820721	83332.Rv3303c	151	192
8818656	83332.Rv1296	151	109
8820553	83332.Rv3142c	151	74
8821203	83332.Rv3775	150	293
8819639	83332.Rv2257c	150	215
8820387	83332.Rv2981c	150	227
8818913	83332.Rv1546	150	79
8819801	83332.Rv2409c	150	139
8818753	83332.Rv1391	150	211
8818307	83332.Rv0956	150	118
8818805	83332.Rv1443c	150	104
8821002	83332.Rv3580c	150	389
8820459	83332.Rv3050c	149	117
8817875	83332.Rv0533c	149	186
8820382	83332.Rv2976c	149	127
8819575	83332.Rv2197c	149	70
8818374	83332.Rv1021	149	207
8821055	83332.Rv3633	149	218
8818291	83332.Rv0939	148	332
8820542	83332.Rv3132c	147	369
8818777	83332.Rv1415	147	364
8817849	83332.Rv0508	147	50
8820949	83332.Rv3528c	147	147
8817910	83332.Rv0568	147	242
8818880	83332.Rv1513	146	183
8818261	83332.Rv0909	146	49
8821246	83332.Rv3818	146	318
8817410	83332.Rv0081	145	56
8821105	83332.Rv3682	145	494
8818251	83332.Rv0899	145	188
8819181	83332.Rv1813c	145	18
8820188	83332.Rv2788	144	179
8817339	83332.Rv0013	144	96
8820100	83332.Rv2701c	143	178
8818759	83332.Rv1397c	143	67
8817632	83332.Rv0298	143	46
8820997	83332.Rv3575c	143	196
8820649	83332.Rv3231c	143	77
8817456	83332.Rv0127	143	321
8818240	83332.Rv0888	142	133
8819048	83332.Rv1680	142	146
8819021	83332.Rv1653	142	238
8818593	83332.Rv1234	142	100
8820107	83332.Rv2708c	142	41
8820738	83332.Rv3319	141	124
8818653	83332.Rv1293	141	362
8820372	83332.Rv2967c	141	667
8820740	83332.Rv3321c	141	41
8819985	83332.Rv2588c	141	77
8817506	83332.Rv0176	141	233
8819929	83332.Rv2533c	141	113
8819802	83332.Rv2410c	140	198
8820720	83332.Rv3302c	140	312
8821335	83332.Rv3907c	140	311
8818568	83332.Rv1209	140	51
8818863	83332.Rv1498c	140	155
8819984	83332.Rv2587c	140	271
8819994	83332.Rv2597	140	118
8819067	83332.Rv1699	140	328
8819139	83332.Rv1769	139	151
8819137	83332.Rv1767	139	83
8818762	83332.Rv1400c	139	155
8819281	83332.Rv1912c	139	173
8818165	83332.Rv0813c	138	177
8819920	83332.Rv2525c	138	131
8818346	83332.Rv0993	138	120
8821103	83332.Rv3680	137	283
8819936	83332.Rv2540c	136	287
8818616	83332.Rv1257c	136	230
8819621	83332.Rv2240c	136	85
8820337	83332.Rv2933	136	1233
8818588	83332.Rv1229c	136	211
8817555	83332.Rv0223c	135	197
8821107	83332.Rv3684	134	206
8820967	83332.Rv3546	134	178
8818659	83332.Rv1299	134	208
8819077	83332.Rv1708	134	201
8820859	83332.Rv3438	134	131
8820002	83332.Rv2604c	134	118
8821180	83332.Rv3754	134	177
8820631	83332.Rv3215	134	229
8819201	83332.Rv1833c	134	188
8819865	83332.Rv2470	133	89
8818900	83332.Rv1533	133	228
8820854	83332.Rv3433c	133	184
8817401	83332.Rv0074	133	165
8821102	83332.Rv3679	133	204
8820662	83332.Rv3244c	133	321
8817507	83332.Rv0177	133	112
8821235	83332.Rv3807c	132	78
8817523	83332.Rv0192	132	189
8818722	83332.Rv1361c	132	170
8820364	83332.Rv2959c	132	129
8817896	83332.Rv0554	131	148
8818702	83332.Rv1341	131	111
8818633	83332.Rv1274	131	61
8819035	83332.Rv1667c	131	74
8818619	83332.Rv1260	130	227
8820516	83332.Rv3106	130	284
8817900	83332.Rv0558	130	147
8820792	83332.Rv3372	130	167
8817582	83332.Rv0249c	130	107
8819692	83332.Rv2307B	129	26
8817772	83332.Rv0437c	129	168
8821089	83332.Rv3667	129	371
8819488	83332.Rv2112c	129	338
8819519	83332.Rv2142c	129	85
8817994	83332.Rv0647c	129	293
8821294	83332.Rv3866	129	118
8818412	83332.Rv1058	129	330
8820914	83332.Rv3493c	129	88
8817404	83332.Rv0077c	128	172
8819781	83332.Rv2392	128	140
8821311	83332.Rv3883c	128	158
8819267	83332.Rv1898	128	54
8819511	83332.Rv2135c	128	142
8818137	83332.Rv0786c	128	68
8819047	83332.Rv1679	128	192
8817867	83332.Rv0526	128	172
8821224	83332.Rv3796	128	127
8817607	83332.Rv0274	128	83
8818182	83332.Rv0830	128	203
8817726	83332.Rv0392c	127	264
8817681	83332.Rv0347	127	220
8820862	83332.Rv3441c	127	253
8820057	83332.Rv2658c	127	74
8818724	83332.Rv1363c	127	71
8817812	83332.Rv0474	126	109
8819472	83332.Rv2096c	126	127
8819120	83332.Rv1751	126	263
8819052	83332.Rv1684	126	55
8818468	83332.Rv1112	126	202
8818177	83332.Rv0825c	126	130
8818128	83332.Rv0777	126	265
8817668	83332.Rv0334	126	157
8817532	83332.Rv0200	126	101
8819619	83332.Rv2238c	126	95
8821094	83332.Rv3672c	126	93
8818969	83332.Rv1602	125	92
8819791	83332.Rv2400c	125	221
8819843	83332.Rv2449c	125	269
8817941	83332.Rv0598c	125	86
8820449	83332.Rv3040c	125	193
8819590	83332.Rv2212	125	239
8819549	83332.Rv2171	125	113
8821336	83332.Rv3908	125	107
8821031	83332.Rv3609c	124	78
8819803	83332.Rv2411c	124	314
8817851	83332.Rv0510	124	177
8818171	83332.Rv0819	124	195
8819365	83332.Rv1991c	123	67
8821187	83332.Rv3761c	123	225
8820114	83332.Rv2715	123	215
8821242	83332.Rv3814c	123	124
8819749	83332.Rv2360c	123	86
8817378	83332.Rv0052	123	126
8817466	83332.Rv0137c	123	108
8819957	83332.Rv2560	123	24
8819246	83332.Rv1878	122	175
8819983	83332.Rv2586c	122	194
8820853	83332.Rv3432c	122	294
8820470	83332.Rv3061c	122	382
8819748	83332.Rv2359	122	88
8820447	83332.Rv3038c	122	188
8817857	83332.Rv0516c	122	79
8819265	83332.Rv1896c	121	191
8818217	83332.Rv0865	121	40
8819532	83332.Rv2155c	121	265
8819763	83332.Rv2374c	121	192
8820711	83332.Rv3293	121	169
8819529	83332.Rv2152c	121	169
8818647	83332.Rv1288	121	257
8820422	83332.Rv3015c	120	185
8818123	83332.Rv0772	120	289
8818371	83332.Rv1018c	120	266
8819494	83332.Rv2118c	120	213
8821073	83332.Rv3651	120	226
8817897	83332.Rv0555	120	210
8817846	83332.Rv0505c	120	154
8819333	83332.Rv1962c	120	89
8819175	83332.Rv1807	119	27
8817762	83332.Rv0427c	119	184
8818089	83332.Rv0740	119	119
8820675	83332.Rv3257c	119	217
8817747	83332.Rv0412c	119	220
8818292	83332.Rv0940c	119	202
8819752	83332.Rv2363	119	230
8819044	83332.Rv1676	119	106
8817854	83332.Rv0513	119	47
8821185	83332.Rv3759c	118	90
8820411	83332.Rv3004	118	29
8819274	83332.Rv1905c	118	174
8818938	83332.Rv1571	118	92
8820181	83332.Rv2781c	118	110
8819894	83332.Rv2499c	118	75
8819896	83332.Rv2501c	118	267
8820659	83332.Rv3241c	118	137
8821314	83332.Rv3886c	118	218
8818808	83332.Rv1446c	118	146
8819090	83332.Rv1721c	117	50
8821032	83332.Rv3610c	117	400
8819081	83332.Rv1712	116	98
8819607	83332.Rv2228c	116	220
8819252	83332.Rv1884c	116	56
8820610	83332.Rv3197	116	239
8819528	83332.Rv2151c	116	154
8820421	83332.Rv3014c	116	326
8820395	83332.Rv2989	116	118
8818299	83332.Rv0948c	115	33
8820335	83332.Rv2931	115	777
8818933	83332.Rv1566c	115	77
8817493	83332.Rv0163	115	60
8820557	83332.Rv3146	115	68
8820732	83332.Rv3313c	115	208
8820451	83332.Rv3042c	114	276
8819965	83332.Rv2568c	114	165
8818967	83332.Rv1600	114	194
8817647	83332.Rv0313	114	70
8818749	83332.Rv1387	114	127
8818334	83332.Rv0981	114	104
8817345	83332.Rv0019c	113	101
8818414	83332.Rv1060	113	84
8819214	83332.Rv1846c	113	60
8819493	83332.Rv2117	113	72
8819581	83332.Rv2203	113	113
8817723	83332.Rv0389	113	164
8820189	83332.Rv2789c	112	216
8818879	83332.Rv1512	112	104
8819990	83332.Rv2593c	112	119
8820674	83332.Rv3256c	112	155
8819251	83332.Rv1883c	112	81
8818820	83332.Rv1458c	112	132
8818534	83332.Rv1175c	111	280
8819813	83332.Rv2421c	111	85
8820988	83332.Rv3566c	111	130
8817768	83332.Rv0433	111	227
8819977	83332.Rv2580c	111	184
8819017	83332.Rv1649	111	136
8819165	83332.Rv1797	110	160
8820937	83332.Rv3516	110	111
8818832	83332.Rv1470	110	32
8819068	83332.Rv1700	110	93
8818232	83332.Rv0880	110	48
8819060	83332.Rv1692	110	114
8817728	83332.Rv0394c	110	65
8817497	83332.Rv0167	109	79
8819891	83332.Rv2496c	109	209
8817960	83332.Rv0616A	109	33
8820683	83332.Rv3265c	109	129
8819417	83332.Rv2043c	108	75
8817913	83332.Rv0571c	108	205
8818809	83332.Rv1447c	108	235
8818768	83332.Rv1406	108	101
8820700	83332.Rv3282	108	100
8818224	83332.Rv0872c	108	19
8818598	83332.Rv1239c	108	135
8818459	83332.Rv1103c	108	27
8820563	83332.Rv3152	108	106
8820511	83332.Rv3101c	107	105
8821262	83332.Rv3834c	107	194
8817912	83332.Rv0570	107	281
8817889	83332.Rv0547c	107	132
8821138	83332.Rv3713	107	100
8821300	83332.Rv3872	106	28
8819027	83332.Rv1659	106	175
8818366	83332.Rv1013	106	228
8820125	83332.Rv2726c	106	92
8818746	83332.Rv1384	106	394
8818436	83332.Rv1082	106	167
8819739	83332.Rv2350c	106	201
8818361	83332.Rv1008	106	140
8821193	83332.Rv3767c	106	208
8820606	83332.Rv3194c	105	132
8819116	83332.Rv1747	105	403
8820244	83332.Rv2842c	105	72
8818692	83332.Rv1331	105	67
8819881	83332.Rv2486	105	149
8817598	83332.Rv0265c	104	136
8818372	83332.Rv1019	104	94
8818639	83332.Rv1280c	104	203
8817531	83332.Rv0199	104	86
8817816	83332.Rv0478	104	90
8819248	83332.Rv1880c	103	210
8819747	83332.Rv2358	103	67
8820727	83332.Rv3309c	103	73
8820448	83332.Rv3039c	103	129
8819922	83332.Rv2527	103	52
8817770	83332.Rv0435c	102	324
8820463	83332.Rv3054c	102	64
8817885	83332.Rv0543c	102	60
8819514	83332.Rv2138	102	148
8820021	83332.Rv2622	102	116
8821119	83332.Rv3696c	102	309
8818626	83332.Rv1267c	102	220
8818646	83332.Rv1287	102	58
8819892	83332.Rv2497c	102	150
8819284	83332.Rv1915	102	157
8817460	83332.Rv0131c	102	224
8818347	83332.Rv0994	102	201
8820830	83332.Rv3409c	102	193
8818745	83332.Rv1383	101	88
8818163	83332.Rv0811c	101	152
8819198	83332.Rv1830	101	56
8820101	83332.Rv2702	101	134
8820742	83332.Rv3323c	101	142
8819112	83332.Rv1743	101	240
8819378	83332.Rv2004c	101	224
8820184	83332.Rv2784c	101	65
8818415	83332.Rv1061	101	173
8818285	83332.Rv0933	101	134
8817759	83332.Rv0424c	100	34
8817629	83332.Rv0295c	100	111
8817962	83332.Rv0617	100	42
8820340	83332.Rv2936	100	170
8817695	83332.Rv0361	100.0	81
8818020	83332.Rv0673	99.7	153
8820488	83332.Rv3079c	99.6	106
8820947	83332.Rv3526	99.3	192
8821291	83332.Rv3863	99.3	110
8819131	83332.Rv1762c	99.3	100
8818060	83332.Rv0712	99.0	133
8820467	83332.Rv3058c	98.7	99
8821330	83332.Rv3902c	98.7	98
8817637	83332.Rv0303	98.7	104
8820618	83332.Rv3203	98.6	111
8819733	83332.Rv2344c	98.4	168
8819513	83332.Rv2137c	98.3	63
8818694	83332.Rv1333	98.3	88
8820498	83332.Rv3089	98.1	258
8819442	83332.Rv2067c	97.9	224
8820708	83332.Rv3290c	97.8	177
8818338	83332.Rv0985c	97.6	75
8820495	83332.Rv3086	97.5	171
8819216	83332.Rv1848	97.2	47
8820406	83332.Rv2999	96.9	169
8817648	83332.Rv0314c	96.6	64
8820336	83332.Rv2932	96.6	559
8820690	83332.Rv3272	96.4	312
8820257	83332.Rv2855	96.2	191
8817855	83332.Rv0514	96.2	18
8819005	83332.Rv1638	96.2	457
8818258	83332.Rv0906	96.1	198
8820355	83332.Rv2950c	96.0	232
8819811	83332.Rv2419c	95.7	101
8820309	83332.Rv2906c	95.7	93
8818520	83332.Rv1161	95.7	586
8821338	83332.Rv3910	95.5	442
8821049	83332.Rv3627c	95.3	171
8819144	83332.Rv1774	95.0	170
8818676	83332.Rv1316c	94.9	61
8818829	83332.Rv1467c	94.9	285
8817511	83332.Rv0181c	94.7	63
8819285	83332.Rv1916	94.5	179
8819479	83332.Rv2103c	94.4	59
8819148	83332.Rv1778c	94.4	86
8819895	83332.Rv2500c	94.3	184
8818265	83332.Rv0913c	94.1	173
8818514	83332.Rv1156	94.1	58
8818675	83332.Rv1315	93.9	157
8819263	83332.Rv1894c	93.8	100
8820076	83332.Rv2677c	93.8	137
8820338	83332.Rv2934	93.7	533
8818931	83332.Rv1564c	93.7	239
8818844	83332.Rv1481	93.5	119
8817561	83332.Rv0229c	93.4	71
8818364	83332.Rv1011	92.9	89
8817539	83332.Rv0207c	92.9	91
8818016	83332.Rv0669c	92.8	196
8820936	83332.Rv3515c	92.6	231
8818594	83332.Rv1235	92.4	126
8819515	83332.Rv2139	92.4	145
8819987	83332.Rv2590	92.4	442
8821140	83332.Rv3715c	92.2	74
8819506	83332.Rv2130c	92.2	186
8818125	83332.Rv0774c	92.1	48
8818839	83332.Rv1476	91.9	64
8821247	83332.Rv3819	91.6	50
8820923	83332.Rv3502c	91.6	106
8820679	83332.Rv3261	91.6	142
8819033	83332.Rv1665	91.5	188
8818487	83332.Rv1130	91.4	217
8818850	83332.Rv1487	91.3	29
8818574	83332.Rv1215c	90.9	188
8820397	83332.Rv2991	90.7	90
8817437	83332.Rv0108c	90.6	47
8820150	83332.Rv2750	90.5	53
8821024	83332.Rv3602c	90.4	123
8818597	83332.Rv1238	89.7	187
8817894	83332.Rv0552	89.6	190
8821230	83332.Rv3802c	89.5	101
8818638	83332.Rv1279	89.5	206
8819818	83332.Rv2426c	89.5	130
8819164	83332.Rv1796	89.5	173
8820723	83332.Rv3305c	89.3	159
8817650	83332.Rv0316	89.2	58
8818937	83332.Rv1570	89.2	87
8819809	83332.Rv2417c	89.1	105
8819992	83332.Rv2595	89.0	19
8818601	83332.Rv1242	88.9	75
8818645	83332.Rv1286	88.9	224
8818741	83332.Rv1379	88.9	74
8818222	83332.Rv0870c	88.8	23
8818873	83332.Rv1507c	88.6	101
8817496	83332.Rv0166	88.3	178
8819313	83332.Rv1944c	88.3	78
8819841	83332.Rv2447c	88.2	161
8820011	83332.Rv2613c	87.9	77
8818905	83332.Rv1538c	87.8	145
8817902	83332.Rv0560c	87.6	138
8820306	83332.Rv2903c	87.6	109
8818456	83332.Rv1100	87.5	107
8818591	83332.Rv1232c	86.9	121
8819363	83332.Rv1990c	86.8	75
8821150	83332.Rv3724B	86.6	37
8821265	83332.Rv3837c	86.6	96
8819193	83332.Rv1825	86.4	86
8817540	83332.Rv0208c	85.7	112
8818998	83332.Rv1631	85.6	137
8819471	83332.Rv2095c	85.3	137
8820391	83332.Rv2985	85.3	132
8820186	83332.Rv2786c	85.1	85
8819824	83332.Rv2431c	85.1	45
8819715	83332.Rv2327	84.9	67
8820077	83332.Rv2678c	84.5	100
8819438	83332.Rv2063A	84.3	47
8821236	83332.Rv3808c	84.2	241
8818324	83332.Rv0972c	84.1	121
8821088	83332.Rv3666c	84.0	124
8818378	83332.Rv1025	84.0	62
8819374	83332.Rv2000	84.0	183
8817446	83332.Rv0117	83.7	84
8819794	83332.Rv2402	83.7	285
8820112	83332.Rv2713	83.4	155
8820650	83332.Rv3232c	83.0	115
8817478	83332.Rv0149	83.0	125
8820290	83332.Rv2887	82.5	48
8817488	83332.Rv0158	82.3	97
8819902	83332.Rv2507	82.2	43
8820420	83332.Rv3013	82.1	106
8818253	83332.Rv0901	82.0	39
8820911	83332.Rv3490	81.9	183
8819180	83332.Rv1812c	81.7	155
8820032	83332.Rv2633c	81.5	74
8819063	83332.Rv1695	81.4	101
8818990	83332.Rv1623c	81.3	161
8818488	83332.Rv1131	81.3	96
8821040	83332.Rv3618	81.2	114
8817658	83332.Rv0324	81.2	78
8820916	83332.Rv3495c	80.8	107
8821025	83332.Rv3603c	80.8	68
8819080	83332.Rv1711	80.7	103
8817877	83332.Rv0535	80.3	78
8817835	83332.Rv0496	80.1	95
8817744	83332.Rv0409	79.9	132
8821218	83332.Rv3790	79.9	171
8819964	83332.Rv2567	79.8	325
8820739	83332.Rv3320c	79.6	65
8820717	83332.Rv3299c	79.4	281
8819465	83332.Rv2089c	79.1	96
8821144	83332.Rv3719	79.1	139
8820138	83332.Rv2738c	79.0	24
8818824	83332.Rv1462	78.8	162
8818413	83332.Rv1059	78.8	83
8819934	83332.Rv2538c	78.6	143
8818959	83332.Rv1592c	78.2	94
8821298	83332.Rv3870	78.2	221
8821194	83332.Rv3768	78.0	43
8820579	83332.Rv3168	77.9	129
8819877	83332.Rv2482c	77.9	247
8818946	83332.Rv1579c	77.8	41
8819416	83332.Rv2042c	77.7	110
8820081	83332.Rv2682c	77.6	248
8818352	83332.Rv0999	77.5	75
8818664	83332.Rv1304	77.5	74
8817605	83332.Rv0272c	77.4	158
8820151	83332.Rv2751	77.2	109
8817743	83332.Rv0408	77.1	214
8819327	83332.Rv1957	77.1	47
8819220	83332.Rv1852	77.1	76
8818546	83332.Rv1187	77.1	169
8817683	83332.Rv0349	77.1	66
8818356	83332.Rv1003	76.9	80
8820762	83332.Rv3342	76.9	79
8818034	83332.Rv0687	76.8	83
8821310	83332.Rv3882c	76.7	153
8820622	83332.Rv3207c	76.7	116
8821241	83332.Rv3813c	76.6	69
8819609	83332.Rv2230c	76.3	88
8817353	83332.Rv0027	76.1	43
8821013	83332.Rv3591c	76.0	123
8818345	83332.Rv0992c	76.0	30
8817687	83332.Rv0353	75.9	42
8819215	83332.Rv1847	75.8	29
8819989	83332.Rv2592c	75.7	100
8818499	83332.Rv1141c	75.7	94
8820702	83332.Rv3284	75.6	37
8817364	83332.Rv0038	75.6	113
8820360	83332.Rv2955c	75.5	134
8818751	83332.Rv1389	75.4	66
8818923	83332.Rv1556	75.3	79
8818622	83332.Rv1263	75.3	138
8821270	83332.Rv3842c	75.2	95
8820254	83332.Rv2852c	75.2	164
8817445	83332.Rv0116c	75.2	31
8820359	83332.Rv2954c	75.0	86
8819963	83332.Rv2566	75.0	318
8818600	83332.Rv1241	74.8	26
8819688	83332.Rv2305	74.7	150
8817674	83332.Rv0340	74.7	21
8820326	83332.Rv2922c	74.5	383
8820116	83332.Rv2717c	74.5	57
8817752	83332.Rv0417	74.4	57
8818761	83332.Rv1399c	74.3	66
8819604	83332.Rv2225	74.3	49
8817798	83332.Rv0461	74.1	47
8818076	83332.Rv0727c	74.1	68
8818801	83332.Rv1439c	74.1	52
8818143	83332.Rv0791c	74.1	143
8818278	83332.Rv0926c	74.1	172
8818521	83332.Rv1162	74.0	159
8821026	83332.Rv3604c	73.9	118
8820109	83332.Rv2710	73.8	90
8819579	83332.Rv2201	73.7	200
8817351	83332.Rv0025	73.4	45
8820555	83332.Rv3144c	73.3	42
8820741	83332.Rv3322c	73.2	74
8819176	83332.Rv1808	73.1	60
8817571	83332.Rv0238	73.1	62
8821179	83332.Rv3753c	73.0	32
8817376	83332.Rv0050	72.9	233
8818553	83332.Rv1194c	72.8	129
8818840	83332.Rv1477	72.8	112
8819375	83332.Rv2001	72.5	75
8817644	83332.Rv0310c	72.5	75
8818603	83332.Rv1244	72.3	83
8818699	83332.Rv1338	72.3	98
8820072	83332.Rv2673	72.2	149
8818109	83332.Rv0758	72.1	159
8820784	83332.Rv3364c	71.9	16
8819372	83332.Rv1998c	71.8	56
8820908	83332.Rv3487c	71.7	92
8819127	83332.Rv1758	71.6	7
8817514	83332.Rv0184	71.5	62
8818572	83332.Rv1213	71.5	141
8818451	83332.Rv1095	71.2	137
8820500	83332.Rv3091	71.1	192
8819518	83332.Rv2142A	71.1	26
8817671	83332.Rv0337c	70.8	113
8817906	83332.Rv0564c	70.7	131
8818827	83332.Rv1465	70.7	61
8817947	83332.Rv0604	70.6	77
8818857	83332.Rv1493	70.6	193
8819812	83332.Rv2420c	70.5	48
8817785	83332.Rv0450c	70.2	260
8819905	83332.Rv2510c	70.1	169
8819253	83332.Rv1885c	70.1	80
8818027	83332.Rv0680c	69.8	30
8820040	83332.Rv2641	69.8	54
8817676	83332.Rv0342	69.7	142
8818318	83332.Rv0966c	69.6	64
8818028	83332.Rv0681	69.5	49
8818823	83332.Rv1461	69.5	259
8820796	83332.Rv3376	69.5	63
8819311	83332.Rv1942c	69.4	44
8819425	83332.Rv2051c	69.4	239
8817599	83332.Rv0266c	69.3	311
8820966	83332.Rv3545c	69.3	159
8818928	83332.Rv1561	69.2	57
8818896	83332.Rv1529	69.1	360
8821223	83332.Rv3795	69.0	260
8817420	83332.Rv0091	69.0	106
8819289	83332.Rv1920	68.9	66
8819380	83332.Rv2006	68.9	350
8819680	83332.Rv2297	68.7	46
8821225	83332.Rv3797	68.6	199
8819966	83332.Rv2569c	68.6	113
8819530	83332.Rv2153c	68.2	96
8820805	83332.Rv3385c	68.2	23
8821096	83332.Rv3674c	68.1	60
8818524	83332.Rv1165	68.1	155
8820249	83332.Rv2847c	68.0	84
8818789	83332.Rv1427c	67.9	152
8820209	83332.Rv2808	67.7	30
8819269	83332.Rv1900c	67.7	137
8818859	83332.Rv1495	67.7	33
8819307	83332.Rv1938	67.6	131
8817842	83332.Rv0501	67.6	128
8819187	83332.Rv1819c	67.6	216
8820353	83332.Rv2948c	67.5	218
8818682	83332.Rv1322	67.2	17
8819377	83332.Rv2003c	67.1	110
8821221	83332.Rv3793	67.1	229
8819927	83332.Rv2531c	67.1	314
8819570	83332.Rv2192c	67.0	116
8817793	83332.Rv0456c	66.9	73
8817342	83332.Rv0016c	66.8	143
8819526	83332.Rv2149c	66.5	101
8821282	83332.Rv3854c	66.4	129
8819422	83332.Rv2048c	66.3	963
8821158	83332.Rv3732	66.3	78
8818964	83332.Rv1597	66.2	79
8818481	83332.Rv1124	66.2	89
8821222	83332.Rv3794	66.1	279
8820926	83332.Rv3505	66.1	78
8821174	83332.Rv3748	65.9	54
8819962	83332.Rv2565	65.6	166
8818935	83332.Rv1568	65.5	88
8817391	83332.Rv0064A	65.3	22
8819297	83332.Rv1928c	65.3	54
8819727	83332.Rv2338c	65.2	92
8819971	83332.Rv2574	65.2	49
8817741	83332.Rv0406c	65.1	75
8821301	83332.Rv3873	64.9	70
8820969	83332.Rv3548c	64.9	82
8818856	83332.Rv1492	64.8	151
8817754	83332.Rv0419	64.8	135
8819731	83332.Rv2342	64.5	34
8819212	83332.Rv1844c	64.5	117
8820230	83332.Rv2828c	64.5	70
8818172	83332.Rv0820	64.5	73
8818747	83332.Rv1385	64.2	56
8818339	83332.Rv0986	64.2	63
8817946	83332.Rv0603	64.0	24
8817371	83332.Rv0045c	64.0	95
8821083	83332.Rv3661	63.8	70
8820820	83332.Rv3399	63.8	143
8818121	83332.Rv0770	63.7	92
8820193	83332.Rv2793c	63.6	83
8818972	83332.Rv1605	63.5	103
8818590	83332.Rv1231c	63.4	44
8818509	83332.Rv1151c	63.3	86
8818107	83332.Rv0756c	63.2	67
8819395	83332.Rv2021c	63.2	32
8820164	83332.Rv2764c	63.0	59
8820450	83332.Rv3041c	62.9	79
8817773	83332.Rv0438c	62.9	86
8819456	83332.Rv2080	62.8	60
8821346	83332.Rv3918c	62.7	99
8818817	83332.Rv1455	62.6	62
8819232	83332.Rv1864c	62.6	58
8820253	83332.Rv2851c	62.5	48
8819426	83332.Rv2052c	62.5	119
8818554	83332.Rv1195	62.4	9
8820744	83332.Rv3324c	62.3	41
8820152	83332.Rv2752c	62.3	147
8820346	83332.Rv2942	62.3	214
8820834	83332.Rv3413c	62.3	64
8819645	83332.Rv2263	62.2	108
8818640	83332.Rv1281c	62.2	169
8818519	83332.Rv1160	62.1	52
8819913	83332.Rv2518c	62.0	77
8818834	83332.Rv1472	62.0	77
8817893	83332.Rv0551c	62.0	147
8820804	83332.Rv3384c	61.9	30
8819925	83332.Rv2530A	61.8	19
8819091	83332.Rv1722	61.8	139
8817641	83332.Rv0307c	61.5	50
8818962	83332.Rv1595	61.5	113
8820202	83332.Rv2801c	61.4	38
8818304	83332.Rv0953c	61.3	98
8820343	83332.Rv2939	61.2	63
8819797	83332.Rv2405	61.2	59
8818266	83332.Rv0914c	60.9	112
8818577	83332.Rv1218c	60.9	101
8817360	83332.Rv0034	60.8	40
8819810	83332.Rv2418c	60.8	64
8818466	83332.Rv1110	60.8	77
8819754	83332.Rv2365c	60.7	19
8818216	83332.Rv0864	60.6	51
8819968	83332.Rv2571c	60.4	61
8819668	83332.Rv2285	60.3	130
8817402	83332.Rv0075	60.3	121
8819217	83332.Rv1849	60.2	35
8820139	83332.Rv2739c	60.0	95
8820143	83332.Rv2743c	59.8	59
8819500	83332.Rv2124c	59.7	310
8819130	83332.Rv1761c	59.6	42
8820633	83332.Rv3218	59.5	92
8817951	83332.Rv0608	59.5	10
8820080	83332.Rv2681	59.4	88
8819764	83332.Rv2375	59.4	34
8820931	83332.Rv3510c	59.3	67
8819897	83332.Rv2502c	59.0	160
8819660	83332.Rv2277c	59.0	83
8819242	83332.Rv1874	58.9	73
8819869	83332.Rv2474c	58.7	64
8820329	83332.Rv2925c	58.7	93
8820689	83332.Rv3271c	58.7	21
8819400	83332.Rv2026c	58.5	106
8820171	83332.Rv2771c	58.5	38
8817905	83332.Rv0563	58.4	91
8821046	83332.Rv3624c	58.3	70
8821124	83332.Rv3700c	58.3	104
8821248	83332.Rv3820c	58.0	97
8818894	83332.Rv1527c	58.0	668
8817978	83332.Rv0633c	57.8	61
8818010	83332.Rv0663	57.8	129
8817516	83332.Rv0186	57.6	131
8817765	83332.Rv0430	57.4	15
8817397	83332.Rv0070c	57.4	96
8818875	83332.Rv1508c	57.3	150
8818122	83332.Rv0771	57.2	34
8817972	83332.Rv0627	57.1	40
8819440	83332.Rv2065	57.0	53
8820986	83332.Rv3565	57.0	98
8818478	83332.Rv1121	56.9	137
8820194	83332.Rv2794c	56.8	45
8817435	83332.Rv0106	56.7	104
8819437	83332.Rv2063	56.7	19
8818207	83332.Rv0855	56.6	66
8817595	83332.Rv0262c	56.5	36
8819448	83332.Rv2073c	56.1	52
8820785	83332.Rv3365c	56.0	192
8821214	83332.Rv3786c	56.0	98
8818528	83332.Rv1169c	55.7	14
8820131	83332.Rv2732c	55.6	51
8820219	83332.Rv2818c	55.6	120
8817400	83332.Rv0073	55.6	133
8818525	83332.Rv1166	55.4	102
8819466	83332.Rv2090	55.3	96
8820517	83332.Rv3107c	55.3	153
8818783	83332.Rv1421	55.2	88
8819635	83332.Rv2253	55.2	36
8821192	83332.Rv3766	55.1	43
8818097	83332.Rv0748	55.0	23
8818543	83332.Rv1184c	55.0	48
8820983	83332.Rv3562	54.9	119
8818214	83332.Rv0862c	54.8	167
8819926	83332.Rv2530c	54.8	28
8817864	83332.Rv0523c	54.6	39
8821201	83332.Rv3773c	54.6	55
8817426	83332.Rv0097	54.4	45
8817373	83332.Rv0047c	54.3	43
8818901	83332.Rv1534	54.3	68
8820635	83332.Rv3220c	54.2	122
8817623	83332.Rv0289	54.1	58
8817786	83332.Rv0451c	54.0	31
8821030	83332.Rv3608c	53.9	87
8820462	83332.Rv3053c	53.9	13
8819980	83332.Rv2583c	53.9	164
8817385	83332.Rv0059	53.9	52
8817392	83332.Rv0065	53.8	45
8819166	83332.Rv1798	53.8	149
8821263	83332.Rv3835	53.7	86
8818860	83332.Rv1496	53.7	73
8818323	83332.Rv0971c	53.7	55
8817633	83332.Rv0299	53.7	22
8818275	83332.Rv0923c	53.5	76
8818309	83332.Rv0958	53.5	113
8819489	83332.Rv2113	53.3	80
8820097	83332.Rv2698	53.2	30
8819250	83332.Rv1882c	53.0	55
8819230	83332.Rv1862	53.0	72
8818379	83332.Rv1026	52.8	70
8818404	83332.Rv1050	52.8	53
8821234	83332.Rv3806c	52.8	76
8818262	83332.Rv0910	52.8	26
8820909	83332.Rv3488	52.6	24
8820160	83332.Rv2760c	52.5	14
8818697	83332.Rv1336	52.5	70
8818448	83332.Rv1092c	52.5	67
8819323	83332.Rv1954A	52.4	14
8819766	83332.Rv2377c	52.4	8
8818213	83332.Rv0861c	52.4	154
8818866	83332.Rv1501	52.3	59
8820777	83332.Rv3357	52.3	22
8819653	83332.Rv2271	52.3	23
8820793	83332.Rv3373	52.3	88
8818890	83332.Rv1523	52.2	88
8820352	83332.Rv2947c	52.2	132
8818927	83332.Rv1560	52.2	9
8820433	83332.Rv3025c	52.1	61
8820946	83332.Rv3525c	52.0	31
8818092	83332.Rv0743c	51.9	49
8818417	83332.Rv1063c	51.8	86
8817651	83332.Rv0317c	51.6	62
8819392	83332.Rv2018	51.4	66
8817459	83332.Rv0130	51.4	33
8819724	83332.Rv2335	51.3	25
8819833	83332.Rv2439c	51.3	94
8817450	83332.Rv0121c	51.3	33
8818102	83332.Rv0752c	51.3	97
8820733	83332.Rv3314c	51.1	90
8820137	83332.Rv2737c	51.0	181
8821271	83332.Rv3843c	51.0	61
8817993	83332.Rv0646c	51.0	70
8818683	83332.Rv1322A	50.9	23
8819249	83332.Rv1881c	50.9	40
8820569	83332.Rv3158	50.7	78
8817859	83332.Rv0518	50.5	63
8821284	83332.Rv3856c	50.5	78
8820895	83332.Rv3474	50.4	252
8819546	83332.Rv2168c	50.4	252
8819126	83332.Rv1757c	50.4	252
8819481	83332.Rv2105	50.4	252
8819661	83332.Rv2278	50.4	252
8819132	83332.Rv1763	50.4	252
8820216	83332.Rv2815c	50.4	252
8820801	83332.Rv3381c	50.4	252
8819875	83332.Rv2480c	50.4	252
8820745	83332.Rv3325	50.4	252
8818147	83332.Rv0795	50.4	252
8820595	83332.Rv3184	50.4	252
8820597	83332.Rv3186	50.4	252
8820047	83332.Rv2648	50.4	252
8819743	83332.Rv2354	50.4	252
8818732	83332.Rv1370c	50.4	252
8820782	83332.Rv3362c	50.3	62
8819235	83332.Rv1867	50.2	111
8819278	83332.Rv1909c	50.2	26
8820634	83332.Rv3219	50.1	9
8819951	83332.Rv2554c	50.1	45
8819222	83332.Rv1854c	50.1	92
8817608	83332.Rv0275c	50.0	46
8817749	83332.Rv0414c	50.0	47
8819950	83332.Rv2553c	49.9	96
8819468	83332.Rv2092c	49.9	214
8820383	83332.Rv2977c	49.8	80
8817969	83332.Rv0624	49.8	47
8819291	83332.Rv1922	49.8	71
8818369	83332.Rv1016c	49.8	62
8820637	83332.Rv3221c	49.7	22
8820925	83332.Rv3504	49.7	100
8817534	83332.Rv0202c	49.7	144
8820984	83332.Rv3563	49.6	93
8817923	83332.Rv0581	49.5	13
8818100	83332.Rv0750	49.3	34
8819066	83332.Rv1698	49.3	64
8818475	83332.Rv1118c	49.1	71
8819714	83332.Rv2326c	49.1	164
8818256	83332.Rv0904c	49.0	101
8819600	83332.Rv2221c	48.9	228
8821343	83332.Rv3915	48.8	83
8818541	83332.Rv1182	48.7	80
8819384	83332.Rv2010	48.5	31
8819233	83332.Rv1865c	48.1	67
8819623	83332.Rv2242	48.0	86
8820858	83332.Rv3437	47.9	29
8820919	83332.Rv3498c	47.9	77
8818693	83332.Rv1332	47.8	52
8820461	83332.Rv3052c	47.7	48
8819868	83332.Rv2473	47.6	47
8821209	83332.Rv3781	47.5	69
8820466	83332.Rv3057c	47.4	58
8820918	83332.Rv3497c	47.4	67
8820876	83332.Rv3455c	47.3	50
8817820	83332.Rv0482	47.3	75
8821008	83332.Rv3586	47.2	80
8820684	83332.Rv3266c	47.2	71
8818721	83332.Rv1360	47.0	79
8818804	83332.Rv1442	47.0	149
8820497	83332.Rv3088	46.8	71
8820444	83332.Rv3035	46.4	43
8817748	83332.Rv0413	46.4	57
8818958	83332.Rv1591	46.4	49
8820685	83332.Rv3267	46.4	100
8817677	83332.Rv0343	46.3	83
8819255	83332.Rv1887	46.2	87
8820872	83332.Rv3451	46.1	33
8817698	83332.Rv0364	46.0	17
8817662	83332.Rv0328	46.0	43
8819293	83332.Rv1924c	45.9	26
8820646	83332.Rv3228	45.9	63
8819359	83332.Rv1987	45.8	47
8818605	83332.Rv1246c	45.8	27
8818423	83332.Rv1069c	45.7	100
8817492	83332.Rv0162c	45.6	81
8820748	83332.Rv3328c	45.6	46
8819632	83332.Rv2250c	45.5	25
8818344	83332.Rv0991c	45.4	36
8819524	83332.Rv2147c	45.3	43
8817716	83332.Rv0382c	45.2	25
8820599	83332.Rv3188	45.2	26
8818293	83332.Rv0941c	45.2	48
8820648	83332.Rv3230c	45.2	70
8818159	83332.Rv0807	45.1	42
8819745	83332.Rv2356c	45.1	17
8819630	83332.Rv2249c	45.0	81
8820127	83332.Rv2728c	44.9	53
8820318	83332.Rv2915c	44.9	69
8820123	83332.Rv2724c	44.9	80
8819136	83332.Rv1766	44.8	18
8817821	83332.Rv0483	44.8	55
8820985	83332.Rv3564	44.7	41
8818729	83332.Rv1367c	44.7	53
8818438	83332.Rv1084	44.6	126
8817597	83332.Rv0264c	44.6	37
8818644	83332.Rv1285	44.3	76
8818790	83332.Rv1428c	44.1	63
8820008	83332.Rv2610c	44.1	47
8818198	83332.Rv0846c	44.1	89
8820458	83332.Rv3049c	43.9	113
8820104	83332.Rv2705c	43.8	35
8820330	83332.Rv2926c	43.7	45
8818190	83332.Rv0838	43.6	64
8820363	83332.Rv2958c	43.5	69
8817892	83332.Rv0550c	43.5	19
8819508	83332.Rv2132	43.4	17
8820917	83332.Rv3496c	43.3	42
8817825	83332.Rv0487	43.3	31
8820680	83332.Rv3262	43.3	112
8819917	83332.Rv2522c	43.2	76
8820651	83332.Rv3233c	43.2	30
8817837	83332.Rv0498	43.2	46
8818271	83332.Rv0919	43.1	35
8818787	83332.Rv1425	43.1	63
8818204	83332.Rv0852	42.9	53
8818623	83332.Rv1264	42.8	102
8817682	83332.Rv0348	42.8	51
8820749	83332.Rv3329	42.7	87
8817546	83332.Rv0214	42.6	63
8819393	83332.Rv2019	42.6	32
8818907	83332.Rv1540	42.5	52
8818437	83332.Rv1083	42.5	19
8818618	83332.Rv1259	42.5	57
8819795	83332.Rv2403c	42.4	35
8821149	83332.Rv3724A	42.2	9
8819634	83332.Rv2252	42.2	50
8819118	83332.Rv1749c	42.1	31
8817627	83332.Rv0293c	42.1	78
8820652	83332.Rv3234c	42.1	46
8818373	83332.Rv1020	42.1	212
8820915	83332.Rv3494c	42.0	75
8819595	83332.Rv2217	41.9	27
8820369	83332.Rv2964	41.8	60
8819996	83332.Rv2599	41.8	17
8821023	83332.Rv3601c	41.7	15
8819218	83332.Rv1850	41.6	102
8821028	83332.Rv3606c	41.5	30
8820226	83332.Rv2825c	41.4	63
8817928	83332.Rv0586	41.3	45
8820015	83332.Rv2616	41.3	44
8819053	83332.Rv1685c	41.3	48
8820094	83332.Rv2695	41.2	40
8820273	83332.Rv2870c	41.2	69
8818999	83332.Rv1632c	41.2	41
8817739	83332.Rv0404	41.2	92
8820900	83332.Rv3479	41.1	167
8821048	83332.Rv3626c	41.0	44
8820904	83332.Rv3483c	41.0	41
8818319	83332.Rv0967	41.0	22
8818744	83332.Rv1382	40.8	29
8820996	83332.Rv3574	40.7	41
8819088	83332.Rv1719	40.6	57
8820696	83332.Rv3278c	40.5	21
8819234	83332.Rv1866	40.5	259
8817553	83332.Rv0221	40.4	103
8818791	83332.Rv1429	40.3	84
8819982	83332.Rv2585c	40.3	62
8818606	83332.Rv1247c	40.2	20
8820175	83332.Rv2775	40.1	31
8820903	83332.Rv3482c	40.1	39
8819225	83332.Rv1857	39.9	31
8821137	83332.Rv3712	39.9	51
8818711	83332.Rv1350	39.9	49
8820736	83332.Rv3317	39.8	28
8820468	83332.Rv3059	39.8	86
8820432	83332.Rv3024c	39.8	64
8818881	83332.Rv1514c	39.7	48
8821252	83332.Rv3824c	39.7	91
8819878	83332.Rv2483c	39.7	104
8820425	83332.Rv3018A	39.6	18
8821113	83332.Rv3690	39.4	33
8817763	83332.Rv0428c	39.4	65
8818325	83332.Rv0973c	39.3	106
8819949	83332.Rv2552c	39.3	34
8819273	83332.Rv1904	39.3	25
8818849	83332.Rv1486c	39.2	38
8818973	83332.Rv1606	39.1	20
8819707	83332.Rv2319c	39.0	34
8819117	83332.Rv1748	39.0	34
8820962	83332.Rv3541c	39.0	33
8817386	83332.Rv0060	38.9	77
8818806	83332.Rv1444c	38.8	25
8819683	83332.Rv2300c	38.8	35
8819548	83332.Rv2170	38.7	32
8817895	83332.Rv0553	38.6	32
8818583	83332.Rv1224	38.6	16
8820668	83332.Rv3250c	38.6	22
8819361	83332.Rv1989c	38.5	27
8818169	83332.Rv0817c	38.5	48
8817878	83332.Rv0536	38.5	58
8817678	83332.Rv0344c	38.5	32
8818538	83332.Rv1179c	38.4	136
8819185	83332.Rv1817	38.4	73
8819857	83332.Rv2463	38.4	61
8821067	83332.Rv3645	38.3	76
8819073	83332.Rv1705c	38.3	20
8818630	83332.Rv1271c	38.3	19
8817578	83332.Rv0245	38.1	35
8821053	83332.Rv3631	38.1	47
8819156	83332.Rv1787	38.0	21
8820195	83332.Rv2795c	38.0	53
8821337	83332.Rv3909	38.0	87
8818160	83332.Rv0808	37.8	101
8817515	83332.Rv0185	37.8	21
8817596	83332.Rv0263c	37.8	39
8820677	83332.Rv3259	37.7	22
8820510	83332.Rv3100c	37.7	19
8819206	83332.Rv1838c	37.6	28
8820750	83332.Rv3330	37.6	50
8820893	83332.Rv3472	37.6	24
8817938	83332.Rv0595c	37.6	33
8820530	83332.Rv3120	37.6	35
8819065	83332.Rv1697	37.5	67
8820486	83332.Rv3077	37.4	100
8818136	83332.Rv0785	37.3	100
8818209	83332.Rv0857	37.2	31
8818023	83332.Rv0676c	37.0	144
8820678	83332.Rv3260c	37.0	20
8817891	83332.Rv0549c	36.9	28
8818611	83332.Rv1252c	36.9	18
8819584	83332.Rv2206	36.9	13
8819879	83332.Rv2484c	36.8	75
8819014	83332.Rv1646	36.7	8
8818470	83332.Rv1114	36.7	21
8820752	83332.Rv3332	36.7	71
8821114	83332.Rv3691	36.7	42
8819525	83332.Rv2148c	36.7	47
8817396	83332.Rv0069c	36.6	56
8819025	83332.Rv1657	36.6	44
8819638	83332.Rv2256c	36.6	29
8817369	83332.Rv0043c	36.6	41
8819458	83332.Rv2082	36.6	62
8819348	83332.Rv1977	36.5	72
8817573	83332.Rv0240	36.5	32
8820978	83332.Rv3557c	36.5	38
8819755	83332.Rv2366c	36.5	58
8820840	83332.Rv3419c	36.4	46
8818858	83332.Rv1494	36.4	12
8821323	83332.Rv3895c	36.3	92
8817564	83332.Rv0232	36.3	33
8819411	83332.Rv2037c	36.1	56
8817939	83332.Rv0596c	36.1	12
8820316	83332.Rv2913c	35.9	100
8820526	83332.Rv3116	35.8	60
8820274	83332.Rv2871	35.8	6
8820980	83332.Rv3559c	35.8	48
8818007	83332.Rv0660c	35.6	17
8818114	83332.Rv0763c	35.5	14
8821283	83332.Rv3855	35.5	56
8818363	83332.Rv1010	35.3	62
8817572	83332.Rv0239	35.2	11
8820716	83332.Rv3298c	35.2	38
8818457	83332.Rv1101c	35.1	39
8817834	83332.Rv0495c	35.0	52
8819296	83332.Rv1927	34.9	35
8820778	83332.Rv3358	34.8	11
8819283	83332.Rv1914c	34.7	26
8817463	83332.Rv0134	34.5	50
8818985	83332.Rv1618	34.5	54
8818061	83332.Rv0713	34.5	43
8821178	83332.Rv3752c	34.5	35
8819732	83332.Rv2343c	34.4	103
8820429	83332.Rv3022A	34.4	22
8817533	83332.Rv0201c	34.3	27
8817354	83332.Rv0028	34.3	9
8820272	83332.Rv2869c	34.3	52
8818977	83332.Rv1610	34.3	41
8819184	83332.Rv1816	34.2	42
8820959	83332.Rv3538	34.1	35
8818897	83332.Rv1530	34.0	46
8820644	83332.Rv3226c	33.9	46
8820704	83332.Rv3286c	33.9	40
8818043	83332.Rv0695	33.8	25
8817850	83332.Rv0509	33.8	68
8820939	83332.Rv3518c	33.7	78
8820443	83332.Rv3034c	33.7	48
8818512	83332.Rv1154c	33.6	37
8821260	83332.Rv3832c	33.5	22
8818081	83332.Rv0732	33.5	70
8817468	83332.Rv0139	33.4	45
8819123	83332.Rv1754c	33.2	71
8819678	83332.Rv2295	33.2	32
8817405	83332.Rv0078	33.2	37
8817924	83332.Rv0582	33.1	10
8821125	83332.Rv3701c	33.1	66
8821210	83332.Rv3782	33.0	50
8817547	83332.Rv0215c	32.9	53
8817338	83332.Rv0012	32.9	33
8819429	83332.Rv2055c	32.8	12
8817819	83332.Rv0481c	32.7	33
8820898	83332.Rv3477	32.7	13
8820761	83332.Rv3341	32.6	50
8819369	83332.Rv1995	32.5	37
8819543	83332.Rv2165c	32.5	47
8819353	83332.Rv1982A	32.4	10
8818870	83332.Rv1505c	32.3	28
8818467	83332.Rv1111c	32.2	41
8820007	83332.Rv2609c	32.1	56
8818680	83332.Rv1320c	32.1	54
8819551	83332.Rv2173	32.0	46
8818784	83332.Rv1422	32.0	59
8817428	83332.Rv0099	32.0	53
8820248	83332.Rv2846c	31.9	44
8821039	83332.Rv3617	31.9	58
8817810	83332.Rv0472c	31.9	31
8817699	83332.Rv0365c	31.8	69
8819196	83332.Rv1828	31.8	31
8820665	83332.Rv3247c	31.8	38
8818387	83332.Rv1033c	31.7	33
8821264	83332.Rv3836	31.6	17
8818300	83332.Rv0949	31.4	99
8817646	83332.Rv0312	31.3	65
8819602	83332.Rv2223c	31.3	91
8817462	83332.Rv0133	31.2	25
8820829	83332.Rv3408	31.2	26
8819796	83332.Rv2404c	31.1	116
8819718	83332.Rv2330c	31.1	22
8817968	83332.Rv0623	31.1	8
8820709	83332.Rv3291c	31.1	23
8819154	83332.Rv1785c	31.1	48
8820367	83332.Rv2962c	31.0	69
8820069	83332.Rv2670c	31.0	48
8818914	83332.Rv1547	30.9	178
8819015	83332.Rv1647	30.9	52
8818936	83332.Rv1569	30.7	46
8819421	83332.Rv2047c	30.6	106
8820647	83332.Rv3229c	30.6	47
8818239	83332.Rv0887c	30.6	27
8819028	83332.Rv1660	30.6	65
8818772	83332.Rv1410c	30.6	56
8817355	83332.Rv0029	30.4	52
8820998	83332.Rv3576	30.4	20
8820163	83332.Rv2763c	30.2	19
8820222	83332.Rv2821c	30.2	29
8821118	83332.Rv3695	30.2	24
8817843	83332.Rv0502	30.2	48
8817409	83332.Rv0080	30.1	15
8818515	83332.Rv1157c	30.0	16
8821001	83332.Rv3579c	30.0	28
8821092	83332.Rv3670	30.0	45
8817356	83332.Rv0030	29.9	11
8819721	83332.Rv2332	29.8	68
8819665	83332.Rv2282c	29.7	47
8817512	83332.Rv0182c	29.7	51
8820000	83332.Rv2602	29.7	24
8819000	83332.Rv1633	29.7	86
8821305	83332.Rv3877	29.5	40
8819911	83332.Rv2516c	29.5	43
8819935	83332.Rv2539c	29.4	26
8818956	83332.Rv1589	29.4	58
8819756	83332.Rv2367c	29.3	18
8818780	83332.Rv1418	29.3	19
8818648	83332.Rv1289	29.3	29
8819924	83332.Rv2529	29.3	66
8817832	83332.Rv0493c	29.3	50
8819079	83332.Rv1710	29.3	35
8818367	83332.Rv1014c	29.3	27
8820827	83332.Rv3406	29.2	32
8819436	83332.Rv2062c	29.2	162
8819694	83332.Rv2307c	29.2	37
8821157	83332.Rv3731	29.1	39
8821126	83332.Rv3702c	29.1	33
8818899	83332.Rv1532c	29.1	19
8818119	83332.Rv0768	29.0	60
8821066	83332.Rv3644c	29.0	59
8819441	83332.Rv2066	29.0	60
8820296	83332.Rv2893	29.0	54
8820009	83332.Rv2611c	28.9	29
8818788	83332.Rv1426c	28.9	61
8820070	83332.Rv2671	28.8	44
8817549	83332.Rv0217c	28.8	31
8817971	83332.Rv0626	28.8	6
8818416	83332.Rv1062	28.7	30
8820672	83332.Rv3254	28.6	51
8818244	83332.Rv0892	28.6	56
8820351	83332.Rv2946c	28.6	147
8817881	83332.Rv0539	28.4	22
8820948	83332.Rv3527	28.4	17
8817465	83332.Rv0136	28.4	66
8819459	83332.Rv2083	28.4	8
8820786	83332.Rv3366	28.4	29
8819401	83332.Rv2027c	28.3	95
8818848	83332.Rv1485	28.3	36
8820068	83332.Rv2669	28.3	13
8819008	83332.Rv1640c	28.2	130
8818841	83332.Rv1478	28.2	22
8820088	83332.Rv2689c	28.2	47
8818306	83332.Rv0955	28.2	24
8819266	83332.Rv1897c	28.1	11
8817940	83332.Rv0597c	28.1	45
8819326	83332.Rv1956	27.9	16
8820480	83332.Rv3071	27.9	42
8817509	83332.Rv0179c	27.9	46
8818535	83332.Rv1176c	27.8	26
8819207	83332.Rv1839c	27.7	8
8819082	83332.Rv1713	27.7	46
8819774	83332.Rv2385	27.6	28
8818526	83332.Rv1167c	27.6	30
8820826	83332.Rv3405c	27.5	25
8820341	83332.Rv2937	27.5	34
8819737	83332.Rv2348c	27.5	7
8821184	83332.Rv3758c	27.4	64
8819191	83332.Rv1823	27.4	37
8820147	83332.Rv2747	27.4	20
8819390	83332.Rv2016	27.3	28
8819993	83332.Rv2596	27.3	12
8821095	83332.Rv3673c	27.0	24
8820317	83332.Rv2914c	27.0	59
8820901	83332.Rv3480c	26.9	57
8819480	83332.Rv2104c	26.9	10
8817416	83332.Rv0087	26.8	35
8818129	83332.Rv0778	26.7	46
8817870	83332.Rv0529	26.7	27
8818135	83332.Rv0784	26.7	29
8818621	83332.Rv1262c	26.5	21
8821069	83332.Rv3647c	26.5	24
8818289	83332.Rv0937c	26.5	41
8818531	83332.Rv1172c	26.5	17
8818902	83332.Rv1535	26.4	9
8817734	83332.Rv0399c	26.3	38
8820039	83332.Rv2640c	26.3	8
8819368	83332.Rv1994c	26.2	22
8817750	83332.Rv0415	26.2	39
8818402	83332.Rv1048c	26.2	25
8819617	83332.Rv2237	26.2	36
8820965	83332.Rv3544c	26.2	26
8819477	83332.Rv2101	26.1	132
8818943	83332.Rv1576c	26.1	62
8821322	83332.Rv3894c	26.1	142
8819177	83332.Rv1809	26.1	21
8820148	83332.Rv2748c	26.1	90
8820545	83332.Rv3135	25.9	20
8820726	83332.Rv3308	25.9	57
8818549	83332.Rv1190	25.8	24
8818650	83332.Rv1290c	25.8	26
8817528	83332.Rv0196	25.8	24
8820269	83332.Rv2866	25.8	8
8819364	83332.Rv1991A	25.8	11
8820108	83332.Rv2709	25.6	8
8819055	83332.Rv1687c	25.6	45
8818464	83332.Rv1108c	25.5	47
8820961	83332.Rv3540c	25.5	38
8819889	83332.Rv2494	25.5	25
8821344	83332.Rv3916c	25.3	26
8820944	83332.Rv3523	25.3	42
8817802	83332.Rv0465c	25.2	60
8817349	83332.Rv0023	25.2	40
8818326	83332.Rv0974c	25.1	59
8817436	83332.Rv0107c	25.0	164
8819382	83332.Rv2008c	25.0	63
8819064	83332.Rv1696	25.0	61
8820556	83332.Rv3145	25.0	9
8818489	83332.Rv1132	24.9	62
8819492	83332.Rv2116	24.9	28
8819542	83332.Rv2164c	24.9	22
8820815	83332.Rv3395A	24.8	16
8819956	83332.Rv2559c	24.8	52
8820414	83332.Rv3007c	24.7	11
8819105	83332.Rv1736c	24.7	68
8818133	83332.Rv0782	24.7	61
8818681	83332.Rv1321	24.7	27
8820971	83332.Rv3550	24.6	21
8817429	83332.Rv0100	24.6	9
8818500	83332.Rv1142c	24.5	28
8820676	83332.Rv3258c	24.5	13
8820531	83332.Rv3121	24.4	31
8818130	83332.Rv0779c	24.4	12
8820503	83332.Rv3094c	24.4	49
8817498	83332.Rv0168	24.3	14
8819944	83332.Rv2548	24.3	18
8819912	83332.Rv2517c	24.3	11
8820591	83332.Rv3180c	24.3	14
8818608	83332.Rv1249c	24.2	18
8820833	83332.Rv3412	24.2	16
8818589	83332.Rv1230c	24.2	18
8818584	83332.Rv1225c	24.2	23
8818835	83332.Rv1473	24.1	65
8819312	83332.Rv1943c	24.1	18
8819757	83332.Rv2368c	24.0	39
8820256	83332.Rv2854	24.0	46
8821313	83332.Rv3885c	24.0	63
8819564	83332.Rv2186c	23.9	7
8817952	83332.Rv0609	23.9	17
8818532	83332.Rv1173	23.8	101
8820103	83332.Rv2704	23.8	17
8819740	83332.Rv2351c	23.7	50
8820571	83332.Rv3160c	23.7	25
8818175	83332.Rv0823c	23.6	46
8819155	83332.Rv1786	23.6	3
8819138	83332.Rv1768	23.6	5
8820920	83332.Rv3499c	23.6	32
8821245	83332.Rv3817	23.6	39
8820643	83332.Rv3225c	23.6	54
8820514	83332.Rv3104c	23.5	35
8819430	83332.Rv2056c	23.5	4
8818164	83332.Rv0812	23.5	44
8818566	83332.Rv1207	23.5	34
8819750	83332.Rv2361c	23.4	23
8818357	83332.Rv1004c	23.4	5
8820795	83332.Rv3375	23.3	51
8817552	83332.Rv0220	23.3	32
8820297	83332.Rv2894c	23.3	30
8821151	83332.Rv3725	23.2	34
8817884	83332.Rv0542c	23.1	40
8819753	83332.Rv2364c	23.1	27
8820705	83332.Rv3287c	23.0	16
8818235	83332.Rv0883c	23.0	29
8818612	83332.Rv1253	23.0	63
8820592	83332.Rv3181c	23.0	16
8818581	83332.Rv1222	22.9	18
8820303	83332.Rv2900c	22.9	85
8820973	83332.Rv3552	22.8	35
8819618	83332.Rv2237A	22.8	7
8819596	83332.Rv2218	22.8	29
8818144	83332.Rv0792c	22.7	17
8819566	83332.Rv2188c	22.7	34
8820943	83332.Rv3522	22.6	39
8818982	83332.Rv1615	22.5	11
8818706	83332.Rv1345	22.5	40
8820952	83332.Rv3531c	22.3	27
8818078	83332.Rv0729	22.3	35
8820502	83332.Rv3093c	22.2	24
8819769	83332.Rv2380c	22.2	156
8817929	83332.Rv0587	22.2	21
8820049	83332.Rv2650c	22.2	55
8819562	83332.Rv2184c	22.1	43
8818578	83332.Rv1219c	22.1	27
8818342	83332.Rv0989c	22.0	39
8819991	83332.Rv2594c	22.0	14
8821347	83332.Rv3919c	22.0	20
8818037	83332.Rv0690c	22.0	30
8819669	83332.Rv2286c	21.9	19
8820993	83332.Rv3571	21.8	35
8817673	83332.Rv0339c	21.7	52
8818327	83332.Rv0975c	21.6	28
8819366	83332.Rv1992c	21.6	39
8820496	83332.Rv3087	21.6	46
8817394	83332.Rv0067c	21.5	17
8820613	83332.Rv3198c	21.5	67
8821099	83332.Rv3677c	21.5	24
8821325	83332.Rv3897c	21.4	11
8819371	83332.Rv1997	21.4	79
8818375	83332.Rv1022	21.4	23
8817411	83332.Rv0082	21.3	15
8821191	83332.Rv3765c	21.3	26
8818220	83332.Rv0868c	21.3	10
8820389	83332.Rv2983	21.2	18
8820252	83332.Rv2850c	21.2	56
8820362	83332.Rv2957	21.2	29
8818876	83332.Rv1509	21.2	20
8821116	83332.Rv3693	21.2	48
8818154	83332.Rv0802c	21.0	25
8817828	83332.Rv0490	20.8	39
8817329	83332.Rv0003	20.8	41
8819241	83332.Rv1873	20.8	17
8817831	83332.Rv0492c	20.7	44
8817898	83332.Rv0556	20.6	14
8820754	83332.Rv3334	20.6	9
8819478	83332.Rv2102	20.5	20
8821109	83332.Rv3686c	20.5	4
8817467	83332.Rv0138	20.5	12
8818755	83332.Rv1393c	20.5	36
8821139	83332.Rv3714c	20.4	16
8820182	83332.Rv2782c	20.4	43
8818511	83332.Rv1153c	20.3	17
8817657	83332.Rv0323c	20.3	18
8817757	83332.Rv0422c	20.3	26
8820934	83332.Rv3513c	20.3	43
8820614	83332.Rv3199c	20.2	31
8817628	83332.Rv0294	20.2	27
8820124	83332.Rv2725c	20.2	48
8819686	83332.Rv2303c	20.1	36
8820921	83332.Rv3500c	20.1	13
8819247	83332.Rv1879	20.0	32
8818786	83332.Rv1424c	19.9	16
8819119	83332.Rv1750c	19.8	54
8819329	83332.Rv1959c	19.8	7
8818691	83332.Rv1330c	19.8	35
8818200	83332.Rv0848	19.7	33
8821156	83332.Rv3730c	19.7	33
8819259	83332.Rv1890c	19.7	14
8819464	83332.Rv2088	19.6	44
8818891	83332.Rv1524	19.6	43
8818116	83332.Rv0765c	19.6	19
8820584	83332.Rv3173c	19.4	12
8819799	83332.Rv2407	19.4	23
8817869	83332.Rv0528	19.4	37
8818335	83332.Rv0982	19.4	42
8818992	83332.Rv1625c	19.4	32
8819305	83332.Rv1936	19.3	27
8817589	83332.Rv0256c	19.2	9
8820245	83332.Rv2843	19.2	10
8817447	83332.Rv0118c	19.2	63
8817474	83332.Rv0145	19.1	44
8820951	83332.Rv3530c	19.1	22
8819908	83332.Rv2513	19.1	13
8821212	83332.Rv3784	19.1	25
8818498	83332.Rv1140	18.9	22
8817879	83332.Rv0537c	18.9	23
8821084	83332.Rv3662c	18.9	19
8817588	83332.Rv0255c	18.8	56
8820942	83332.Rv3521	18.8	11
8818191	83332.Rv0839	18.8	24
8821315	83332.Rv3887c	18.7	31
8820794	83332.Rv3374	18.7	7
8819391	83332.Rv2017	18.7	23
8817565	83332.Rv0233	18.6	33
8819571	83332.Rv2193	18.6	10
8819738	83332.Rv2349c	18.5	41
8817811	83332.Rv0473	18.4	43
8820905	83332.Rv3484	18.4	33
8821306	83332.Rv3878	18.4	12
8817714	83332.Rv0380c	18.3	17
8819334	83332.Rv1963c	18.2	39
8819852	83332.Rv2458	17.9	25
8820287	83332.Rv2884	17.8	19
8820371	83332.Rv2966c	17.8	13
8820066	83332.Rv2667	17.8	10
8821233	83332.Rv3805c	17.7	56
8818953	83332.Rv1586c	17.6	35
8821121	83332.Rv3697c	17.6	11
8817776	83332.Rv0441c	17.5	17
8819815	83332.Rv2423	17.5	48
8818297	83332.Rv0945	17.5	19
8820602	83332.Rv3190c	17.5	32
8819036	83332.Rv1668c	17.5	25
8819999	83332.Rv2601A	17.4	9
8818580	83332.Rv1221	17.4	23
8818259	83332.Rv0907	17.3	38
8820228	83332.Rv2827c	17.2	20
8818987	83332.Rv1620c	17.2	34
8821243	83332.Rv3815c	17.2	19
8820663	83332.Rv3245c	17.2	41
8820841	83332.Rv3420c	17.2	14
8820819	83332.Rv3398c	17.0	20
8819236	83332.Rv1868	17.0	48
8820958	83332.Rv3537	16.9	38
8818930	83332.Rv1563c	16.9	44
8820758	83332.Rv3338	16.9	21
8819069	83332.Rv1701	16.9	30
8821207	83332.Rv3779	16.8	42
8820489	83332.Rv3080c	16.8	93
8818187	83332.Rv0835	16.8	17
8818576	83332.Rv1217c	16.7	35
8817719	83332.Rv0385	16.7	21
8819615	83332.Rv2235	16.7	14
8819772	83332.Rv2383c	16.7	97
8819775	83332.Rv2386c	16.6	30
8819282	83332.Rv1913	16.6	17
8817715	83332.Rv0381c	16.5	14
8819099	83332.Rv1730c	16.5	50
8820231	83332.Rv2829c	16.4	11
8820439	83332.Rv3031	16.4	34
8819111	83332.Rv1742	16.3	25
8819805	83332.Rv2413c	16.3	28
8819092	83332.Rv1723	16.3	22
8819559	83332.Rv2181	16.2	20
8817769	83332.Rv0434	16.2	18
8818098	83332.Rv0749	16.1	12
8819834	83332.Rv2440c	16.1	29
8817860	83332.Rv0519c	16.1	12
8818075	83332.Rv0726c	16.1	41
8819202	83332.Rv1834	16.1	13
8820204	83332.Rv2803	16.0	7
8820438	83332.Rv3030	15.9	20
8820714	83332.Rv3296	15.9	97
8819386	83332.Rv2012	15.9	13
8817976	83332.Rv0631c	15.9	78
8817620	83332.Rv0286	15.9	12
8818614	83332.Rv1255c	15.9	10
8817457	83332.Rv0128	15.9	8
8817975	83332.Rv0630c	15.8	78
8817847	83332.Rv0506	15.8	15
8819383	83332.Rv2009	15.7	8
8820490	83332.Rv3081	15.7	24
8820964	83332.Rv3543c	15.7	22
8819533	83332.Rv2156c	15.7	30
8821351	83332.Rv3923c	15.7	6
8820423	83332.Rv3016	15.7	13
8820590	83332.Rv3179	15.6	30
8819613	83332.Rv2232	15.6	21
8821132	83332.Rv3707c	15.6	18
8820232	83332.Rv2830c	15.5	7
8818727	83332.Rv1366	15.4	17
8818044	83332.Rv0696	15.4	37
8818237	83332.Rv0885	15.3	31
8820667	83332.Rv3249c	15.3	20
8820342	83332.Rv2938	15.2	10
8820310	83332.Rv2907c	15.2	7
8820313	83332.Rv2910c	15.2	16
8818679	83332.Rv1319c	15.2	23
8819939	83332.Rv2543	15.2	22
8818769	83332.Rv1407	15.1	37
8819317	83332.Rv1948c	15.0	7
8818947	83332.Rv1580c	15.0	8
8820221	83332.Rv2820c	14.9	15
8819056	83332.Rv1688	14.9	13
8820035	83332.Rv2636	14.8	13
8821128	83332.Rv3704c	14.8	19
8818179	83332.Rv0827c	14.8	8
8819046	83332.Rv1678	14.8	10
8820158	83332.Rv2758c	14.7	6
8819850	83332.Rv2456c	14.7	11
8819509	83332.Rv2133c	14.6	14
8818006	83332.Rv0659c	14.6	6
8820913	83332.Rv3492c	14.6	10
8818311	83332.Rv0959A	14.6	5
8819143	83332.Rv1773c	14.5	18
8818351	83332.Rv0998	14.5	25
8817602	83332.Rv0269c	14.4	17
8818883	83332.Rv1516c	14.4	27
8818290	83332.Rv0938	14.3	40
8818399	83332.Rv1045	14.3	14
8821011	83332.Rv3589	14.3	28
8819776	83332.Rv2387	14.2	18
8817441	83332.Rv0112	14.2	21
8820063	83332.Rv2664	14.2	5
8818208	83332.Rv0856	14.2	11
8820106	83332.Rv2707	14.1	11
8820501	83332.Rv3092c	14.0	14
8819396	83332.Rv2022c	14.0	29
8821182	83332.Rv3756c	14.0	11
8820270	83332.Rv2867c	13.9	20
8820157	83332.Rv2757c	13.9	6
8821159	83332.Rv3733c	13.9	9
8820735	83332.Rv3316	13.9	9
8818575	83332.Rv1216c	13.9	8
8820235	83332.Rv2833c	13.9	15
8818086	83332.Rv0737	13.9	8
8819777	83332.Rv2388c	13.9	19
8820661	83332.Rv3243c	13.8	17
8819096	83332.Rv1727	13.8	6
8821275	83332.Rv3847	13.7	9
8819407	83332.Rv2033c	13.7	19
8820491	83332.Rv3082c	13.7	24
8821085	83332.Rv3663c	13.7	30
8818192	83332.Rv0840c	13.6	20
8818725	83332.Rv1364c	13.5	42
8819149	83332.Rv1779c	13.5	33
8818245	83332.Rv0893c	13.5	40
8819354	83332.Rv1982c	13.5	6
8818919	83332.Rv1552	13.4	34
8819943	83332.Rv2547	13.4	2
8818867	83332.Rv1502	13.4	20
8817838	83332.Rv0499	13.4	18
8817611	83332.Rv0277c	13.4	11
8818794	83332.Rv1432	13.4	19
8817692	83332.Rv0358	13.3	7
8818312	83332.Rv0960	13.3	10
8820156	83332.Rv2756c	13.3	37
8820581	83332.Rv3170	13.3	24
8819076	83332.Rv1707	13.3	14
8818893	83332.Rv1526c	13.2	29
8818708	83332.Rv1347c	13.1	13
8818249	83332.Rv0897c	13.0	29
8818836	83332.Rv1473A	13.0	2
8818779	83332.Rv1417	13.0	8
8818678	83332.Rv1318c	13.0	31
8818793	83332.Rv1431	12.9	34
8818227	83332.Rv0875c	12.9	11
8817909	83332.Rv0567	12.8	19
8817361	83332.Rv0035	12.8	35
8820981	83332.Rv3560c	12.8	25
8819767	83332.Rv2378c	12.8	25
8820975	83332.Rv3554	12.8	42
8818861	83332.Rv1497	12.8	19
8819439	83332.Rv2064	12.8	20
8819221	83332.Rv1853	12.7	7
8819501	83332.Rv2125	12.6	7
8817915	83332.Rv0573c	12.6	26
8820950	83332.Rv3529c	12.6	26
8818288	83332.Rv0936	12.6	11
8819557	83332.Rv2179c	12.5	10
8820995	83332.Rv3573c	12.5	42
8820813	83332.Rv3393	12.5	16
8820593	83332.Rv3182	12.5	21
8817903	83332.Rv0561c	12.4	21
8818563	83332.Rv1204c	12.4	36
8820440	83332.Rv3032	12.4	19
8819612	83332.Rv2231c	12.3	25
8818916	83332.Rv1549	12.3	12
8817427	83332.Rv0098	12.2	9
8818547	83332.Rv1188	12.2	21
8818197	83332.Rv0845	12.2	27
8820945	83332.Rv3524	12.2	12
8819540	83332.Rv2162c	12.1	3
8820036	83332.Rv2637	12.1	9
8821188	83332.Rv3762c	12.1	35
8818945	83332.Rv1578c	12.1	8
8818252	83332.Rv0900	12.1	3
8820227	83332.Rv2826c	12.1	15
8817614	83332.Rv0280	12.0	11
8819347	83332.Rv1976c	12.0	8
8820159	83332.Rv2759c	11.9	8
8819034	83332.Rv1666c	11.9	19
8820594	83332.Rv3183	11.9	3
8820201	83332.Rv2801A	11.8	5
8817352	83332.Rv0026	11.8	19
8820485	83332.Rv3076	11.8	10
8821317	83332.Rv3889c	11.6	15
8819646	83332.Rv2264c	11.6	16
8818522	83332.Rv1163	11.6	15
8818920	83332.Rv1553	11.5	12
8819568	83332.Rv2190c	11.4	11
8819415	83332.Rv2041c	11.4	25
8818157	83332.Rv0805	11.4	13
8819900	83332.Rv2505c	11.3	25
8818000	83332.Rv0653c	11.3	14
8817645	83332.Rv0311	11.2	20
8818642	83332.Rv1283c	11.1	18
8818440	83332.Rv1086	11.1	12
8817760	83332.Rv0425c	11.1	52
8819725	83332.Rv2336	11.1	21
8819203	83332.Rv1835c	11.1	29
8817422	83332.Rv0093c	11.1	13
8820225	83332.Rv2824c	11.1	14
8819210	83332.Rv1842c	11.1	21
8817700	83332.Rv0366c	11.0	11
8820179	83332.Rv2779c	11.0	7
8820783	83332.Rv3363c	11.0	7
8820030	83332.Rv2631	11.0	10
8817882	83332.Rv0540	10.9	12
8820017	83332.Rv2618	10.9	8
8819042	83332.Rv1674c	10.9	13
8819614	83332.Rv2234	10.9	7
8817954	83332.Rv0610c	10.9	15
8819503	83332.Rv2127	10.8	23
8818837	83332.Rv1474c	10.8	8
8818672	83332.Rv1312	10.8	9
8820780	83332.Rv3360	10.7	10
8818767	83332.Rv1405c	10.7	14
8817430	83332.Rv0101	10.6	133
8817791	83332.Rv0456A	10.6	10
8820126	83332.Rv2727c	10.6	16
8820315	83332.Rv2912c	10.6	11
8820250	83332.Rv2848c	10.5	19
8819310	83332.Rv1941	10.5	7
8818764	83332.Rv1402	10.5	28
8821190	83332.Rv3764c	10.5	19
8820970	83332.Rv3549c	10.5	9
8820567	83332.Rv3156	10.5	30
8818569	83332.Rv1210	10.5	9
8820989	83332.Rv3567c	10.5	5
8819701	83332.Rv2313c	10.4	16
8819029	83332.Rv1661	10.4	96
8818496	83332.Rv1138c	10.4	15
8821288	83332.Rv3860	10.3	20
8820305	83332.Rv2902c	10.2	11
8819761	83332.Rv2372c	10.2	11
8818380	83332.Rv1027c	10.2	15
8817421	83332.Rv0092	10.2	34
8821155	83332.Rv3729	10.2	37
8817936	83332.Rv0593	10.1	37
8821186	83332.Rv3760	10.1	5
8817587	83332.Rv0254c	10.1	6
8820132	83332.Rv2733c	10.0	23
8818093	83332.Rv0744c	10.0	6
8820328	83332.Rv2924c	9.95	15
8820251	83332.Rv2849c	9.92	15
8817432	83332.Rv0103c	9.89	30
8820027	83332.Rv2628	9.82	8
8817796	83332.Rv0459	9.81	9
8818486	83332.Rv1129c	9.79	20
8819858	83332.Rv2464c	9.73	10
8817407	83332.Rv0078B	9.72	3
8820268	83332.Rv2865	9.71	5
8820578	83332.Rv3167c	9.71	6
8819330	83332.Rv1960c	9.69	3
8818260	83332.Rv0908	9.68	34
8820575	83332.Rv3164c	9.67	17
8818310	83332.Rv0959	9.64	17
8817663	83332.Rv0329c	9.55	8
8820818	83332.Rv3397c	9.48	8
8818918	83332.Rv1551	9.44	20
8819298	83332.Rv1929c	9.41	10
8820781	83332.Rv3361c	9.41	7
8817963	83332.Rv0618	9.4	9
8821162	83332.Rv3736	9.37	13
8818377	83332.Rv1024	9.35	8
8819098	83332.Rv1729c	9.34	19
8818821	83332.Rv1459c	9.3	29
8817873	83332.Rv0531	9.21	6
8819970	83332.Rv2573	9.2	8
8820089	83332.Rv2690c	9.19	24
8819659	83332.Rv2276	9.14	20
8817916	83332.Rv0574c	9.12	17
8820972	83332.Rv3551	9.1	13
8821047	83332.Rv3625c	9.03	13
8817609	83332.Rv0276	8.99	13
8820802	83332.Rv3382c	8.99	13
8818484	83332.Rv1127c	8.94	22
8818690	83332.Rv1329c	8.9	32
8818142	83332.Rv0790c	8.85	10
8818472	83332.Rv1116	8.84	1
8818156	83332.Rv0804	8.79	10
8819093	83332.Rv1724c	8.78	7
8818586	83332.Rv1227c	8.74	4
8820380	83332.Rv2974c	8.68	19
8818974	83332.Rv1607	8.62	9
8819085	83332.Rv1716	8.6	5
8819445	83332.Rv2070c	8.49	12
8819012	83332.Rv1644	8.47	11
8820471	83332.Rv3062	8.42	22
8817701	83332.Rv0367c	8.35	6
8820843	83332.Rv3422c	8.33	6
8817914	83332.Rv0572c	8.28	5
8819190	83332.Rv1822	8.24	6
8817907	83332.Rv0565c	8.24	20
8818822	83332.Rv1460	8.23	8
8819945	83332.Rv2548A	8.22	2
8819209	83332.Rv1841c	8.15	12
8817451	83332.Rv0122	8.12	4
8818988	83332.Rv1621c	8.08	20
8819062	83332.Rv1694	8.08	10
8819151	83332.Rv1781c	8.07	24
8819866	83332.Rv2471	8.06	12
8819726	83332.Rv2337c	8.04	8
8817495	83332.Rv0165c	8.03	9
8819124	83332.Rv1755c	8.02	18
8820428	83332.Rv3020c	8.01	14
8817487	83332.Rv0157A	7.98	2
8819059	83332.Rv1691	7.91	9
8819398	83332.Rv2024c	7.88	20
8818203	83332.Rv0851c	7.88	11
8819928	83332.Rv2532c	7.84	3
8817833	83332.Rv0494	7.82	8
8820808	83332.Rv3388	7.82	2
8819716	83332.Rv2328	7.76	4
8820145	83332.Rv2745c	7.75	4
8817787	83332.Rv0452	7.71	12
8819419	83332.Rv2045c	7.67	16
8820475	83332.Rv3066	7.63	7
8817343	83332.Rv0017c	7.62	15
8818971	83332.Rv1604	7.62	7
8818567	83332.Rv1208	7.6	8
8820974	83332.Rv3553	7.6	8
8818703	83332.Rv1342c	7.58	4
8818045	83332.Rv0697	7.53	16
8818782	83332.Rv1420	7.53	21
8821250	83332.Rv3822	7.52	7
8818596	83332.Rv1237	7.45	8
8818735	83332.Rv1373	7.43	13
8820051	83332.Rv2652c	7.41	7
8821108	83332.Rv3685c	7.4	17
8818273	83332.Rv0921	7.34	6
8818132	83332.Rv0781	7.33	8
8818709	83332.Rv1348	7.32	27
8819728	83332.Rv2339	7.3	42
8818909	83332.Rv1542c	7.29	3
8819227	83332.Rv1859	7.29	11
8819072	83332.Rv1704c	7.28	12
8818523	83332.Rv1164	7.27	11
8818041	83332.Rv0693	7.27	9
8820400	83332.Rv2994	7.25	7
8819788	83332.Rv2397c	7.22	11
8818419	83332.Rv1065	7.2	6
8819782	83332.Rv2393	7.2	9
8819423	83332.Rv2049c	7.15	2
8818813	83332.Rv1451	7.09	4
8821127	83332.Rv3703c	7.08	12
8821136	83332.Rv3711c	7.06	11
8821161	83332.Rv3735	7.06	7
8818348	83332.Rv0995	7.03	5
8820835	83332.Rv3414c	7.01	8
8818677	83332.Rv1317c	7.01	15
8818118	83332.Rv0767c	6.98	8
8821035	83332.Rv3613c	6.96	2
8818386	83332.Rv1032c	6.96	31
8818802	83332.Rv1440	6.93	2
8820568	83332.Rv3157	6.89	20
8821117	83332.Rv3694c	6.88	10
8819114	83332.Rv1745c	6.86	6
8817974	83332.Rv0629c	6.82	23
8820265	83332.Rv2862c	6.81	7
8817419	83332.Rv0090	6.77	10
8818077	83332.Rv0728c	6.74	7
8817363	83332.Rv0037c	6.7	10
8818362	83332.Rv1009	6.7	11
8820042	83332.Rv2643	6.7	11
8819495	83332.Rv2119	6.69	6
8819129	83332.Rv1760	6.64	14
8820747	83332.Rv3327	6.63	17
8820656	83332.Rv3238c	6.62	7
8818158	83332.Rv0806c	6.6	16
8818527	83332.Rv1168c	6.6	5
8818115	83332.Rv0764c	6.59	15
8820619	83332.Rv3204	6.55	4
8818506	83332.Rv1148c	6.54	26
8818710	83332.Rv1349	6.54	12
8818571	83332.Rv1212c	6.53	9
8819967	83332.Rv2570	6.49	4
8820907	83332.Rv3486	6.49	5
8820922	83332.Rv3501c	6.47	6
8817536	83332.Rv0204c	6.47	5
8821259	83332.Rv3831	6.44	3
8817814	83332.Rv0476	6.42	3
8820797	83332.Rv3377c	6.4	16
8819325	83332.Rv1955	6.4	3
8821258	83332.Rv3830c	6.39	7
8817442	83332.Rv0113	6.38	3
8818385	83332.Rv1031	6.37	2
8817823	83332.Rv0485	6.36	12
8819959	83332.Rv2562	6.29	3
8818795	83332.Rv1433	6.28	7
8819768	83332.Rv2379c	6.27	40
8819770	83332.Rv2381c	6.27	17
8818270	83332.Rv0918	6.25	3
8820196	83332.Rv2796c	6.24	9
8821350	83332.Rv3922c	6.24	3
8819817	83332.Rv2425c	6.23	12
8817740	83332.Rv0405	6.18	28
8819558	83332.Rv2180c	6.18	6
8820757	83332.Rv3337	6.16	4
8817464	83332.Rv0135c	6.09	9
8820706	83332.Rv3288c	6.08	2
8818238	83332.Rv0886	6.07	13
8821211	83332.Rv3783	6.05	11
8817965	83332.Rv0620	6.02	9
8819946	83332.Rv2549c	6.01	4
8818228	83332.Rv0876c	6.0	9
8817472	83332.Rv0143c	5.98	12
8818174	83332.Rv0822c	5.97	18
8820670	83332.Rv3252c	5.9	9
8819001	83332.Rv1634	5.87	6
8819446	83332.Rv2071c	5.87	6
8817964	83332.Rv0619	5.79	7
8819087	83332.Rv1718	5.78	11
8819043	83332.Rv1675c	5.75	6
8818917	83332.Rv1550	5.73	17
8818542	83332.Rv1183	5.73	23
8820811	83332.Rv3391	5.71	14
8819712	83332.Rv2324	5.71	4
8820242	83332.Rv2840c	5.7	4
8817659	83332.Rv0325	5.66	2
8820275	83332.Rv2872	5.62	4
8818219	83332.Rv0867c	5.59	3
8820842	83332.Rv3421c	5.58	5
8819357	83332.Rv1985c	5.5	6
8819142	83332.Rv1772	5.46	4
8819771	83332.Rv2382c	5.45	7
8820134	83332.Rv2735c	5.45	9
8818355	83332.Rv1002c	5.44	10
8818039	83332.Rv0691c	5.43	3
8817720	83332.Rv0386	5.38	28
8818636	83332.Rv1277	5.37	10
8820210	83332.Rv2809	5.37	2
8821054	83332.Rv3632	5.34	4
8818482	83332.Rv1125	5.32	8
8821213	83332.Rv3785	5.31	8
8817636	83332.Rv0302	5.3	6
8817558	83332.Rv0226c	5.3	11
8819272	83332.Rv1903	5.29	3
8820058	83332.Rv2659c	5.29	9
8820172	83332.Rv2772c	5.27	5
8820087	83332.Rv2688c	5.23	6
8820963	83332.Rv3542c	5.23	10
8818564	83332.Rv1205	5.22	5
8820053	83332.Rv2654c	5.17	6
8819032	83332.Rv1664	5.17	20
8818705	83332.Rv1344	5.16	4
8819314	83332.Rv1945	5.16	20
8819883	83332.Rv2488c	5.12	22
8820836	83332.Rv3415c	5.11	9
8817876	83332.Rv0534c	5.11	3
8817375	83332.Rv0049	5.1	3
8818686	83332.Rv1325c	5.08	2
8818587	83332.Rv1228	5.07	7
8818435	83332.Rv1081c	5.03	3
8821312	83332.Rv3884c	5.03	10
8820321	83332.Rv2918c	5.01	21
8817917	83332.Rv0575c	4.97	8
8820982	83332.Rv3561	4.93	10
8820873	83332.Rv3452	4.92	5
8818382	83332.Rv1028c	4.9	22
8817680	83332.Rv0346c	4.9	12
8820062	83332.Rv2663	4.87	2
8818865	83332.Rv1500	4.86	8
8818818	83332.Rv1456c	4.86	7
8818545	83332.Rv1186c	4.83	15
8817439	83332.Rv0110	4.78	4
8818637	83332.Rv1278	4.76	21
8818610	83332.Rv1251c	4.76	22
8819713	83332.Rv2325c	4.73	7
8820856	83332.Rv3435c	4.73	6
8821016	83332.Rv3594	4.73	4
8820412	83332.Rv3005c	4.71	4
8818141	83332.Rv0789c	4.7	4
8821220	83332.Rv3792	4.7	14
8820549	83332.Rv3138	4.68	8
8821249	83332.Rv3821	4.67	3
8819759	83332.Rv2370c	4.67	7
8820464	83332.Rv3055	4.62	3
8819901	83332.Rv2506	4.62	5
8818341	83332.Rv0988	4.57	9
8818340	83332.Rv0987	4.54	13
8817930	83332.Rv0588	4.53	6
8820280	83332.Rv2877c	4.5	4
8821122	83332.Rv3698	4.45	8
8818396	83332.Rv1042c	4.37	6
8818507	83332.Rv1149	4.37	6
8820282	83332.Rv2879c	4.37	3
8820302	83332.Rv2899c	4.36	6
8818040	83332.Rv0692	4.33	2
8819844	83332.Rv2450c	4.31	1
8820368	83332.Rv2963	4.3	4
8819410	83332.Rv2036	4.29	3
8821027	83332.Rv3605c	4.29	3
8819654	83332.Rv2272	4.27	3
8818631	83332.Rv1272c	4.27	10
8820396	83332.Rv2990c	4.27	5
8818398	83332.Rv1044	4.25	3
8818505	83332.Rv1147	4.24	5
8817556	83332.Rv0224c	4.24	4
8818763	83332.Rv1401	4.24	3
8820798	83332.Rv3378c	4.23	8
8817711	83332.Rv0377	4.22	8
8820731	83332.Rv3312c	4.21	8
8817721	83332.Rv0387c	4.17	1
8819408	83332.Rv2034	4.15	2
8820203	83332.Rv2802c	4.13	6
8817661	83332.Rv0327c	4.13	5
8818126	83332.Rv0775	4.09	4
8817973	83332.Rv0628c	4.01	9
8817886	83332.Rv0544c	3.96	3
8817710	83332.Rv0376c	3.92	9
8821215	83332.Rv3787c	3.91	7
8818641	83332.Rv1282c	3.91	2
8818887	83332.Rv1520	3.91	7
8818281	83332.Rv0929	3.88	4
8820133	83332.Rv2734	3.88	6
8819094	83332.Rv1725c	3.86	4
8820960	83332.Rv3539	3.85	3
8818301	83332.Rv0950c	3.85	3
8818397	83332.Rv1043c	3.82	5
8817330	83332.Rv0004	3.81	3
8820492	83332.Rv3083	3.77	8
8817931	83332.Rv0589	3.76	21
8820505	83332.Rv3096	3.76	8
8820715	83332.Rv3297	3.75	4
8819172	83332.Rv1804c	3.75	2
8817693	83332.Rv0359	3.73	3
8817997	83332.Rv0650	3.72	7
8819399	83332.Rv2025c	3.69	4
8820625	83332.Rv3209	3.69	3
8817771	83332.Rv0436c	3.65	4
8818221	83332.Rv0869c	3.65	5
8820695	83332.Rv3277	3.64	5
8818018	83332.Rv0671	3.61	6
8819257	83332.Rv1888c	3.61	3
8818952	83332.Rv1585c	3.61	3
8820176	83332.Rv2776c	3.59	6
8818868	83332.Rv1503c	3.57	2
8819078	83332.Rv1709	3.5	4
8817431	83332.Rv0102	3.5	7
8820044	83332.Rv2645	3.47	2
8820386	83332.Rv2980	3.47	4
8819940	83332.Rv2544	3.47	9
8819264	83332.Rv1895	3.46	6
8819910	83332.Rv2515c	3.44	8
8818480	83332.Rv1123c	3.43	6
8820020	83332.Rv2621c	3.39	2
8820446	83332.Rv3037c	3.35	7
8820283	83332.Rv2880c	3.35	5
8819041	83332.Rv1673c	3.34	3
8819773	83332.Rv2384	3.31	7
8820837	83332.Rv3416	3.3	1
8818595	83332.Rv1236	3.26	5
8819583	83332.Rv2205c	3.25	4
8821007	83332.Rv3585	3.24	7
8821051	83332.Rv3629c	3.22	3
8818458	83332.Rv1102c	3.2	1
8819512	83332.Rv2136c	3.17	3
8820234	83332.Rv2832c	3.16	5
8819097	83332.Rv1728c	3.16	3
8821261	83332.Rv3833	3.09	4
8820016	83332.Rv2617c	3.09	2
8818117	83332.Rv0766c	3.08	9
8818733	83332.Rv1371	3.06	5
8819460	83332.Rv2084	3.05	7
8820767	83332.Rv3347c	3.03	2
8817544	83332.Rv0212c	3.02	5
8818328	83332.Rv0976c	2.99	7
8820308	83332.Rv2905	2.98	6
8820323	83332.Rv2920c	2.96	2
8820284	83332.Rv2881c	2.96	4
8820019	83332.Rv2620c	2.95	3
8819238	83332.Rv1870c	2.94	2
8817377	83332.Rv0051	2.93	6
8821087	83332.Rv3665c	2.91	4
8820320	83332.Rv2917	2.87	8
8820403	83332.Rv2997	2.86	6
8818233	83332.Rv0881	2.82	4
8821333	83332.Rv3905c	2.79	1
8820600	83332.Rv3189	2.78	3
8818189	83332.Rv0837c	2.75	5
8820494	83332.Rv3085	2.72	3
8821195	83332.Rv3769	2.72	1
8820289	83332.Rv2886c	2.71	4
8817336	83332.Rv0010c	2.69	3
8821097	83332.Rv3675	2.68	2
8818662	83332.Rv1302	2.67	6
8820010	83332.Rv2612c	2.66	3
8820006	83332.Rv2608	2.65	2
8818929	83332.Rv1562c	2.65	6
8819145	83332.Rv1775	2.62	3
8817824	83332.Rv0486	2.62	5
8818944	83332.Rv1577c	2.59	2
8818242	83332.Rv0890c	2.57	10
8820381	83332.Rv2975c	2.56	1
8819168	83332.Rv1800	2.54	3
8819909	83332.Rv2514c	2.51	2
8819447	83332.Rv2072c	2.51	4
8820753	83332.Rv3333c	2.48	3
8818882	83332.Rv1515c	2.48	4
8821057	83332.Rv3635	2.47	6
8818105	83332.Rv0755A	2.46	1
8817585	83332.Rv0252	2.45	8
8819914	83332.Rv2519	2.45	1
8817945	83332.Rv0602c	2.45	2
8818906	83332.Rv1539	2.44	3
8820037	83332.Rv2638	2.43	2
8817640	83332.Rv0306	2.4	3
8820860	83332.Rv3439c	2.38	2
8818084	83332.Rv0735	2.36	2
8820198	83332.Rv2798c	2.34	1
8817593	83332.Rv0260c	2.34	4
8817591	83332.Rv0258c	2.33	2
8818353	83332.Rv1000c	2.32	3
8818021	83332.Rv0674	2.27	3
8819547	83332.Rv2169c	2.22	1
8817899	83332.Rv0557	2.2	2
8818904	83332.Rv1537	2.2	3
8817921	83332.Rv0579	2.14	2
8817384	83332.Rv0058	2.14	8
8821104	83332.Rv3681c	2.13	1
8818493	83332.Rv1135c	2.12	1
8819741	83332.Rv2352c	2.12	1
8818615	83332.Rv1256c	2.11	3
8818517	83332.Rv1159	2.11	4
8820478	83332.Rv3069	2.11	1
8818127	83332.Rv0776c	2.09	3
8817537	83332.Rv0205	2.07	3
8819135	83332.Rv1765c	2.06	6
8820197	83332.Rv2797c	2.06	3
8819648	83332.Rv2266	2.06	5
8819469	83332.Rv2093c	2.05	3
8817848	83332.Rv0507	2.05	30
8820224	83332.Rv2823c	2.05	8
8820223	83332.Rv2822c	2.03	1
8818439	83332.Rv1085c	2.0	2
8819880	83332.Rv2485c	1.98	3
8819412	83332.Rv2038c	1.97	3
8818243	83332.Rv0891c	1.97	2
8820779	83332.Rv3359	1.95	3
8817920	83332.Rv0578c	1.93	4
8817737	83332.Rv0402c	1.92	15
8817664	83332.Rv0330c	1.9	2
8819385	83332.Rv2011c	1.89	1
8817935	83332.Rv0592	1.88	3
8819290	83332.Rv1921c	1.87	2
8818113	83332.Rv0762c	1.86	2
8820493	83332.Rv3084	1.86	3
8817738	83332.Rv0403c	1.85	1
8820487	83332.Rv3078	1.85	1
8821276	83332.Rv3848	1.81	2
8818819	83332.Rv1457c	1.8	2
8818201	83332.Rv0849	1.79	5
8820029	83332.Rv2630	1.78	2
8820424	83332.Rv3017c	1.78	1
8818892	83332.Rv1525	1.76	2
8820718	83332.Rv3300c	1.75	2
8817858	83332.Rv0517	1.74	3
8819344	83332.Rv1973	1.73	1
8820566	83332.Rv3155	1.71	1
8820585	83332.Rv3174	1.68	2
8818932	83332.Rv1565c	1.68	4
8818756	83332.Rv1394c	1.68	5
8818983	83332.Rv1616	1.66	1
8818585	83332.Rv1226c	1.66	2
8820347	83332.Rv2943	1.65	3
8821240	83332.Rv3812	1.62	1
8817443	83332.Rv0114	1.58	3
8818358	83332.Rv1005c	1.58	3
8818815	83332.Rv1453	1.57	3
8820378	83332.Rv2972c	1.54	2
8817490	83332.Rv0160c	1.52	1
8818869	83332.Rv1504c	1.51	1
8819453	83332.Rv2077c	1.5	2
8817529	83332.Rv0197	1.48	3
8820469	83332.Rv3060c	1.46	5
8819903	83332.Rv2508c	1.44	2
8819616	83332.Rv2236c	1.44	2
8819146	83332.Rv1776c	1.41	1
8819050	83332.Rv1682	1.4	2
8820122	83332.Rv2723	1.38	2
8821163	83332.Rv3737	1.37	2
8819606	83332.Rv2227	1.36	1
8818276	83332.Rv0924c	1.35	2
8818738	83332.Rv1376	1.35	14
8818757	83332.Rv1395	1.35	3
8818429	83332.Rv1075c	1.33	1
8820277	83332.Rv2874	1.33	4
8819084	83332.Rv1715	1.33	1
8820865	83332.Rv3444c	1.31	1
8818908	83332.Rv1541c	1.29	2
8820084	83332.Rv2685	1.28	2
8819974	83332.Rv2577	1.28	2
8821239	83332.Rv3811	1.28	2
8821183	83332.Rv3757c	1.25	1
8820897	83332.Rv3476c	1.25	3
8817461	83332.Rv0132c	1.23	2
8819670	83332.Rv2287	1.21	4
8820521	83332.Rv3111	1.16	1
8819049	83332.Rv1681	1.15	2
8819520	83332.Rv2143	1.15	3
8819030	83332.Rv1662	1.15	10
8818632	83332.Rv1273c	1.14	3
8817948	83332.Rv0605	1.14	1
8818383	83332.Rv1029	1.12	1
8820681	83332.Rv3263	1.11	3
8817550	83332.Rv0218	1.1	13
8820220	83332.Rv2819c	1.07	1
8820267	83332.Rv2864c	1.06	2
8818548	83332.Rv1189	1.05	2
8819658	83332.Rv2275	1.03	1
8819306	83332.Rv1937	1.03	3
8820824	83332.Rv3403c	1.01	3
8820823	83332.Rv3402c	1.0	1
8817601	83332.Rv0268c	0.99	1
8820161	83332.Rv2761c	0.984	2
8817412	83332.Rv0083	0.984	3
8818485	83332.Rv1128c	0.982	2
8819552	83332.Rv2174	0.972	4
8817660	83332.Rv0326	0.965	1
8819554	83332.Rv2176	0.959	2
8820671	83332.Rv3253c	0.953	1
8818230	83332.Rv0878c	0.952	1
8817569	83332.Rv0236c	0.948	3
8820953	83332.Rv3532	0.93	1
8820799	83332.Rv3379c	0.924	4
8817970	83332.Rv0625c	0.902	1
8819040	83332.Rv1672c	0.878	2
8818411	83332.Rv1057	0.875	2
8819499	83332.Rv2123	0.864	1
8820465	83332.Rv3056	0.862	2
8820927	83332.Rv3506	0.833	2
8821071	83332.Rv3649	0.807	3
8820755	83332.Rv3335c	0.801	2
8817656	83332.Rv0322	0.783	2
8821052	83332.Rv3630	0.777	2
8819089	83332.Rv1720c	0.771	1
8817444	83332.Rv0115	0.767	1
8820999	83332.Rv3577	0.767	1
8820576	83332.Rv3165c	0.763	1
8820587	83332.Rv3176c	0.75	1
8818085	83332.Rv0736	0.741	1
8818272	83332.Rv0920c	0.737	2
8820200	83332.Rv2800	0.722	1
8817927	83332.Rv0585c	0.719	2
8817887	83332.Rv0545c	0.709	1
8817883	83332.Rv0541c	0.704	1
8820617	83332.Rv3202c	0.692	2
8820379	83332.Rv2973c	0.689	3
8819827	83332.Rv2434c	0.68	2
8820218	83332.Rv2817c	0.676	2
8817541	83332.Rv0209	0.675	1
8818989	83332.Rv1622c	0.673	1
8820894	83332.Rv3473c	0.632	1
8818074	83332.Rv0725c	0.63	3
8821340	83332.Rv3912	0.615	1
8817433	83332.Rv0104	0.608	2
8821251	83332.Rv3823c	0.59	3
8817526	83332.Rv0194	0.564	4
8817358	83332.Rv0032	0.562	2
8820435	83332.Rv3027c	0.56	1
8820867	83332.Rv3446c	0.543	1
8818613	83332.Rv1254	0.542	1
8818877	83332.Rv1510	0.515	1
8820814	83332.Rv3394c	0.512	2
8817390	83332.Rv0064	0.488	3
8820092	83332.Rv2693c	0.472	1
8820574	83332.Rv3163c	0.448	1
8820791	83332.Rv3371	0.447	1
8820213	83332.Rv2812	0.427	1
8818226	83332.Rv0874c	0.401	2
8820582	83332.Rv3171c	0.392	1
8821062	83332.Rv3640c	0.385	1
8819790	83332.Rv2399c	0.37	2
8820586	83332.Rv3175	0.368	1
8818673	83332.Rv1313c	0.367	4
8821226	83332.Rv3798	0.367	4
8819531	83332.Rv2154c	0.332	1
8817696	83332.Rv0362	0.33	1
8819541	83332.Rv2163c	0.315	1
8820979	83332.Rv3558	0.295	1
8819389	83332.Rv2015c	0.271	2
8817557	83332.Rv0225	0.256	1
8819828	83332.Rv2435c	0.206	1
8819258	83332.Rv1889c	0.176	1
8818719	83332.Rv1358	0.164	1
8820065	83332.Rv2666	0.148	1
8817670	83332.Rv0336	0.14	1
8817856	83332.Rv0515	0.14	1
8819907	83332.Rv2512c	0.093	1
8820525	83332.Rv3115	0.093	1
8818401	83332.Rv1047	0.093	1
8818558	83332.Rv1199c	0.093	1
8820431	83332.Rv3023c	0.093	1
