#id: 2601966634
#name: M.tuberculosis - Whole organism, SC (Peptideatlas,feb,2012)
#score: 13.68
#weight:  80%
#description: abundance based on Spectral counting, Interaction consistency score: 13.68, Coverage: 81
#organ: WHOLE_ORGANISM
#integrated: false
#coverage: 81
#link: http://www.peptideatlas.org/builds/
#publication_year: 2012
#filename: 83332-M.tuberculosis_atlas_build_330.txt
#
#internal_id	string_external_id	abundance	raw_spectral_count
8820839	83332.Rv3418c	45862	18905
8819405	83332.Rv2031c	37225	17335
8817775	83332.Rv0440	25510	44125
8819765	83332.Rv2376c	15997	4275
8819625	83332.Rv2244	8975	5664
8821189	83332.Rv3763	8801	2998
8821070	83332.Rv3648c	8687	1544
8817684	83332.Rv0350	8590	16431
8817999	83332.Rv0652	8060	1996
8821302	83332.Rv3874	6849	3919
8818286	83332.Rv0934	6608	4993
8817454	83332.Rv0125	6564	2194
8818032	83332.Rv0685	6478	11513
8819254	83332.Rv1886c	6298	5239
8818490	83332.Rv1133c	5678	13514
8821232	83332.Rv3804c	5425	4976
8819240	83332.Rv1872c	4813	8814
8819351	83332.Rv1980c	4712	3053
8818533	83332.Rv1174c	4591	486
8820022	83332.Rv2623	4366	3889
8819228	83332.Rv1860	4326	2684
8820436	83332.Rv3028c	4082	4836
8821231	83332.Rv3803c	4066	2760
8820392	83332.Rv2986c	4033	1501
8819599	83332.Rv2220	3999	7408
8817649	83332.Rv0315	3811	2156
8820278	83332.Rv2875	3790	1094
8820774	83332.Rv3354	3602	303
8821274	83332.Rv3846	3574	2533
8821303	83332.Rv3875	3542	1530
8818754	83332.Rv1392	3498	4733
8819536	83332.Rv2159c	3471	4021
8821269	83332.Rv3841	3374	2593
8817713	83332.Rv0379	3345	678
8817619	83332.Rv0285	3324	503
8820666	83332.Rv3248c	2991	5265
8819295	83332.Rv1926c	2986	1694
8820878	83332.Rv3457c	2954	3334
8820879	83332.Rv3458c	2903	1995
8819301	83332.Rv1932	2838	1505
8819107	83332.Rv1738	2714	1029
8818030	83332.Rv0683	2659	1286
8820687	83332.Rv3269	2638	1060
8819855	83332.Rv2461c	2593	1650
8820312	83332.Rv2909c	2543	986
8820838	83332.Rv3417c	2538	6674
8817335	83332.Rv0009	2517	2392
8818798	83332.Rv1436	2504	3163
8820454	83332.Rv3045	2458	2443
8819685	83332.Rv2302	2448	613
8819516	83332.Rv2140c	2438	1536
8818054	83332.Rv0706	2415	624
8818670	83332.Rv1310	2413	5290
8818862	83332.Rv1498A	2396	652
8818668	83332.Rv1308	2358	4450
8821141	83332.Rv3716c	2340	1004
8820437	83332.Rv3029c	2326	1709
8821277	83332.Rv3849	2299	1260
8821050	83332.Rv3628	2271	817
8817621	83332.Rv0287	2256	463
8818248	83332.Rv0896	2222	3556
8817697	83332.Rv0363c	2222	3062
8817584	83332.Rv0251c	2215	985
8817911	83332.Rv0569	2211	659
8819277	83332.Rv1908c	2195	6685
8820863	83332.Rv3442c	2175	681
8820640	83332.Rv3224	2171	2138
8819195	83332.Rv1827	2161	1471
8818066	83332.Rv0718	2148	987
8819522	83332.Rv2145c	2145	2388
8817458	83332.Rv0129c	2143	1786
8817685	83332.Rv0351	2141	1349
8818069	83332.Rv0721	2082	1417
8817813	83332.Rv0475	2078	1251
8819003	83332.Rv1636	2069	1633
8817767	83332.Rv0432	2003	1017
8818773	83332.Rv1411c	1986	878
8820624	83332.Rv3208A	1981	922
8818183	83332.Rv0831c	1939	2356
8817494	83332.Rv0164	1938	764
8820144	83332.Rv2744c	1938	2398
8820882	83332.Rv3461c	1936	64
8819684	83332.Rv2301	1931	374
8820292	83332.Rv2889c	1918	2098
8818112	83332.Rv0761c	1905	2052
8817380	83332.Rv0054	1876	1031
8821229	83332.Rv3801c	1871	4586
8819593	83332.Rv2215	1866	3656
8818176	83332.Rv0824c	1859	2699
8818428	83332.Rv1074c	1856	2758
8818376	83332.Rv1023	1854	2161
8818454	83332.Rv1098c	1829	2054
8818303	83332.Rv0952	1829	2107
8819626	83332.Rv2245	1817	2500
8818570	83332.Rv1211	1816	411
8818055	83332.Rv0707	1814	1397
8818052	83332.Rv0704	1803	1351
8817477	83332.Rv0148	1766	2287
8818067	83332.Rv0719	1766	925
8819205	83332.Rv1837c	1765	3923
8818629	83332.Rv1270c	1764	1604
8820445	83332.Rv3036c	1761	778
8818212	83332.Rv0860	1751	3983
8818842	83332.Rv1479	1749	2247
8818053	83332.Rv0705	1742	570
8818434	83332.Rv1080c	1730	1022
8818050	83332.Rv0702	1725	1065
8819854	83332.Rv2460c	1725	1095
8820408	83332.Rv3001c	1701	2645
8818062	83332.Rv0714	1655	377
8818750	83332.Rv1388	1646	1290
8818331	83332.Rv0979A	1634	250
8817977	83332.Rv0632c	1633	1447
8820528	83332.Rv3118	1624	1272
8818166	83332.Rv0814c	1624	1272
8819627	83332.Rv2246	1602	2793
8821308	83332.Rv3880c	1599	593
8818536	83332.Rv1177	1585	499
8820293	83332.Rv2890c	1583	1460
8818599	83332.Rv1240	1577	1936
8817983	83332.Rv0636	1566	609
8818051	83332.Rv0703	1558	398
8819580	83332.Rv2202c	1554	2065
8820809	83332.Rv3389c	1547	1671
8817381	83332.Rv0055	1540	214
8818838	83332.Rv1475c	1530	4639
8818056	83332.Rv0708	1510	457
8818302	83332.Rv0951	1506	2048
8821019	83332.Rv3597c	1502	434
8821342	83332.Rv3914	1500	867
8819487	83332.Rv2111c	1493	307
8818320	83332.Rv0968	1487	682
8817799	83332.Rv0462	1483	2446
8820877	83332.Rv3456c	1483	834
8817922	83332.Rv0580c	1473	1157
8818450	83332.Rv1094	1468	2050
8820185	83332.Rv2785c	1464	301
8820031	83332.Rv2632c	1454	431
8820703	83332.Rv3285	1430	3166
8817675	83332.Rv0341	1414	231
8821202	83332.Rv3774	1396	1374
8819836	83332.Rv2442c	1393	362
8818063	83332.Rv0715	1388	270
8821101	83332.Rv3678c	1371	684
8817919	83332.Rv0577	1363	1149
8818064	83332.Rv0716	1363	851
8820881	83332.Rv3460c	1355	484
8821143	83332.Rv3718c	1345	665
8818643	83332.Rv1284	1344	804
8817379	83332.Rv0053	1337	591
8819563	83332.Rv2185c	1332	1056
8821038	83332.Rv3616c	1320	912
8821228	83332.Rv3800c	1312	7394
8821006	83332.Rv3584	1310	873
8818811	83332.Rv1449c	1310	3145
8817988	83332.Rv0641	1297	995
8820281	83332.Rv2878c	1294	969
8820543	83332.Rv3133c	1287	875
8818015	83332.Rv0668	1287	5953
8820025	83332.Rv2626c	1285	912
8820910	83332.Rv3489	1279	346
8818070	83332.Rv0722	1272	137
8820307	83332.Rv2904c	1247	417
8820276	83332.Rv2873	1242	586
8819101	83332.Rv1732c	1242	477
8820285	83332.Rv2882c	1238	714
8818049	83332.Rv0701	1235	847
8818211	83332.Rv0859	1227	1726
8818713	83332.Rv1352	1215	268
8817987	83332.Rv0640	1215	299
8818082	83332.Rv0733	1210	985
8818284	83332.Rv0932c	1209	1097
8817575	83332.Rv0242c	1206	2329
8821014	83332.Rv3592	1206	508
8820402	83332.Rv2996c	1198	2632
8820994	83332.Rv3572	1192	404
8818236	83332.Rv0884c	1192	1250
8818058	83332.Rv0710	1187	368
8818997	83332.Rv1630	1170	2093
8819178	83332.Rv1810	1169	576
8819486	83332.Rv2110c	1164	1044
8817576	83332.Rv0243	1163	1560
8820692	83332.Rv3274c	1158	1688
8818432	83332.Rv1078	1155	543
8821309	83332.Rv3881c	1145	1551
8819859	83332.Rv2465c	1140	817
8818368	83332.Rv1015c	1136	438
8817346	83332.Rv0020c	1122	2012
8820864	83332.Rv3443c	1100	590
8818283	83332.Rv0931c	1095	2083
8819679	83332.Rv2296	1088	1375
8820350	83332.Rv2945c	1088	1005
8819467	83332.Rv2091c	1081	471
8820180	83332.Rv2780	1078	1836
8820183	83332.Rv2783c	1076	2869
8820098	83332.Rv2699c	1062	371
8819589	83332.Rv2211c	1057	713
8821098	83332.Rv3676	1056	948
8820537	83332.Rv3127	1052	1386
8821009	83332.Rv3587c	1045	932
8818963	83332.Rv1596	1038	845
8819930	83332.Rv2534c	1028	259
8820880	83332.Rv3459c	1025	340
8821123	83332.Rv3699	1025	712
8818628	83332.Rv1269c	1024	403
8817761	83332.Rv0426c	1022	182
8818810	83332.Rv1448c	1022	1231
8818684	83332.Rv1323	1020	1312
8818048	83332.Rv0700	1010	398
8820527	83332.Rv3117	993	2111
8818167	83332.Rv0815c	993	2111
8818669	83332.Rv1309	993	1187
8820377	83332.Rv2971	988	1086
8817998	83332.Rv0651	976	643
8819973	83332.Rv2576c	968	422
8819011	83332.Rv1643	967	341
8818057	83332.Rv0709	965	267
8818014	83332.Rv0667	962	4246
8818031	83332.Rv0684	960	2624
8820120	83332.Rv2721c	959	1774
8818560	83332.Rv1201c	959	844
8819211	83332.Rv1843c	954	1777
8818449	83332.Rv1093	947	1418
8819294	83332.Rv1925	942	2309
8818925	83332.Rv1558	936	652
8820664	83332.Rv3246c	932	971
8819582	83332.Rv2204c	930	636
8819262	83332.Rv1893	918	258
8820636	83332.Rv3221A	913	74
8819470	83332.Rv2094c	908	323
8819839	83332.Rv2445c	901	695
8818071	83332.Rv0723	897	365
8821216	83332.Rv3788	890	339
8817382	83332.Rv0056	887	486
8818029	83332.Rv0682	887	174
8820930	83332.Rv3509c	886	1438
8819379	83332.Rv2005c	886	800
8819856	83332.Rv2462c	886	1419
8819861	83332.Rv2467	883	2322
8817393	83332.Rv0066c	883	2296
8819239	83332.Rv1871c	878	393
8817980	83332.Rv0634B	876	58
8821100	83332.Rv3678A	870	158
8817804	83332.Rv0467	870	948
8817625	83332.Rv0291	870	710
8819406	83332.Rv2032	860	1170
8819356	83332.Rv1984c	860	462
8817901	83332.Rv0559c	860	253
8819622	83332.Rv2241	857	2264
8820344	83332.Rv2940c	854	6376
8821091	83332.Rv3669	852	334
8817718	83332.Rv0384c	842	2528
8817543	83332.Rv0211	841	2082
8821293	83332.Rv3865	841	453
8818851	83332.Rv1488	827	1214
8821018	83332.Rv3596c	827	2610
8819009	83332.Rv1641	817	389
8818666	83332.Rv1306	816	365
8818002	83332.Rv0655	816	1076
8818370	83332.Rv1017c	813	1229
8817603	83332.Rv0270	810	1848
8819370	83332.Rv1996	809	1129
8818068	83332.Rv0720	806	253
8820883	83332.Rv3462c	806	177
8818139	83332.Rv0787A	805	289
8820149	83332.Rv2749	805	279
8818079	83332.Rv0730	804	899
8821280	83332.Rv3852	796	337
8818655	83332.Rv1295	796	1208
8819804	83332.Rv2412	789	84
8817844	83332.Rv0503c	781	1067
8817805	83332.Rv0468	779	1001
8818337	83332.Rv0984	773	540
8818280	83332.Rv0928	772	646
8821173	83332.Rv3747	766	420
8818800	83332.Rv1438	763	791
8819424	83332.Rv2050	751	292
8819681	83332.Rv2298	748	794
8818993	83332.Rv1626	746	746
8820233	83332.Rv2831	745	763
8820484	83332.Rv3075c	743	986
8818241	83332.Rv0889c	739	768
8818150	83332.Rv0798c	739	835
8819682	83332.Rv2299c	735	2058
8817989	83332.Rv0642c	734	1252
8817581	83332.Rv0248c	728	1729
8820311	83332.Rv2908c	727	222
8817622	83332.Rv0288	725	96
8820698	83332.Rv3280	724	1516
8817513	83332.Rv0183	724	989
8819275	83332.Rv1906c	723	200
8817616	83332.Rv0282	721	1626
8819735	83332.Rv2346c	720	978
8818557	83332.Rv1198	718	972
8818797	83332.Rv1435c	714	49
8818685	83332.Rv1324	712	855
8817982	83332.Rv0635	711	565
8817328	83332.Rv0002	708	887
8820580	83332.Rv3169	702	932
8819663	83332.Rv2280	702	956
8818671	83332.Rv1311	699	307
8817476	83332.Rv0147	693	1149
8818424	83332.Rv1070c	691	574
8818225	83332.Rv0873	688	1922
8818257	83332.Rv0905	687	838
8821133	83332.Rv3708c	686	798
8818799	83332.Rv1437	686	1047
8817985	83332.Rv0638	685	208
8818308	83332.Rv0957	683	724
8818689	83332.Rv1328	678	1802
8820401	83332.Rv2995c	677	676
8819485	83332.Rv2109c	676	542
8818620	83332.Rv1261c	675	328
8820453	83332.Rv3044	675	729
8819932	83332.Rv2536	673	334
8820110	83332.Rv2711	672	614
8819798	83332.Rv2406c	672	270
8820509	83332.Rv3099c	670	539
8821090	83332.Rv3668c	669	234
8818657	83332.Rv1297	669	1462
8820701	83332.Rv3283	662	951
8820729	83332.Rv3311	660	838
8820728	83332.Rv3310	658	367
8818455	83332.Rv1099c	656	843
8817417	83332.Rv0088	652	530
8821147	83332.Rv3722c	650	991
8817991	83332.Rv0644c	646	1093
8820417	83332.Rv3010c	639	551
8819141	83332.Rv1771	636	1083
8818978	83332.Rv1611	636	894
8818087	83332.Rv0738	634	399
8818277	83332.Rv0925c	634	557
8819244	83332.Rv1876	631	483
8817517	83332.Rv0186A	623	193
8817984	83332.Rv0637	620	454
8821037	83332.Rv3615c	620	87
8820968	83332.Rv3547	614	389
8818658	83332.Rv1298	612	138
8819640	83332.Rv2258c	610	612
8818604	83332.Rv1245c	604	509
8817986	83332.Rv0639	600	553
8820314	83332.Rv2911	598	236
8820609	83332.Rv3196A	597	229
8818215	83332.Rv0863	597	163
8819835	83332.Rv2441c	595	136
8819404	83332.Rv2030c	595	1818
8821045	83332.Rv3623	594	491
8819919	83332.Rv2524c	590	6365
8819820	83332.Rv2427c	588	835
8820357	83332.Rv2952	586	662
8820304	83332.Rv2901c	583	215
8821005	83332.Rv3583c	580	331
8820115	83332.Rv2716	580	392
8818778	83332.Rv1416	579	439
8820374	83332.Rv2969c	579	638
8821160	83332.Rv3734c	578	940
8818479	83332.Rv1122	574	721
8820004	83332.Rv2606c	574	730
8820028	83332.Rv2629	571	974
8817667	83332.Rv0333	571	258
8817806	83332.Rv0469	570	820
8818667	83332.Rv1307	568	1035
8821130	83332.Rv3705c	566	205
8817908	83332.Rv0566c	564	298
8818607	83332.Rv1248c	557	2352
8818321	83332.Rv0969	555	998
8817617	83332.Rv0283	553	1008
8818910	83332.Rv1543	553	786
8819288	83332.Rv1919c	551	334
8817746	83332.Rv0411c	550	422
8817484	83332.Rv0155	549	926
8820345	83332.Rv2941	548	1187
8817580	83332.Rv0247c	546	615
8819428	83332.Rv2054	546	542
8819916	83332.Rv2521	546	266
8818847	83332.Rv1484	541	559
8818540	83332.Rv1181	541	3163
8819573	83332.Rv2195	541	974
8817570	83332.Rv0237	539	430
8820298	83332.Rv2895c	537	367
8817871	83332.Rv0530	537	667
8818017	83332.Rv0670	532	362
8821278	83332.Rv3850	531	272
8820271	83332.Rv2868c	531	1040
8819578	83332.Rv2200c	530	639
8819601	83332.Rv2222c	530	753
8817840	83332.Rv0500A	529	210
8818425	83332.Rv1071c	528	574
8818518	83332.Rv1159A	526	192
8820322	83332.Rv2919c	526	183
8819010	83332.Rv1642	525	32
8818911	83332.Rv1544	523	462
8819979	83332.Rv2582	521	493
8820789	83332.Rv3369	521	273
8817686	83332.Rv0352	519	805
8819904	83332.Rv2509	514	583
8818431	83332.Rv1077	514	1036
8819204	83332.Rv1836c	513	983
8819863	83332.Rv2468c	511	228
8820821	83332.Rv3400	511	447
8820173	83332.Rv2773c	505	457
8817839	83332.Rv0500	504	387
8818979	83332.Rv1612	504	600
8819161	83332.Rv1793	503	836
8819822	83332.Rv2429	502	290
8820102	83332.Rv2703	502	629
8818984	83332.Rv1617	501	1032
8817618	83332.Rv0284	497	2689
8817925	83332.Rv0583c	496	220
8819628	83332.Rv2247	491	995
8820541	83332.Rv3131	489	602
8817724	83332.Rv0390	489	224
8819197	83332.Rv1829	488	309
8817563	83332.Rv0231	488	1206
8820730	83332.Rv3312A	487	41
8817408	83332.Rv0079	486	397
8820166	83332.Rv2766c	485	336
8817370	83332.Rv0044c	484	299
8820544	83332.Rv3134c	483	345
8818816	83332.Rv1454c	482	710
8817774	83332.Rv0439c	482	624
8819162	83332.Rv1794	480	597
8817733	83332.Rv0398c	479	279
8820001	83332.Rv2603c	479	296
8817566	83332.Rv0234c	478	1027
8821036	83332.Rv3614c	477	273
8820418	83332.Rv3011c	477	639
8818701	83332.Rv1340	477	487
8819544	83332.Rv2166c	470	158
8819381	83332.Rv2007c	467	206
8819565	83332.Rv2187	466	1356
8819953	83332.Rv2556c	466	19
8819871	83332.Rv2476c	465	2946
8819443	83332.Rv2068c	465	516
8820199	83332.Rv2799	465	377
8817643	83332.Rv0309	464	181
8817333	83332.Rv0007	464	279
8817362	83332.Rv0036c	464	601
8818980	83332.Rv1613	463	478
8820540	83332.Rv3130c	461	708
8820356	83332.Rv2951c	460	776
8817508	83332.Rv0178	458	466
8819954	83332.Rv2557	457	450
8819280	83332.Rv1911c	457	139
8820885	83332.Rv3464	457	549
8818336	83332.Rv0983	456	731
8817500	83332.Rv0170	454	678
8819243	83332.Rv1875	454	216
8820713	83332.Rv3295	453	438
8820119	83332.Rv2720	452	362
8819556	83332.Rv2178c	452	880
8820912	83332.Rv3491	452	136
8820416	83332.Rv3009c	452	762
8819872	83332.Rv2477c	452	1002
8818433	83332.Rv1079	450	580
8819183	83332.Rv1815	449	171
8818206	83332.Rv0854	448	191
8819821	83332.Rv2428	447	510
8820178	83332.Rv2778c	445	154
8820810	83332.Rv3390	443	385
8818502	83332.Rv1144	442	465
8820832	83332.Rv3411c	441	959
8817583	83332.Rv0250c	438	198
8817504	83332.Rv0174	437	655
8820399	83332.Rv2993c	434	267
8818825	83332.Rv1463	433	636
8820096	83332.Rv2697c	433	351
8817827	83332.Rv0489	432	494
8817331	83332.Rv0005	430	978
8818674	83332.Rv1314c	430	281
8817990	83332.Rv0643c	429	699
8819838	83332.Rv2444c	428	1185
8820073	83332.Rv2674	427	185
8820090	83332.Rv2691	425	345
8819847	83332.Rv2453c	425	392
8818961	83332.Rv1594	425	566
8820512	83332.Rv3102c	423	382
8819550	83332.Rv2172c	422	427
8817366	83332.Rv0040c	422	360
8818774	83332.Rv1412	421	239
8820673	83332.Rv3255c	421	415
8819527	83332.Rv2150c	420	564
8819960	83332.Rv2563	420	470
8820026	83332.Rv2627c	418	660
8820605	83332.Rv3193c	415	1451
8818108	83332.Rv0757	414	542
8818035	83332.Rv0688	414	566
8821348	83332.Rv3920c	413	307
8819237	83332.Rv1869c	411	727
8818250	83332.Rv0898c	410	128
8820398	83332.Rv2992c	409	809
8821208	83332.Rv3780	407	275
8817559	83332.Rv0227c	406	589
8820291	83332.Rv2888c	405	537
8817372	83332.Rv0046c	403	650
8817624	83332.Rv0290	402	572
8819004	83332.Rv1637c	398	262
8820831	83332.Rv3410c	397	501
8817502	83332.Rv0172	397	677
8821135	83332.Rv3710	395	1153
8818298	83332.Rv0946c	395	803
8818752	83332.Rv1390	394	129
8820756	83332.Rv3336c	394	354
8819848	83332.Rv2454c	393	729
8819507	83332.Rv2131c	393	469
8817470	83332.Rv0141c	392	141
8819642	83332.Rv2260	392	70
8821206	83332.Rv3778c	391	632
8820339	83332.Rv2935	391	2136
8818065	83332.Rv0717	390	36
8819849	83332.Rv2455c	389	915
8817979	83332.Rv0634A	388	132
8820699	83332.Rv3281	388	247
8817852	83332.Rv0511	387	608
8821056	83332.Rv3634c	387	447
8820413	83332.Rv3006	387	513
8818469	83332.Rv1113	386	87
8818807	83332.Rv1445c	385	298
8817778	83332.Rv0443	385	426
8817795	83332.Rv0458	385	775
8818539	83332.Rv1180	384	512
8821253	83332.Rv3825c	383	2622
8819498	83332.Rv2122c	382	105
8820067	83332.Rv2668	382	218
8817780	83332.Rv0445c	381	263
8821292	83332.Rv3864	381	250
8820286	83332.Rv2883c	380	427
8817486	83332.Rv0157	377	376
8817790	83332.Rv0455c	376	275
8817904	83332.Rv0562	376	512
8817483	83332.Rv0154c	376	443
8819915	83332.Rv2520c	376	95
8817766	83332.Rv0431	376	168
8820550	83332.Rv3139	375	596
8820075	83332.Rv2676c	375	413
8821296	83332.Rv3868	374	798
8818131	83332.Rv0780	374	568
8819736	83332.Rv2347c	374	647
8818556	83332.Rv1197	374	647
8819620	83332.Rv2239c	373	102
8821281	83332.Rv3853	372	229
8820554	83332.Rv3143	372	240
8820924	83332.Rv3503c	372	77
8819189	83332.Rv1821	371	1055
8818582	83332.Rv1223	370	742
8819223	83332.Rv1855c	370	501
8819505	83332.Rv2129c	370	543
8818305	83332.Rv0954	369	110
8817332	83332.Rv0006	369	1265
8819539	83332.Rv2161c	368	527
8817694	83332.Rv0360c	368	114
8817337	83332.Rv0011c	367	18
8817538	83332.Rv0206c	366	1228
8818781	83332.Rv1419	366	206
8817334	83332.Rv0008c	366	144
8820452	83332.Rv3043c	366	446
8821134	83332.Rv3709c	364	646
8821145	83332.Rv3720	364	632
8821115	83332.Rv3692	363	555
8818103	83332.Rv0753c	363	705
8817604	83332.Rv0271c	363	893
8819780	83332.Rv2391	361	759
8820331	83332.Rv2927c	360	332
8820817	83332.Rv3396c	360	593
8820899	83332.Rv3478	357	193
8820760	83332.Rv3340	355	581
8817803	83332.Rv0466	355	404
8817801	83332.Rv0464c	354	322
8818153	83332.Rv0801	354	243
8821307	83332.Rv3879c	352	712
8820630	83332.Rv3214	351	326
8817503	83332.Rv0173	351	569
8819561	83332.Rv2183c	351	107
8818760	83332.Rv1398c	351	85
8820551	83332.Rv3140	351	439
8818392	83332.Rv1038c	351	635
8821042	83332.Rv3620c	351	635
8817548	83332.Rv0216	351	269
8818080	83332.Rv0731c	350	478
8819591	83332.Rv2213	349	829
8818828	83332.Rv1466	349	115
8818354	83332.Rv1001	348	654
8819762	83332.Rv2373c	348	427
8817890	83332.Rv0548c	347	427
8820023	83332.Rv2624c	347	450
8820393	83332.Rv2987c	346	426
8818391	83332.Rv1037c	346	631
8821041	83332.Rv3619c	346	631
8820457	83332.Rv3048c	345	345
8817717	83332.Rv0383c	345	376
8819260	83332.Rv1891	345	126
8819022	83332.Rv1654	343	357
8818654	83332.Rv1294	343	465
8820153	83332.Rv2753c	343	319
8820259	83332.Rv2857c	342	180
8819808	83332.Rv2416c	342	544
8820776	83332.Rv3356c	341	343
8819976	83332.Rv2579	341	439
8819572	83332.Rv2194	340	184
8818878	83332.Rv1511	339	546
8820564	83332.Rv3153	338	262
8820165	83332.Rv2765	338	351
8817505	83332.Rv0175	338	241
8820460	83332.Rv3051c	338	943
8817865	83332.Rv0524	338	521
8819006	83332.Rv1638A	332	149
8820261	83332.Rv2859c	332	155
8818453	83332.Rv1097c	332	157
8819597	83332.Rv2219	332	187
8818555	83332.Rv1196	332	382
8817520	83332.Rv0189c	331	583
8818730	83332.Rv1368	329	319
8817389	83332.Rv0063	329	326
8820629	83332.Rv3213c	329	317
8819020	83332.Rv1652	328	329
8819100	83332.Rv1731	328	623
8819673	83332.Rv2290	328	121
8820419	83332.Rv3012c	327	81
8819605	83332.Rv2226	326	586
8820562	83332.Rv3151	326	1042
8818846	83332.Rv1483	326	293
8819969	83332.Rv2572c	326	561
8817815	83332.Rv0477	325	144
8819631	83332.Rv2250A	324	76
8818359	83332.Rv1006	324	685
8820620	83332.Rv3205c	324	363
8821111	83332.Rv3688c	324	155
8817817	83332.Rv0479c	322	431
8820558	83332.Rv3147	321	364
8819045	83332.Rv1677	321	84
8817655	83332.Rv0321	319	116
8820442	83332.Rv3033	319	178
8817615	83332.Rv0281	319	508
8817501	83332.Rv0171	319	437
8820612	83332.Rv3198A	318	151
8819574	83332.Rv2196	318	627
8820737	83332.Rv3318	318	559
8818465	83332.Rv1109c	317	268
8818462	83332.Rv1106c	317	326
8819624	83332.Rv2243	314	249
8819576	83332.Rv2198c	314	293
8820658	83332.Rv3240c	314	1109
8819071	83332.Rv1703c	314	325
8818162	83332.Rv0810c	314	83
8820018	83332.Rv2619c	314	143
8820691	83332.Rv3273	313	625
8820024	83332.Rv2625c	311	296
8819158	83332.Rv1789	310	116
8820560	83332.Rv3149	310	219
8819641	83332.Rv2259	309	372
8817535	83332.Rv0203	309	110
8820992	83332.Rv3570c	308	417
8821319	83332.Rv3891c	308	85
8821295	83332.Rv3867	307	157
8819026	83332.Rv1658	307	553
8819024	83332.Rv1656	306	231
8820559	83332.Rv3148	305	550
8818966	83332.Rv1599	304	224
8817981	83332.Rv0634c	303	236
8818223	83332.Rv0871	303	182
8821010	83332.Rv3588c	303	180
8819899	83332.Rv2504c	302	198
8819432	83332.Rv2058c	302	66
8819888	83332.Rv2493	300	101
8820884	83332.Rv3463	300	288
8820243	83332.Rv2841c	300	365
8819224	83332.Rv1856c	299	369
8818634	83332.Rv1275	299	225
8818852	83332.Rv1489	296	139
8817449	83332.Rv0120c	295	833
8820358	83332.Rv2953	295	611
8820788	83332.Rv3368c	295	300
8821244	83332.Rv3816c	294	254
8817888	83332.Rv0546c	294	136
8817672	83332.Rv0338c	294	965
8819672	83332.Rv2289	293	249
8819677	83332.Rv2294	292	500
8819823	83332.Rv2430c	291	159
8817808	83332.Rv0470c	291	493
8820240	83332.Rv2838c	290	218
8821093	83332.Rv3671c	290	316
8818968	83332.Rv1601	290	112
8819535	83332.Rv2158c	289	634
8821219	83332.Rv3791	289	288
8817665	83332.Rv0331	289	360
8817845	83332.Rv0504c	289	200
8819553	83332.Rv2175c	289	177
8818138	83332.Rv0787	289	284
8818033	83332.Rv0686	288	269
8817574	83332.Rv0241c	286	240
8817779	83332.Rv0444c	286	287
8820941	83332.Rv3520c	284	425
8818565	83332.Rv1206	284	719
8817735	83332.Rv0400c	283	519
8817918	83332.Rv0576	283	423
8818771	83332.Rv1409	282	432
8818279	83332.Rv0927c	282	226
8821068	83332.Rv3646c	282	1019
8821227	83332.Rv3799c	282	682
8818743	83332.Rv1381	279	340
8818661	83332.Rv1301	279	189
8818976	83332.Rv1609	279	491
8819051	83332.Rv1683	279	1058
8820376	83332.Rv2970c	277	360
8820319	83332.Rv2916c	277	505
8820332	83332.Rv2928	276	387
8820694	83332.Rv3276c	276	381
8821341	83332.Rv3913	275	412
8820977	83332.Rv3556c	275	383
8817485	83332.Rv0156	274	32
8818826	83332.Rv1464	273	457
8818042	83332.Rv0694	272	266
8820812	83332.Rv3392c	272	703
8817469	83332.Rv0140	271	66
8817764	83332.Rv0429c	270	133
8820822	83332.Rv3401	270	816
8818965	83332.Rv1598c	270	164
8818170	83332.Rv0818	268	264
8817742	83332.Rv0407	267	400
8818513	83332.Rv1155	266	119
8819893	83332.Rv2498c	266	269
8819961	83332.Rv2564	266	374
8819200	83332.Rv1832	266	781
8818696	83332.Rv1335	264	116
8820688	83332.Rv3270	261	572
8820626	83332.Rv3210c	261	252
8818019	83332.Rv0672	261	553
8818981	83332.Rv1614	260	399
8819435	83332.Rv2061c	260	97
8818024	83332.Rv0677c	260	187
8818833	83332.Rv1471	259	114
8817630	83332.Rv0296c	259	451
8819972	83332.Rv2575	259	269
8818700	83332.Rv1339	258	273
8820621	83332.Rv3206c	258	436
8821148	83332.Rv3723	258	162
8818663	83332.Rv1303	254	101
8817836	83332.Rv0497	254	229
8820005	83332.Rv2607	251	264
8819952	83332.Rv2555c	250	879
8820710	83332.Rv3292	248	348
8820082	83332.Rv2683	248	186
8818083	83332.Rv0734	247	257
8818360	83332.Rv1007c	247	551
8820682	83332.Rv3264c	246	366
8821200	83332.Rv3772	244	292
8819152	83332.Rv1782	244	340
8820263	83332.Rv2861c	244	177
8820548	83332.Rv3137	243	180
8817510	83332.Rv0180c	243	228
8818463	83332.Rv1107c	243	94
8818785	83332.Rv1423	243	268
8820639	83332.Rv3223c	243	207
8817452	83332.Rv0123	242	103
8818551	83332.Rv1192	242	283
8820093	83332.Rv2694c	242	121
8819497	83332.Rv2121c	242	293
8820719	83332.Rv3301c	242	247
8817368	83332.Rv0042c	242	180
8819923	83332.Rv2528c	241	318
8820247	83332.Rv2845c	241	614
8820241	83332.Rv2839c	240	755
8819931	83332.Rv2535c	240	341
8817499	83332.Rv0169	240	353
8820409	83332.Rv3002c	239	174
8819292	83332.Rv1923	238	331
8819153	83332.Rv1783	238	1207
8818255	83332.Rv0903c	238	261
8820572	83332.Rv3161c	238	476
8819860	83332.Rv2466c	237	207
8818161	83332.Rv0809	237	345
8819150	83332.Rv1780	237	173
8818695	83332.Rv1334	237	134
8821181	83332.Rv3755c	236	115
8818635	83332.Rv1276c	236	154
8820906	83332.Rv3485c	235	295
8820655	83332.Rv3237c	234	146
8819270	83332.Rv1901	234	320
8817829	83332.Rv0491	233	216
8819376	83332.Rv2002	232	130
8819592	83332.Rv2214c	232	365
8819633	83332.Rv2251	232	369
8818652	83332.Rv1292	232	538
8820099	83332.Rv2700	232	148
8820561	83332.Rv3150	232	364
8818229	83332.Rv0877	231	135
8818155	83332.Rv0803	231	658
8820117	83332.Rv2718c	231	109
8817388	83332.Rv0062	231	300
8818970	83332.Rv1603	231	333
8817367	83332.Rv0041	231	834
8820529	83332.Rv3119	231	178
8817340	83332.Rv0014c	230	557
8820078	83332.Rv2679	230	246
8820394	83332.Rv2988c	229	346
8818529	83332.Rv1170	229	249
8819517	83332.Rv2141c	229	435
8820825	83332.Rv3404c	229	245
8818205	83332.Rv0853c	229	452
8817521	83332.Rv0190	228	117
8821345	83332.Rv3917c	227	357
8818550	83332.Rv1191	227	337
8820627	83332.Rv3211	227	329
8820260	83332.Rv2858c	227	304
8820857	83332.Rv3436c	226	649
8818025	83332.Rv0678	226	141
8819473	83332.Rv2097c	226	475
8821286	83332.Rv3858c	226	461
8818001	83332.Rv0654	226	393
8820327	83332.Rv2923c	225	151
8818561	83332.Rv1202	225	283
8817554	83332.Rv0222	224	213
8818072	83332.Rv0724	223	526
8819588	83332.Rv2210c	223	445
8818196	83332.Rv0844c	223	182
8819367	83332.Rv1993c	221	90
8819349	83332.Rv1978	221	222
8818173	83332.Rv0821c	221	250
8818552	83332.Rv1193	220	336
8819018	83332.Rv1650	220	667
8819608	83332.Rv2229c	220	227
8821318	83332.Rv3890c	219	55
8820354	83332.Rv2949c	219	204
8821022	83332.Rv3600c	219	201
8817725	83332.Rv0391	219	375
8819674	83332.Rv2291	218	131
8818110	83332.Rv0759c	217	108
8819746	83332.Rv2357c	217	517
8819603	83332.Rv2224c	217	338
8820615	83332.Rv3200c	215	352
8819702	83332.Rv2314c	215	357
8820013	83332.Rv2614c	214	503
8819188	83332.Rv1820	214	388
8817518	83332.Rv0187	213	180
8817455	83332.Rv0126	212	453
8820940	83332.Rv3519	211	253
8819594	83332.Rv2216	210	195
8819332	83332.Rv1962A	210	37
8819409	83332.Rv2035	210	136
8819703	83332.Rv2315c	210	461
8818766	83332.Rv1404	210	159
8819061	83332.Rv1693	209	46
8818903	83332.Rv1536	208	702
8817374	83332.Rv0048c	208	192
8818888	83332.Rv1521	208	588
8820410	83332.Rv3003c	207	492
8821349	83332.Rv3921c	207	193
8818426	83332.Rv1072	207	79
8817482	83332.Rv0153c	206	183
8820091	83332.Rv2692	206	213
8817942	83332.Rv0599c	205	78
8818960	83332.Rv1593c	204	198
8819403	83332.Rv2029c	204	202
8820130	83332.Rv2731	204	275
8819921	83332.Rv2526	203	72
8818022	83332.Rv0675	203	253
8820623	83332.Rv3208	203	219
8820003	83332.Rv2605c	203	215
8820455	83332.Rv3046c	203	153
8819981	83332.Rv2584c	203	237
8818687	83332.Rv1326c	203	605
8819851	83332.Rv2457c	203	342
8818579	83332.Rv1220c	203	171
8818843	83332.Rv1480	202	263
8821004	83332.Rv3582c	202	216
8818537	83332.Rv1178	202	165
8819842	83332.Rv2448c	201	716
8817957	83332.Rv0613c	201	598
8819870	83332.Rv2475c	201	111
8818770	83332.Rv1408	201	65
8817992	83332.Rv0645c	201	278
8819402	83332.Rv2028c	200	185
8821106	83332.Rv3683	200	284
8819585	83332.Rv2207	199	237
8821020	83332.Rv3598c	199	322
8817568	83332.Rv0236A	198	42
8820645	83332.Rv3227	198	337
8821254	83332.Rv3826	198	467
8818120	83332.Rv0769	198	182
8818625	83332.Rv1266c	198	365
8818994	83332.Rv1627c	196	330
8819723	83332.Rv2334	196	277
8817327	83332.Rv0001	196	434
8817626	83332.Rv0292	196	322
8819534	83332.Rv2157c	195	336
8818111	83332.Rv0760c	195	129
8821237	83332.Rv3809c	195	269
8821003	83332.Rv3581c	194	95
8817691	83332.Rv0357c	194	223
8817406	83332.Rv0078A	194	107
8820074	83332.Rv2675c	193	158
8817866	83332.Rv0525	193	187
8821266	83332.Rv3838c	193	262
8819163	83332.Rv1795	193	285
8817758	83332.Rv0423c	193	413
8819140	83332.Rv1770	193	322
8821146	83332.Rv3721c	193	359
8820949	83332.Rv3528c	192	175
8820552	83332.Rv3141	192	196
8818026	83332.Rv0679c	192	58
8820693	83332.Rv3275c	192	92
8817666	83332.Rv0332	192	172
8819491	83332.Rv2115c	192	412
8820387	83332.Rv2981c	191	252
8819279	83332.Rv1910c	191	97
8819985	83332.Rv2588c	191	90
8821299	83332.Rv3871	191	324
8821152	83332.Rv3726	190	324
8820515	83332.Rv3105c	190	313
8818926	83332.Rv1559	190	219
8820388	83332.Rv2982c	189	166
8819667	83332.Rv2284	189	261
8817690	83332.Rv0356c	189	142
8821170	83332.Rv3744	189	48
8817880	83332.Rv0538	188	180
8820071	83332.Rv2672	188	248
8819560	83332.Rv2182c	188	141
8821203	83332.Rv3775	187	321
8818957	83332.Rv1590	187	42
8821055	83332.Rv3633	187	238
8819978	83332.Rv2581c	187	190
8820546	83332.Rv3136	186	96
8817562	83332.Rv0230c	186	174
8818723	83332.Rv1362c	186	113
8820390	83332.Rv2984	186	530
8817399	83332.Rv0072	185	222
8821316	83332.Rv3888c	185	272
8818544	83332.Rv1185c	184	423
8819490	83332.Rv2114	184	127
8819449	83332.Rv2074	184	105
8818151	83332.Rv0799c	184	216
8820325	83332.Rv2922A	184	98
8818739	83332.Rv1377c	183	151
8818210	83332.Rv0858c	183	189
8817473	83332.Rv0144	183	184
8819575	83332.Rv2197c	183	75
8820499	83332.Rv3090	182	248
8818059	83332.Rv0711	182	409
8821304	83332.Rv3876	182	407
8819420	83332.Rv2046	182	127
8818410	83332.Rv1056	181	210
8819057	83332.Rv1689	181	280
8817344	83332.Rv0018c	181	269
8820324	83332.Rv2921c	181	252
8821287	83332.Rv3859c	181	1024
8819281	83332.Rv1912c	181	202
8820361	83332.Rv2956	181	126
8818898	83332.Rv1531	180	156
8820721	83332.Rv3303c	180	200
8819268	83332.Rv1899c	180	236
8817745	83332.Rv0410c	180	583
8818140	83332.Rv0788	180	202
8820334	83332.Rv2930	180	401
8820542	83332.Rv3132c	180	395
8820997	83332.Rv3575c	179	218
8820382	83332.Rv2976c	179	136
8818307	83332.Rv0956	179	123
8820459	83332.Rv3050c	179	126
8817395	83332.Rv0068	179	276
8821105	83332.Rv3682	178	544
8820079	83332.Rv2680	177	123
8818759	83332.Rv1397c	177	75
8817506	83332.Rv0176	176	257
8820239	83332.Rv2837c	176	277
8820886	83332.Rv3465	176	167
8818742	83332.Rv1380	176	165
8817875	83332.Rv0533c	176	193
8818346	83332.Rv0993	175	134
8821205	83332.Rv3777	175	170
8818510	83332.Rv1152	175	65
8819918	83332.Rv2523c	175	45
8817653	83332.Rv0319	175	67
8819832	83332.Rv2438c	175	345
8817910	83332.Rv0568	174	256
8820107	83332.Rv2708c	174	45
8819890	83332.Rv2495c	174	256
8818261	83332.Rv0909	174	51
8819801	83332.Rv2409c	173	145
8819139	83332.Rv1769	173	167
8818975	83332.Rv1608c	173	116
8819352	83332.Rv1981c	173	206
8818593	83332.Rv1234	172	107
8820686	83332.Rv3268	172	100
8817822	83332.Rv0484c	172	194
8817577	83332.Rv0244c	172	564
8821002	83332.Rv3580c	172	387
8817812	83332.Rv0474	171	128
8818753	83332.Rv1391	171	209
8818777	83332.Rv1415	171	359
8820516	83332.Rv3106	171	331
8819194	83332.Rv1826	171	66
8818240	83332.Rv0888	170	138
8819984	83332.Rv2587c	170	284
8818656	83332.Rv1296	170	110
8820095	83332.Rv2696c	170	148
8820956	83332.Rv3535c	169	180
8819077	83332.Rv1708	169	218
8820113	83332.Rv2714	169	214
8821142	83332.Rv3717	169	128
8820649	83332.Rv3231c	168	80
8819994	83332.Rv2597	168	124
8818374	83332.Rv1021	167	205
8821102	83332.Rv3679	167	223
8820957	83332.Rv3536c	166	142
8819802	83332.Rv2410c	166	206
8819201	83332.Rv1833c	166	209
8819957	83332.Rv2560	166	28
8821103	83332.Rv3680	166	299
8820002	83332.Rv2604c	165	127
8817448	83332.Rv0119	165	269
8818880	83332.Rv1513	165	178
8817341	83332.Rv0015c	165	267
8818863	83332.Rv1498c	164	157
8818588	83332.Rv1229c	164	225
8819023	83332.Rv1655	164	208
8817756	83332.Rv0421c	164	100
8820100	83332.Rv2701c	164	178
8817507	83332.Rv0177	164	123
8819734	83332.Rv2345	164	455
8820844	83332.Rv3423c	163	246
8819120	83332.Rv1751	163	302
8818900	83332.Rv1533	163	245
8818707	83332.Rv1346	163	178
8819920	83332.Rv2525c	163	140
8821235	83332.Rv3807c	162	82
8820720	83332.Rv3302c	162	322
8819035	83332.Rv1667c	162	81
8817555	83332.Rv0223c	162	203
8820372	83332.Rv2967c	162	671
8817339	83332.Rv0013	162	97
8820190	83332.Rv2790c	161	205
8820364	83332.Rv2959c	161	141
8819175	83332.Rv1807	161	31
8821294	83332.Rv3866	161	130
8818688	83332.Rv1327c	160	476
8817532	83332.Rv0200	160	114
8821297	83332.Rv3869	160	302
8818724	83332.Rv1363c	160	78
8819906	83332.Rv2511	159	99
8819781	83332.Rv2392	159	153
8820631	83332.Rv3215	159	244
8818805	83332.Rv1443c	159	97
8820262	83332.Rv2860c	159	314
8818474	83332.Rv1117	159	89
8820859	83332.Rv3438	158	136
8818702	83332.Rv1341	158	110
8819181	83332.Rv1813c	158	19
8820724	83332.Rv3306c	158	125
8818568	83332.Rv1209	158	49
8820738	83332.Rv3319	158	119
8821180	83332.Rv3754	157	185
8817994	83332.Rv0647c	157	318
8820967	83332.Rv3546	157	180
8820955	83332.Rv3534c	157	196
8817475	83332.Rv0146	157	283
8820734	83332.Rv3315c	156	100
8820828	83332.Rv3407	156	64
8819936	83332.Rv2540c	156	284
8819843	83332.Rv2449c	156	291
8820447	83332.Rv3038c	155	213
8820722	83332.Rv3304	155	116
8817642	83332.Rv0308	155	130
8820792	83332.Rv3372	155	175
8817726	83332.Rv0392c	155	281
8820759	83332.Rv3339c	154	206
8817772	83332.Rv0437c	154	175
8818299	83332.Rv0948c	154	37
8817900	83332.Rv0558	154	154
8817668	83332.Rv0334	154	168
8818748	83332.Rv1386	154	53
8818124	83332.Rv0773c	154	224
8820914	83332.Rv3493c	153	92
8818177	83332.Rv0825c	153	142
8817456	83332.Rv0127	153	306
8818969	83332.Rv1602	153	97
8819898	83332.Rv2503c	153	94
8818483	83332.Rv1126c	153	120
8820337	83332.Rv2933	153	1202
8819529	83332.Rv2152c	153	189
8820725	83332.Rv3307	152	121
8821107	83332.Rv3684	152	202
8817523	83332.Rv0192	152	190
8817896	83332.Rv0554	152	152
8818218	83332.Rv0866	151	95
8817582	83332.Rv0249c	151	109
8819692	83332.Rv2307B	151	26
8819488	83332.Rv2112c	151	357
8820740	83332.Rv3321c	151	36
8821094	83332.Rv3672c	150	97
8818996	83332.Rv1629	150	618
8817753	83332.Rv0418	150	258
8818762	83332.Rv1400c	150	148
8821089	83332.Rv3667	149	380
8818913	83332.Rv1546	149	66
8818292	83332.Rv0940c	148	223
8819763	83332.Rv2374c	148	207
8820991	83332.Rv3569c	148	202
8821242	83332.Rv3814c	148	134
8820477	83332.Rv3068c	148	310
8818171	83332.Rv0819	148	207
8817747	83332.Rv0412c	147	238
8819803	83332.Rv2411c	147	342
8820449	83332.Rv3040c	147	204
8820114	83332.Rv2715	147	222
8817404	83332.Rv0077c	147	177
8820181	83332.Rv2781c	145	119
8818101	83332.Rv0751c	145	162
8817853	83332.Rv0512	145	205
8819274	83332.Rv1905c	145	187
8818633	83332.Rv1274	145	61
8817857	83332.Rv0516c	145	85
8819748	83332.Rv2359	144	93
8821029	83332.Rv3607c	144	65
8819752	83332.Rv2363	144	251
8818653	83332.Rv1293	144	313
8818808	83332.Rv1446c	144	156
8818722	83332.Rv1361c	144	170
8820990	83332.Rv3568c	144	171
8821073	83332.Rv3651	143	238
8817854	83332.Rv0513	143	51
8818152	83332.Rv0800	143	227
8819048	83332.Rv1680	143	129
8821314	83332.Rv3886c	142	228
8821335	83332.Rv3907c	142	274
8817867	83332.Rv0526	142	169
8820411	83332.Rv3004	142	32
8820628	83332.Rv3212	142	170
8820246	83332.Rv2844	142	63
8820610	83332.Rv3197	141	259
8818619	83332.Rv1260	141	210
8820395	83332.Rv2989	141	128
8818624	83332.Rv1265	141	138
8818879	83332.Rv1512	140	118
8817723	83332.Rv0389	140	178
8819472	83332.Rv2096c	140	123
8819986	83332.Rv2589	140	250
8819047	83332.Rv1679	140	187
8819619	83332.Rv2238c	140	93
8818371	83332.Rv1018c	140	267
8821185	83332.Rv3759c	140	88
8817762	83332.Rv0427c	140	190
8818534	83332.Rv1175c	140	320
8819783	83332.Rv2394	139	258
8819983	83332.Rv2586c	139	200
8818598	83332.Rv1239c	139	151
8819528	83332.Rv2151c	139	161
8818995	83332.Rv1628c	139	85
8820853	83332.Rv3432c	139	297
8818334	83332.Rv0981	139	113
8819021	83332.Rv1653	138	203
8819639	83332.Rv2257c	138	170
8818165	83332.Rv0813c	138	158
8819052	83332.Rv1684	138	51
8819044	83332.Rv1676	138	109
8819252	83332.Rv1884c	138	59
8818749	83332.Rv1387	137	133
8820675	83332.Rv3257c	137	220
8819865	83332.Rv2470	137	78
8819165	83332.Rv1797	137	171
8821187	83332.Rv3761c	137	223
8818809	83332.Rv1447c	137	262
8821311	83332.Rv3883c	136	144
8820565	83332.Rv3154	136	94
8821031	83332.Rv3609c	136	71
8818459	83332.Rv1103c	136	31
8817768	83332.Rv0433	136	241
8820140	83332.Rv2740	135	91
8821262	83332.Rv3834c	135	219
8817889	83332.Rv0547c	135	145
8820862	83332.Rv3441c	135	233
8820711	83332.Rv3293	135	165
8818217	83332.Rv0865	134	38
8817849	83332.Rv0508	134	39
8819581	83332.Rv2203	134	117
8819590	83332.Rv2212	134	220
8819607	83332.Rv2228c	134	218
8817818	83332.Rv0480c	133	147
8818933	83332.Rv1566c	133	79
8818182	83332.Rv0830	133	188
8817728	83332.Rv0394c	133	68
8819251	83332.Rv1883c	133	86
8818412	83332.Rv1058	133	290
8817497	83332.Rv0167	133	85
8819977	83332.Rv2580c	132	194
8818646	83332.Rv1287	132	64
8821032	83332.Rv3610c	132	398
8820732	83332.Rv3313c	132	208
8818746	83332.Rv1384	132	438
8820451	83332.Rv3042c	131	283
8821224	83332.Rv3796	131	106
8819621	83332.Rv2240c	131	72
8819549	83332.Rv2171	131	98
8820563	83332.Rv3152	131	113
8818452	83332.Rv1096	131	212
8820370	83332.Rv2965c	131	125
8821110	83332.Rv3687c	130	17
8820463	83332.Rv3054c	130	73
8820727	83332.Rv3309c	129	80
8818832	83332.Rv1470	129	34
8821336	83332.Rv3908	129	101
8819532	83332.Rv2155c	129	259
8819265	83332.Rv1896c	128	177
8820335	83332.Rv2931	128	750
8819990	83332.Rv2593c	128	114
8820674	83332.Rv3256c	128	163
8820511	83332.Rv3101c	128	111
8818366	83332.Rv1013	127	240
8817531	83332.Rv0199	127	92
8817491	83332.Rv0161	127	248
8821138	83332.Rv3713	127	104
8819067	83332.Rv1699	126	293
8820606	83332.Rv3194c	126	139
8817851	83332.Rv0510	126	157
8818414	83332.Rv1060	126	82
8820830	83332.Rv3409c	126	214
8817410	83332.Rv0081	126	39
8821246	83332.Rv3818	126	221
8817846	83332.Rv0505c	126	146
8818263	83332.Rv0911	126	87
8820854	83332.Rv3433c	126	159
8817681	83332.Rv0347	126	185
8817460	83332.Rv0131c	126	241
8818251	83332.Rv0899	126	142
8819739	83332.Rv2350c	125	213
8819267	83332.Rv1898	125	46
8819060	83332.Rv1692	125	113
8818839	83332.Rv1476	125	74
8818639	83332.Rv1280c	125	211
8818224	83332.Rv0872c	125	19
8821247	83332.Rv3819	125	62
8819116	83332.Rv1747	124	413
8818285	83332.Rv0933	124	145
8818060	83332.Rv0712	124	147
8818820	83332.Rv1458c	123	126
8819284	83332.Rv1915	123	171
8819248	83332.Rv1880c	123	229
8820340	83332.Rv2936	123	187
8818626	83332.Rv1267c	123	235
8817770	83332.Rv0435c	123	339
8820742	83332.Rv3323c	123	149
8817695	83332.Rv0361	123	87
8818616	83332.Rv1257c	123	174
8821300	83332.Rv3872	122	26
8818745	83332.Rv1383	122	96
8818436	83332.Rv1082	122	167
8818254	83332.Rv0902c	122	190
8817629	83332.Rv0295c	122	117
8817912	83332.Rv0570	122	287
8820422	83332.Rv3015c	122	172
8818137	83332.Rv0786c	122	56
8819881	83332.Rv2486	122	151
8819955	83332.Rv2558	122	145
8817855	83332.Rv0514	121	20
8819378	83332.Rv2004c	121	239
8817648	83332.Rv0314c	121	71
8818676	83332.Rv1316c	121	71
8820659	83332.Rv3241c	121	121
8819017	83332.Rv1649	121	135
8819198	83332.Rv1830	121	61
8818347	83332.Rv0994	121	212
8819511	83332.Rv2135c	121	116
8820101	83332.Rv2702	121	141
8818741	83332.Rv1379	120	91
8820189	83332.Rv2789c	120	201
8818338	83332.Rv0985c	120	81
8819246	83332.Rv1878	120	150
8817401	83332.Rv0074	120	127
8820618	83332.Rv3203	120	117
8818967	83332.Rv1600	120	175
8819005	83332.Rv1638	119	495
8820467	83332.Rv3058c	119	106
8818364	83332.Rv1011	119	103
8820309	83332.Rv2906c	119	103
8817960	83332.Rv0616A	119	31
8821193	83332.Rv3767c	119	203
8818123	83332.Rv0772	119	249
8819813	83332.Rv2421c	119	82
8818016	83332.Rv0669c	119	225
8818128	83332.Rv0777	118	217
8818768	83332.Rv1406	118	98
8818597	83332.Rv1238	118	216
8818844	83332.Rv1481	118	132
8817378	83332.Rv0052	118	106
8818675	83332.Rv1315	117	174
8820021	83332.Rv2622	117	116
8817637	83332.Rv0303	117	109
8821140	83332.Rv3715c	117	83
8818520	83332.Rv1161	117	633
8820690	83332.Rv3272	116	332
8819965	83332.Rv2568c	116	139
8818514	83332.Rv1156	116	63
8817530	83332.Rv0198c	116	269
8817816	83332.Rv0478	116	85
8818574	83332.Rv1215c	116	212
8818594	83332.Rv1235	116	143
8820125	83332.Rv2726c	115	90
8817539	83332.Rv0207c	115	102
8820495	83332.Rv3086	115	175
8819894	83332.Rv2499c	114	62
8821049	83332.Rv3627c	114	177
8820421	83332.Rv3014c	114	281
8819263	83332.Rv1894c	114	107
8817634	83332.Rv0300	114	38
8819791	83332.Rv2400c	114	173
8819891	83332.Rv2496c	114	189
8817437	83332.Rv0108c	114	51
8817345	83332.Rv0019c	113	87
8819892	83332.Rv2497c	113	147
8820355	83332.Rv2950c	113	246
8819515	83332.Rv2139	113	157
8819285	83332.Rv1916	113	188
8820936	83332.Rv3515c	112	248
8818501	83332.Rv1143	112	129
8821338	83332.Rv3910	112	457
8819214	83332.Rv1846c	112	50
8818638	83332.Rv1279	112	228
8817913	83332.Rv0571c	112	180
8820683	83332.Rv3265c	112	119
8817496	83332.Rv0166	112	198
8820011	83332.Rv2613c	111	87
8817759	83332.Rv0424c	111	33
8817540	83332.Rv0208c	111	130
8821024	83332.Rv3602c	111	136
8819131	83332.Rv1762c	111	96
8820188	83332.Rv2788	111	116
8819895	83332.Rv2500c	111	191
8818659	83332.Rv1299	110	152
8820338	83332.Rv2934	110	544
8820923	83332.Rv3502c	110	115
8821291	83332.Rv3863	110	111
8820150	83332.Rv2750	110	57
8818345	83332.Rv0992c	109	37
8821230	83332.Rv3802c	109	103
8820406	83332.Rv2999	109	166
8818372	83332.Rv1019	109	85
8820112	83332.Rv2713	108	178
8818468	83332.Rv1112	108	175
8820077	83332.Rv2678c	107	113
8820336	83332.Rv2932	107	535
8820076	83332.Rv2677c	107	135
8820154	83332.Rv2754c	107	104
8820306	83332.Rv2903c	107	118
8820186	83332.Rv2786c	107	93
8818873	83332.Rv1507c	107	105
8818998	83332.Rv1631	107	151
8819824	83332.Rv2431c	107	49
8820470	83332.Rv3061c	106	285
8819841	83332.Rv2447c	106	170
8819374	83332.Rv2000	106	206
8818937	83332.Rv1570	106	91
8818829	83332.Rv1467c	106	261
8821150	83332.Rv3724B	106	41
8820498	83332.Rv3089	105	240
8817962	83332.Rv0617	105	35
8820257	83332.Rv2855	105	179
8821236	83332.Rv3808c	105	263
8819922	83332.Rv2527	105	44
8818554	83332.Rv1195	105	11
8818232	83332.Rv0880	105	36
8817835	83332.Rv0496	104	115
8818258	83332.Rv0906	104	190
8819081	83332.Rv1712	104	74
8821298	83332.Rv3870	104	264
8818163	83332.Rv0811c	104	136
8818694	83332.Rv1333	104	80
8818378	83332.Rv1025	104	66
8819442	83332.Rv2067c	104	206
8817466	83332.Rv0137c	103	80
8818089	83332.Rv0740	103	91
8819416	83332.Rv2042c	103	128
8820650	83332.Rv3232c	103	125
8819987	83332.Rv2590	103	414
8821218	83332.Rv3790	103	197
8820679	83332.Rv3261	103	142
8821265	83332.Rv3837c	102	100
8819514	83332.Rv2138	102	127
8819992	83332.Rv2595	102	20
8818645	83332.Rv1286	102	227
8818146	83332.Rv0794c	102	196
8819144	83332.Rv1774	101	163
8819715	83332.Rv2327	101	70
8819809	83332.Rv2417c	101	104
8820937	83332.Rv3516	101	93
8819216	83332.Rv1848	101	41
8818664	83332.Rv1304	101	84
8817794	83332.Rv0457c	100	274
8819090	83332.Rv1721c	100	39
8820057	83332.Rv2658c	99.8	49
8820916	83332.Rv3495c	99.8	117
8818125	83332.Rv0774c	99.7	45
8819471	83332.Rv2095c	99.0	138
8819877	83332.Rv2482c	99.0	275
8821025	83332.Rv3603c	98.9	73
8818905	83332.Rv1538c	98.9	145
8818222	83332.Rv0870c	98.8	22
8817897	83332.Rv0555	98.7	154
8817478	83332.Rv0149	98.6	129
8821040	83332.Rv3618	98.6	123
8818487	83332.Rv1130	98.4	212
8819964	83332.Rv2567	98.4	350
8818488	83332.Rv1131	98.4	109
8818990	83332.Rv1623c	98.2	171
8820662	83332.Rv3244c	98.2	208
8817446	83332.Rv0117	98.1	88
8820911	83332.Rv3490	98.1	192
8819180	83332.Rv1812c	97.8	168
8819080	83332.Rv1711	97.8	112
8821270	83332.Rv3842c	97.8	113
8820784	83332.Rv3364c	97.6	21
8820579	83332.Rv3168	97.5	144
8818034	83332.Rv0687	97.5	90
8818938	83332.Rv1571	97.4	66
8820762	83332.Rv3342	97.4	91
8820081	83332.Rv2682c	97.3	273
8819510	83332.Rv2134c	96.6	65
8819063	83332.Rv1695	96.4	96
8820032	83332.Rv2633c	96.4	77
8820184	83332.Rv2784c	96.3	54
8820723	83332.Rv3305c	96.2	150
8820700	83332.Rv3282	96.1	71
8817885	83332.Rv0543c	96.0	45
8821310	83332.Rv3882c	96.0	168
8818356	83332.Rv1003	95.9	88
8821144	83332.Rv3719	95.7	156
8817902	83332.Rv0560c	95.7	134
8817674	83332.Rv0340	95.6	23
8818827	83332.Rv1465	95.5	75
8819506	83332.Rv2130c	95.3	169
8819811	83332.Rv2419c	95.2	85
8819818	83332.Rv2426c	95.0	124
8817364	83332.Rv0038	94.8	123
8820151	83332.Rv2751	94.5	120
8818499	83332.Rv1141c	94.4	101
8821026	83332.Rv3604c	94.3	132
8818622	83332.Rv1263	94.3	151
8819375	83332.Rv2001	94.2	89
8817798	83332.Rv0461	93.7	49
8817941	83332.Rv0598c	93.6	55
8821241	83332.Rv3813c	93.6	74
8819929	83332.Rv2533c	93.4	65
8819289	83332.Rv1920	93.4	76
8818253	83332.Rv0901	93.1	38
8818413	83332.Rv1059	93.0	88
8818143	83332.Rv0791c	93.0	160
8819164	83332.Rv1796	93.0	158
8818591	83332.Rv1232c	92.6	117
8820360	83332.Rv2955c	92.0	144
8819933	83332.Rv2537c	92.0	36
8819033	83332.Rv1665	92.0	164
8818824	83332.Rv1462	91.9	168
8819604	83332.Rv2225	91.9	52
8820254	83332.Rv2852c	91.9	177
8819688	83332.Rv2305	91.8	164
8817671	83332.Rv0337c	91.8	131
8820359	83332.Rv2954c	91.7	96
8817877	83332.Rv0535	91.6	79
8819193	83332.Rv1825	91.6	81
8818521	83332.Rv1162	91.5	176
8818801	83332.Rv1439c	91.3	56
8819579	83332.Rv2201	91.2	217
8820072	83332.Rv2673	90.9	163
8821096	83332.Rv3674c	90.9	71
8818692	83332.Rv1331	90.9	51
8821158	83332.Rv3732	90.9	97
8820488	83332.Rv3079c	90.7	78
8819989	83332.Rv2592c	90.5	105
8819680	83332.Rv2297	90.5	57
8817353	83332.Rv0027	90.4	43
8818278	83332.Rv0926c	90.4	185
8818456	83332.Rv1100	90.4	94
8817752	83332.Rv0417	90.3	61
8819148	83332.Rv1778c	90.3	71
8818959	83332.Rv1592c	89.6	95
8818352	83332.Rv0999	89.6	76
8818761	83332.Rv1399c	89.3	70
8820116	83332.Rv2717c	89.3	60
8819963	83332.Rv2566	89.2	343
8819220	83332.Rv1852	89.2	78
8817647	83332.Rv0313	89.0	45
8819115	83332.Rv1746	88.7	130
8820741	83332.Rv3322c	88.6	78
8820500	83332.Rv3091	88.6	211
8820109	83332.Rv2710	88.5	98
8817445	83332.Rv0116c	88.4	32
8817607	83332.Rv0274	88.2	51
8818265	83332.Rv0913c	88.2	142
8820290	83332.Rv2887	88.2	46
8818028	83332.Rv0681	88.1	55
8817687	83332.Rv0353	88.1	44
8818840	83332.Rv1477	87.9	119
8818553	83332.Rv1194c	87.7	139
8819176	83332.Rv1808	87.7	63
8817376	83332.Rv0050	87.4	245
8819027	83332.Rv1659	87.3	128
8818850	83332.Rv1487	87.2	23
8817842	83332.Rv0501	86.7	146
8819530	83332.Rv2153c	86.5	112
8817391	83332.Rv0064A	86.2	26
8817906	83332.Rv0564c	86.1	141
8821346	83332.Rv3918c	86.1	119
8819905	83332.Rv2510c	86.0	180
8817785	83332.Rv0450c	86.0	280
8819372	83332.Rv1998c	86.0	59
8817683	83332.Rv0349	85.9	65
8818109	83332.Rv0758	85.9	169
8817676	83332.Rv0342	85.8	155
8818572	83332.Rv1213	85.7	149
8817650	83332.Rv0316	85.6	47
8820708	83332.Rv3290c	85.5	134
8818318	83332.Rv0966c	85.4	69
8817420	83332.Rv0091	85.4	115
8818481	83332.Rv1124	85.3	101
8820908	83332.Rv3487c	85.1	96
8818857	83332.Rv1493	84.9	205
8818524	83332.Rv1165	84.8	169
8817658	83332.Rv0324	84.8	72
8819269	83332.Rv1900c	84.8	150
8819363	83332.Rv1990c	84.8	64
8820326	83332.Rv2922c	84.6	388
8818699	83332.Rv1338	84.2	100
8819127	83332.Rv1758	84.1	7
8819327	83332.Rv1957	83.9	45
8817351	83332.Rv0025	83.9	44
8819425	83332.Rv2051c	83.9	255
8819927	83332.Rv2531c	83.7	343
8820138	83332.Rv2738c	83.7	22
8819749	83332.Rv2360c	83.6	50
8819962	83332.Rv2565	83.5	183
8818789	83332.Rv1427c	83.2	165
8818324	83332.Rv0972c	83.2	103
8818972	83332.Rv1605	83.2	122
8821223	83332.Rv3795	83.0	276
8820744	83332.Rv3324c	82.8	48
8819479	83332.Rv2103c	82.8	35
8819733	83332.Rv2344c	82.8	127
8818577	83332.Rv1218c	82.7	124
8818172	83332.Rv0820	82.6	83
8819513	83332.Rv2137c	82.5	48
8818964	83332.Rv1597	82.5	88
8819112	83332.Rv1743	82.2	199
8819518	83332.Rv2142A	82.1	25
8820450	83332.Rv3041c	82.1	89
8819570	83332.Rv2192c	82.1	125
8820391	83332.Rv2985	82.1	112
8819494	83332.Rv2118c	82.0	124
8821282	83332.Rv3854c	81.9	140
8821119	83332.Rv3696c	81.9	215
8819934	83332.Rv2538c	81.6	130
8821083	83332.Rv3661	81.3	81
8820353	83332.Rv2948c	81.1	229
8820555	83332.Rv3144c	81.1	42
8821221	83332.Rv3793	81.1	248
8817598	83332.Rv0265c	81.1	93
8819323	83332.Rv1954A	81.0	20
8818020	83332.Rv0673	80.8	101
8820969	83332.Rv3548c	80.8	91
8817741	83332.Rv0406c	80.7	84
8818415	83332.Rv1061	80.6	118
8821222	83332.Rv3794	80.4	301
8817342	83332.Rv0016c	80.4	150
8818339	83332.Rv0986	79.9	69
8817632	83332.Rv0298	79.9	25
8818509	83332.Rv1151c	79.9	95
8818823	83332.Rv1461	79.9	258
8817493	83332.Rv0163	79.9	33
8820553	83332.Rv3142c	79.8	39
8819971	83332.Rv2574	79.6	54
8818361	83332.Rv1008	79.4	100
8817511	83332.Rv0181c	79.3	43
8819212	83332.Rv1844c	79.1	128
8820805	83332.Rv3385c	79.0	23
8820040	83332.Rv2641	78.9	52
8818451	83332.Rv1095	78.9	132
8817893	83332.Rv0551c	78.8	162
8818856	83332.Rv1492	78.8	167
8819422	83332.Rv2048c	78.6	1001
8819609	83332.Rv2230c	78.5	77
8821301	83332.Rv3873	78.4	76
8819966	83332.Rv2569c	78.4	113
8819645	83332.Rv2263	78.4	122
8819727	83332.Rv2338c	78.3	97
8817793	83332.Rv0456c	78.3	75
8817514	83332.Rv0184	78.3	56
8818751	83332.Rv1389	78.1	61
8818600	83332.Rv1241	78.0	26
8818931	83332.Rv1564c	77.8	178
8818896	83332.Rv1529	77.8	322
8817371	83332.Rv0045c	77.7	108
8819313	83332.Rv1944c	77.5	60
8818107	83332.Rv0756c	77.5	72
8819091	83332.Rv1722	77.2	155
8817773	83332.Rv0438c	77.1	93
8820834	83332.Rv3413c	77.0	67
8819968	83332.Rv2571c	76.9	70
8818834	83332.Rv1472	76.8	88
8819913	83332.Rv2518c	76.5	82
8818291	83332.Rv0939	76.4	150
8819232	83332.Rv1864c	76.4	63
8819660	83332.Rv2277c	76.4	94
8820689	83332.Rv3271c	76.1	24
8820343	83332.Rv2939	76.1	68
8820193	83332.Rv2793c	76.0	89
8821248	83332.Rv3820c	75.9	111
8819137	83332.Rv1767	75.8	31
8818590	83332.Rv1231c	75.7	48
8819668	83332.Rv2285	75.6	147
8819584	83332.Rv2206	75.6	23
8817571	83332.Rv0238	75.4	59
8820209	83332.Rv2808	75.3	29
8818121	83332.Rv0770	75.3	96
8820253	83332.Rv2851c	74.9	52
8820080	83332.Rv2681	74.9	101
8820194	83332.Rv2794c	74.9	53
8818962	83332.Rv1595	74.7	124
8820346	83332.Rv2942	74.4	225
8819754	83332.Rv2365c	74.4	22
8819794	83332.Rv2402	74.2	218
8817435	83332.Rv0106	74.0	117
8817978	83332.Rv0633c	73.9	69
8819526	83332.Rv2149c	73.8	98
8818647	83332.Rv1288	73.8	144
8817946	83332.Rv0603	73.5	25
8820557	83332.Rv3146	73.4	42
8821013	83332.Rv3591c	73.3	103
8821225	83332.Rv3797	73.3	185
8820164	83332.Rv2764c	73.2	61
8819764	83332.Rv2375	73.2	35
8817599	83332.Rv0266c	73.1	278
8819297	83332.Rv1928c	73.0	54
8817765	83332.Rv0430	72.9	18
8818923	83332.Rv1556	72.9	69
8821263	83332.Rv3835	72.5	103
8820633	83332.Rv3218	72.4	100
8820420	83332.Rv3013	72.4	84
8818266	83332.Rv0914c	72.4	113
8818466	83332.Rv1110	72.0	83
8817400	83332.Rv0073	71.9	149
8817743	83332.Rv0408	71.8	167
8820796	83332.Rv3376	71.7	57
8819466	83332.Rv2090	71.7	108
8818817	83332.Rv1455	71.5	64
8821124	83332.Rv3700c	71.5	113
8820143	83332.Rv2743c	71.4	62
8820139	83332.Rv2739c	71.4	101
8819925	83332.Rv2530A	71.2	19
8819130	83332.Rv1761c	71.2	44
8819810	83332.Rv2418c	71.2	68
8820131	83332.Rv2732c	71.1	58
8818640	83332.Rv1281c	71.0	171
8820622	83332.Rv3207c	70.9	91
8818478	83332.Rv1121	70.9	153
8819166	83332.Rv1798	70.8	172
8817385	83332.Rv0059	70.7	62
8820966	83332.Rv3545c	70.6	146
8819333	83332.Rv1962c	70.6	38
8820926	83332.Rv3505	70.6	72
8820785	83332.Rv3365c	70.5	215
8818122	83332.Rv0771	70.5	38
8820739	83332.Rv3320c	70.2	50
8818682	83332.Rv1322	70.0	17
8819951	83332.Rv2554c	70.0	55
8818309	83332.Rv0958	69.6	127
8817651	83332.Rv0317c	69.6	75
8817635	83332.Rv0301	69.6	49
8818875	83332.Rv1508c	69.4	160
8819377	83332.Rv2003c	69.1	101
8817595	83332.Rv0262c	68.7	38
8820329	83332.Rv2925c	68.7	97
8819448	83332.Rv2073c	68.6	56
8819395	83332.Rv2021c	68.6	31
8820517	83332.Rv3107c	68.5	167
8820804	83332.Rv3384c	68.5	30
8819400	83332.Rv2026c	68.4	109
8818010	83332.Rv0663	68.4	137
8818097	83332.Rv0748	68.4	24
8819869	83332.Rv2474c	68.1	66
8817641	83332.Rv0307c	68.0	49
8818890	83332.Rv1523	67.9	107
8819440	83332.Rv2065	67.9	56
8818747	83332.Rv1385	67.8	50
8817373	83332.Rv0047c	67.8	49
8818783	83332.Rv1421	67.8	97
8817749	83332.Rv0414c	67.7	59
8818901	83332.Rv1534	67.6	75
8818437	83332.Rv1083	67.6	27
8818379	83332.Rv1026	67.6	79
8819980	83332.Rv2583c	67.6	184
8819249	83332.Rv1881c	67.4	46
8818644	83332.Rv1285	67.2	98
8819242	83332.Rv1874	67.1	73
8819500	83332.Rv2124c	67.1	305
8819724	83332.Rv2335	67.0	30
8818601	83332.Rv1242	67.0	49
8818304	83332.Rv0953c	66.8	95
8819902	83332.Rv2507	66.8	22
8819653	83332.Rv2271	66.7	26
8818214	83332.Rv0862c	66.6	183
8819489	83332.Rv2113	66.0	86
8817397	83332.Rv0070c	66.0	97
8820244	83332.Rv2842c	66.0	40
8817951	83332.Rv0608	65.9	10
8818448	83332.Rv1092c	65.9	75
8817905	83332.Rv0563	65.8	89
8820448	83332.Rv3039c	65.7	73
8818543	83332.Rv1184c	65.4	49
8819897	83332.Rv2502c	65.4	154
8820230	83332.Rv2828c	65.3	59
8820634	83332.Rv3219	65.3	10
8819250	83332.Rv1882c	65.3	60
8819187	83332.Rv1819c	65.1	165
8817402	83332.Rv0075	65.0	113
8817754	83332.Rv0419	65.0	115
8819307	83332.Rv1938	65.0	110
8819417	83332.Rv2043c	65.0	38
8818213	83332.Rv0861c	65.0	170
8817392	83332.Rv0065	64.9	47
8821234	83332.Rv3806c	64.8	82
8818546	83332.Rv1187	64.8	119
8818404	83332.Rv1050	64.6	58
8819380	83332.Rv2006	64.4	270
8818866	83332.Rv1501	64.4	64
8821046	83332.Rv3624c	64.3	66
8819392	83332.Rv2018	64.1	74
8819493	83332.Rv2117	64.1	36
8818528	83332.Rv1169c	64.0	14
8820697	83332.Rv3279c	64.0	49
8819066	83332.Rv1698	63.7	73
8817623	83332.Rv0289	63.6	62
8818417	83332.Rv1063c	63.5	93
8817516	83332.Rv0186	63.3	121
8820635	83332.Rv3220c	63.2	126
8821179	83332.Rv3753c	63.2	30
8818102	83332.Rv0752c	63.1	106
8817488	83332.Rv0158	63.0	66
8820793	83332.Rv3373	62.8	88
8820171	83332.Rv2771c	62.8	34
8818207	83332.Rv0855	62.8	64
8821209	83332.Rv3781	62.5	83
8820352	83332.Rv2947c	62.4	140
8820137	83332.Rv2737c	62.4	193
8818935	83332.Rv1568	62.3	76
8819524	83332.Rv2147c	62.3	53
8819833	83332.Rv2439c	62.2	100
8821343	83332.Rv3915	62.1	97
8820918	83332.Rv3497c	61.9	76
8820461	83332.Rv3052c	61.9	55
8818697	83332.Rv1336	61.8	71
8817993	83332.Rv0646c	61.7	74
8817605	83332.Rv0272c	61.7	106
8817633	83332.Rv0299	61.7	22
8819468	83332.Rv2092c	61.6	235
8818076	83332.Rv0727c	61.6	50
8819950	83332.Rv2553c	61.3	105
8820909	83332.Rv3488	61.2	25
8819465	83332.Rv2089c	61.0	66
8821030	83332.Rv3608c	60.8	84
8817426	83332.Rv0097	60.7	43
8819896	83332.Rv2501c	60.7	137
8819426	83332.Rv2052c	60.7	97
8819215	83332.Rv1847	60.6	20
8818894	83332.Rv1527c	60.6	595
8820097	83332.Rv2698	60.6	30
8821194	83332.Rv3768	60.5	26
8821028	83332.Rv3606c	60.5	38
8818475	83332.Rv1118c	60.4	76
8818693	83332.Rv1332	60.4	57
8819233	83332.Rv1865c	60.3	74
8818721	83332.Rv1360	60.3	89
8820782	83332.Rv3362c	60.1	65
8817698	83332.Rv0364	60.1	21
8820702	83332.Rv3284	59.9	26
8817515	83332.Rv0185	59.9	28
8818946	83332.Rv1579c	59.9	27
8820988	83332.Rv3566c	59.9	57
8818262	83332.Rv0910	59.8	26
8819600	83332.Rv2221c	59.5	246
8818275	83332.Rv0923c	59.5	77
8819623	83332.Rv2242	59.5	93
8819797	83332.Rv2405	59.3	44
8817608	83332.Rv0275c	59.2	48
8820876	83332.Rv3455c	59.2	56
8820684	83332.Rv3266c	59.2	79
8819714	83332.Rv2326c	59.0	177
8819068	83332.Rv1700	58.9	41
8818787	83332.Rv1425	58.8	76
8820383	83332.Rv2977c	58.7	82
8819456	83332.Rv2080	58.6	44
8821008	83332.Rv3586	58.6	88
8818319	83332.Rv0967	58.6	28
8817825	83332.Rv0487	58.5	36
8820917	83332.Rv3496c	58.5	50
8817644	83332.Rv0310c	58.4	52
8817534	83332.Rv0202c	58.4	150
8818907	83332.Rv1540	58.2	63
8819230	83332.Rv1862	58.1	72
8820733	83332.Rv3314c	58.1	90
8820717	83332.Rv3299c	58.1	178
8819868	83332.Rv2473	58.0	50
8819222	83332.Rv1854c	57.9	93
8820748	83332.Rv3328c	57.8	53
8817748	83332.Rv0413	57.8	61
8817716	83332.Rv0382c	57.7	28
8820931	83332.Rv3510c	57.6	57
8819632	83332.Rv2250c	57.6	28
8820433	83332.Rv3025c	57.5	58
8820858	83332.Rv3437	57.5	30
8817450	83332.Rv0121c	57.4	33
8818603	83332.Rv1244	57.3	55
8821271	83332.Rv3843c	57.1	62
8817894	83332.Rv0552	56.9	102
8820648	83332.Rv3230c	56.9	76
8817744	83332.Rv0409	56.8	95
8820127	83332.Rv2728c	56.7	59
8820458	83332.Rv3049c	56.7	131
8817597	83332.Rv0264c	56.6	41
8820919	83332.Rv3498c	56.5	80
8817947	83332.Rv0604	56.5	54
8818541	83332.Rv1182	56.5	80
8820569	83332.Rv3158	56.4	75
8819745	83332.Rv2356c	56.1	19
8819253	83332.Rv1885c	56.1	55
8820466	83332.Rv3057c	56.1	61
8820820	83332.Rv3399	56.1	112
8820123	83332.Rv2724c	55.8	88
8819278	83332.Rv1909c	55.8	26
8819630	83332.Rv2249c	55.7	93
8818583	83332.Rv1224	55.7	19
8818423	83332.Rv1069c	55.7	106
8821201	83332.Rv3773c	55.6	50
8820646	83332.Rv3228	55.5	67
8818958	83332.Rv1591	55.5	50
8817821	83332.Rv0483	55.4	60
8817677	83332.Rv0343	55.3	90
8818806	83332.Rv1444c	55.2	32
8819878	83332.Rv2483c	55.1	125
8820219	83332.Rv2818c	55.0	102
8820497	83332.Rv3088	55.0	73
8820008	83332.Rv2610c	55.0	54
8818623	83332.Rv1264	54.9	116
8818860	83332.Rv1496	54.9	67
8819235	83332.Rv1867	54.8	106
8820249	83332.Rv2847c	54.8	56
8820444	83332.Rv3035	54.8	43
8819255	83332.Rv1887	54.8	92
8819438	83332.Rv2063A	54.8	23
8817786	83332.Rv0451c	54.8	26
8820985	83332.Rv3564	54.8	46
8817492	83332.Rv0162c	54.7	85
8818525	83332.Rv1166	54.7	83
8819437	83332.Rv2063	54.3	16
8818344	83332.Rv0991c	54.3	38
8817360	83332.Rv0034	54.3	31
8818729	83332.Rv1367c	54.3	59
8820777	83332.Rv3357	54.0	22
8819291	83332.Rv1922	53.5	65
8821214	83332.Rv3786c	53.4	81
8818198	83332.Rv0846c	53.4	92
8819273	83332.Rv1904	53.3	28
8817820	83332.Rv0482	53.3	74
8818790	83332.Rv1428c	53.3	68
8820915	83332.Rv3494c	53.2	84
8817546	83332.Rv0214	53.2	72
8819747	83332.Rv2358	53.1	26
8820363	83332.Rv2958c	52.9	76
8820273	83332.Rv2870c	52.8	78
8817859	83332.Rv0518	52.8	59
8820749	83332.Rv3329	52.6	94
8818293	83332.Rv0941c	52.5	49
8819117	83332.Rv1748	52.4	39
8821048	83332.Rv3626c	52.4	51
8818043	83332.Rv0695	52.4	32
8820925	83332.Rv3504	52.2	94
8820680	83332.Rv3262	52.2	115
8818373	83332.Rv1020	52.2	231
8819088	83332.Rv1719	52.1	66
8820652	83332.Rv3234c	52.0	50
8820736	83332.Rv3317	51.9	32
8817578	83332.Rv0245	51.7	39
8819634	83332.Rv2252	51.5	54
8820318	83332.Rv2915c	51.5	68
8817837	83332.Rv0498	51.3	44
8819731	83332.Rv2342	51.1	25
8819136	83332.Rv1766	51.1	18
8820996	83332.Rv3574	51.1	45
8817553	83332.Rv0221	51.0	113
8820685	83332.Rv3267	50.6	95
8817561	83332.Rv0229c	50.5	31
8817386	83332.Rv0060	50.3	90
8818100	83332.Rv0750	50.3	30
8818438	83332.Rv1084	50.1	129
8818256	83332.Rv0904c	50.0	87
8820651	83332.Rv3233c	49.8	30
8817739	83332.Rv0404	49.8	97
8817895	83332.Rv0553	49.7	37
8820900	83332.Rv3479	49.7	179
8820160	83332.Rv2760c	49.5	12
8820872	83332.Rv3451	49.5	30
8821330	83332.Rv3902c	49.5	47
8818804	83332.Rv1442	49.3	137
8817928	83332.Rv0586	49.2	49
8819293	83332.Rv1924c	49.2	25
8819065	83332.Rv1697	49.2	78
8821113	83332.Rv3690	49.1	36
8820397	83332.Rv2991	49.1	34
8820468	83332.Rv3059	49.1	96
8819635	83332.Rv2253	49.1	28
8817627	83332.Rv0293c	49.1	79
8820462	83332.Rv3053c	49.1	8
8820015	83332.Rv2616	49.0	46
8818881	83332.Rv1514c	49.0	52
8820637	83332.Rv3221c	48.8	19
8817596	83332.Rv0263c	48.8	46
8820530	83332.Rv3120	48.7	42
8819234	83332.Rv1866	48.7	277
8818858	83332.Rv1494	48.6	14
8821149	83332.Rv3724A	48.4	9
8821337	83332.Rv3909	48.4	100
8820094	83332.Rv2695	48.3	41
8819595	83332.Rv2217	48.2	27
8821284	83332.Rv3856c	48.1	67
8820696	83332.Rv3278c	48.0	22
8821192	83332.Rv3766	48.0	26
8819014	83332.Rv1646	48.0	9
8820526	83332.Rv3116	48.0	70
8818136	83332.Rv0785	47.9	116
8817396	83332.Rv0069c	47.9	66
8818711	83332.Rv1350	47.6	53
8817892	83332.Rv0550c	47.6	17
8819156	83332.Rv1787	47.6	25
8819982	83332.Rv2585c	47.6	65
8819857	83332.Rv2463	47.6	68
8817405	83332.Rv0078	47.3	46
8818859	83332.Rv1495	47.3	20
8821023	83332.Rv3601c	47.3	15
8818744	83332.Rv1382	47.2	30
8818323	83332.Rv0971c	47.2	42
8821252	83332.Rv3824c	47.2	94
8819548	83332.Rv2170	47.1	35
8818169	83332.Rv0817c	47.0	52
8820486	83332.Rv3077	47.0	112
8820432	83332.Rv3024c	46.8	66
8817834	83332.Rv0495c	46.7	58
8821114	83332.Rv3691	46.6	47
8819118	83332.Rv1749c	46.5	29
8819025	83332.Rv1657	46.5	49
8821053	83332.Rv3631	46.5	51
8820175	83332.Rv2775	46.5	32
8818999	83332.Rv1632c	46.5	41
8820644	83332.Rv3226c	46.4	56
8818849	83332.Rv1486c	46.4	40
8820330	83332.Rv2926c	46.3	39
8818683	83332.Rv1322A	46.3	19
8817409	83332.Rv0080	46.3	23
8820104	83332.Rv2705c	46.3	32
8821137	83332.Rv3712	46.2	52
8820903	83332.Rv3482c	46.1	39
8820947	83332.Rv3526	46.1	80
8820272	83332.Rv2869c	46.1	59
8817369	83332.Rv0043c	46.0	46
8821118	83332.Rv3695	46.0	30
8819384	83332.Rv2010	46.0	25
8817463	83332.Rv0134	46.0	62
8818209	83332.Rv0857	46.0	33
8818605	83332.Rv1246c	45.9	23
8817864	83332.Rv0523c	45.9	29
8818538	83332.Rv1179c	45.9	143
8821323	83332.Rv3895c	45.5	100
8821210	83332.Rv3782	45.5	63
8820316	83332.Rv2913c	45.5	113
8819458	83332.Rv2082	45.5	68
8818618	83332.Rv1259	45.4	54
8820443	83332.Rv3034c	45.4	57
8818023	83332.Rv0676c	45.4	159
8819812	83332.Rv2420c	45.3	26
8820369	83332.Rv2964	45.2	58
8817682	83332.Rv0348	45.2	46
8819296	83332.Rv1927	45.1	40
8818363	83332.Rv1010	45.1	69
8819177	83332.Rv1809	45.0	32
8821088	83332.Rv3666c	45.0	53
8817354	83332.Rv0028	44.9	12
8819683	83332.Rv2300c	44.7	35
8818081	83332.Rv0732	44.6	83
8817533	83332.Rv0201c	44.4	31
8820980	83332.Rv3559c	44.3	51
8818061	83332.Rv0713	44.3	49
8817468	83332.Rv0139	44.1	52
8818092	83332.Rv0743c	44.1	37
8819638	83332.Rv2256c	44.0	31
8818611	83332.Rv1252c	43.9	19
8819766	83332.Rv2377c	43.9	7
8818897	83332.Rv1530	43.8	54
8819184	83332.Rv1816	43.8	47
8817459	83332.Rv0130	43.6	21
8819755	83332.Rv2366c	43.6	61
8819678	83332.Rv2295	43.5	38
8819732	83332.Rv2343c	43.5	113
8820750	83332.Rv3330	43.5	50
8819326	83332.Rv1956	43.5	22
8817878	83332.Rv0536	43.5	57
8820705	83332.Rv3287c	43.4	27
8819073	83332.Rv1705c	43.4	20
8817923	83332.Rv0581	43.3	10
8818325	83332.Rv0973c	43.2	104
8820222	83332.Rv2821c	43.2	38
8820840	83332.Rv3419c	43.0	49
8818985	83332.Rv1618	43.0	60
8818204	83332.Rv0852	43.0	50
8819551	83332.Rv2173	42.9	53
8820959	83332.Rv3538	42.9	40
8819879	83332.Rv2484c	42.6	77
8820716	83332.Rv3298c	42.5	40
8818190	83332.Rv0838	42.4	53
8820898	83332.Rv3477	42.3	15
8817850	83332.Rv0509	42.2	73
8817564	83332.Rv0232	41.9	34
8817662	83332.Rv0328	41.8	33
8818007	83332.Rv0660c	41.8	17
8820983	83332.Rv3562	41.6	78
8818512	83332.Rv1154c	41.5	40
8817699	83332.Rv0365c	41.4	79
8818680	83332.Rv1320c	41.4	63
8819602	83332.Rv2223c	41.3	105
8820152	83332.Rv2752c	41.2	85
8817810	83332.Rv0472c	41.1	35
8821039	83332.Rv3617	41.0	65
8820510	83332.Rv3100c	41.0	21
8819564	83332.Rv2186c	41.0	10
8819348	83332.Rv1977	40.9	73
8819053	83332.Rv1685c	40.8	40
8818159	83332.Rv0807	40.7	33
8818457	83332.Rv1101c	40.7	40
8820704	83332.Rv3286c	40.7	43
8819411	83332.Rv2037c	40.6	55
8820752	83332.Rv3332	40.6	67
8820761	83332.Rv3341	40.5	56
8818784	83332.Rv1422	40.5	65
8818606	83332.Rv1247c	40.1	19
8819283	83332.Rv1914c	40.0	27
8817356	83332.Rv0030	40.0	14
8817547	83332.Rv0215c	40.0	56
8819015	83332.Rv1647	39.9	57
8820946	83332.Rv3525c	39.9	21
8820425	83332.Rv3018A	39.9	16
8819123	83332.Rv1754c	39.6	75
8819196	83332.Rv1828	39.6	35
8819429	83332.Rv2055c	39.6	13
8819993	83332.Rv2596	39.6	15
8817338	83332.Rv0012	39.5	35
8820895	83332.Rv3474	39.5	172
8819546	83332.Rv2168c	39.5	172
8819126	83332.Rv1757c	39.5	172
8819481	83332.Rv2105	39.5	172
8819661	83332.Rv2278	39.5	172
8819132	83332.Rv1763	39.5	172
8820216	83332.Rv2815c	39.5	172
8820801	83332.Rv3381c	39.5	172
8819875	83332.Rv2480c	39.5	172
8820745	83332.Rv3325	39.5	172
8818147	83332.Rv0795	39.5	172
8820595	83332.Rv3184	39.5	172
8820597	83332.Rv3186	39.5	172
8820047	83332.Rv2648	39.5	172
8819743	83332.Rv2354	39.5	172
8818732	83332.Rv1370c	39.5	172
8820647	83332.Rv3229c	39.4	54
8817843	83332.Rv0502	39.4	56
8820226	83332.Rv2825c	39.4	52
8819361	83332.Rv1989c	39.2	23
8817462	83332.Rv0133	39.2	28
8819218	83332.Rv1850	39.1	79
8821125	83332.Rv3701c	39.0	69
8819924	83332.Rv2529	39.0	78
8819926	83332.Rv2530c	39.0	14
8818519	83332.Rv1160	39.0	31
8818027	83332.Rv0680c	38.9	13
8818369	83332.Rv1016c	38.9	41
8818526	83332.Rv1167c	38.9	37
8819525	83332.Rv2148c	38.8	42
8819154	83332.Rv1785c	38.8	52
8821283	83332.Rv3855	38.7	54
8818914	83332.Rv1547	38.7	194
8819217	83332.Rv1849	38.7	18
8820367	83332.Rv2962c	38.7	79
8819369	83332.Rv1995	38.5	39
8819665	83332.Rv2282c	38.5	54
8820556	83332.Rv3145	38.4	12
8819543	83332.Rv2165c	38.4	49
8819542	83332.Rv2164c	38.4	31
8818772	83332.Rv1410c	38.4	61
8817819	83332.Rv0481c	38.4	34
8818300	83332.Rv0949	38.3	107
8820545	83332.Rv3135	38.2	24
8818788	83332.Rv1426c	38.1	72
8817549	83332.Rv0217c	38.1	38
8821126	83332.Rv3702c	38.1	39
8819421	83332.Rv2047c	38.1	116
8820829	83332.Rv3408	38.1	28
8819266	83332.Rv1897c	38.0	13
8818306	83332.Rv0955	38.0	29
8817763	83332.Rv0428c	37.9	55
8820709	83332.Rv3291c	37.8	25
8821260	83332.Rv3832c	37.8	22
8820007	83332.Rv2609c	37.7	56
8820248	83332.Rv2846c	37.6	46
8821092	83332.Rv3670	37.6	50
8818216	83332.Rv0864	37.6	25
8818928	83332.Rv1561	37.5	27
8817572	83332.Rv0239	37.5	11
8818870	83332.Rv1505c	37.4	29
8820009	83332.Rv2611c	37.3	36
8820069	83332.Rv2670c	37.2	53
8817646	83332.Rv0312	37.2	68
8820163	83332.Rv2763c	37.1	21
8819796	83332.Rv2404c	37.1	122
8818500	83332.Rv1142c	37.0	36
8817428	83332.Rv0099	37.0	54
8817512	83332.Rv0182c	37.0	55
8819353	83332.Rv1982A	36.9	11
8817832	83332.Rv0493c	36.9	54
8820893	83332.Rv3472	36.9	20
8819617	83332.Rv2237	36.8	45
8820195	83332.Rv2795c	36.8	44
8819935	83332.Rv2539c	36.8	28
8817972	83332.Rv0627	36.8	22
8821157	83332.Rv3731	36.8	44
8818387	83332.Rv1033c	36.7	34
8819206	83332.Rv1838c	36.7	23
8819401	83332.Rv2027c	36.6	105
8817355	83332.Rv0029	36.5	54
8821095	83332.Rv3673c	36.5	28
8819480	83332.Rv2104c	36.5	12
8819000	83332.Rv1633	36.5	94
8820672	83332.Rv3254	36.0	57
8819436	83332.Rv2062c	36.0	179
8821066	83332.Rv3644c	36.0	64
8819721	83332.Rv2332	36.0	73
8819191	83332.Rv1823	35.9	43
8817924	83332.Rv0582	35.8	9
8818464	83332.Rv1108c	35.8	60
8818119	83332.Rv0768	35.8	65
8817678	83332.Rv0344c	35.8	26
8818982	83332.Rv1615	35.8	16
8817465	83332.Rv0136	35.7	73
8820351	83332.Rv2946c	35.7	165
8820068	83332.Rv2669	35.5	16
8818841	83332.Rv1478	35.5	25
8819008	83332.Rv1640c	35.5	140
8820070	83332.Rv2671	35.4	48
8819795	83332.Rv2403c	35.4	26
8820948	83332.Rv3527	35.3	19
8819441	83332.Rv2066	35.2	65
8818244	83332.Rv0892	35.2	62
8818630	83332.Rv1271c	35.2	13
8820904	83332.Rv3483c	35.2	28
8817509	83332.Rv0179c	35.1	50
8820480	83332.Rv3071	35.0	48
8821001	83332.Rv3579c	34.8	29
8820296	83332.Rv2893	34.8	59
8818943	83332.Rv1576c	34.8	70
8820962	83332.Rv3541c	34.7	25
8818129	83332.Rv0778	34.7	53
8818956	83332.Rv1589	34.7	63
8819694	83332.Rv2307c	34.7	39
8821184	83332.Rv3758c	34.6	72
8820901	83332.Rv3480c	34.6	65
8818402	83332.Rv1048c	34.5	29
8817870	83332.Rv0529	34.5	31
8819911	83332.Rv2516c	34.5	44
8819382	83332.Rv2008c	34.4	78
8818367	83332.Rv1014c	34.4	28
8818515	83332.Rv1157c	34.4	16
8819477	83332.Rv2101	34.3	157
8819082	83332.Rv1713	34.1	51
8819949	83332.Rv2552c	34.1	24
8818531	83332.Rv1172c	34.1	20
8818648	83332.Rv1289	34.0	29
8819028	83332.Rv1660	34.0	63
8819508	83332.Rv2132	34.0	11
8818973	83332.Rv1606	33.9	15
8818467	83332.Rv1111c	33.8	37
8821067	83332.Rv3645	33.7	68
8820677	83332.Rv3259	33.7	16
8818535	83332.Rv1176c	33.7	28
8818160	83332.Rv0808	33.6	72
8819917	83332.Rv2522c	33.6	47
8820665	83332.Rv3247c	33.5	34
8817940	83332.Rv0597c	33.5	48
8818780	83332.Rv1418	33.4	19
8819996	83332.Rv2599	33.3	11
8821322	83332.Rv3894c	33.3	166
8819459	83332.Rv2083	33.2	9
8818621	83332.Rv1262c	33.2	23
8821344	83332.Rv3916c	33.2	31
8820414	83332.Rv3007c	33.2	13
8820726	83332.Rv3308	33.1	66
8821069	83332.Rv3647c	33.0	27
8820986	83332.Rv3565	33.0	50
8817891	83332.Rv0549c	33.0	21
8818135	83332.Rv0784	33.0	32
8820827	83332.Rv3406	32.7	32
8820341	83332.Rv2937	32.7	35
8817349	83332.Rv0023	32.6	46
8817498	83332.Rv0168	32.6	17
8820944	83332.Rv3523	32.5	47
8817881	83332.Rv0539	32.4	22
8820826	83332.Rv3405c	32.4	26
8820088	83332.Rv2689c	32.4	47
8819390	83332.Rv2016	32.2	29
8817750	83332.Rv0415	32.2	44
8818470	83332.Rv1114	32.2	15
8820317	83332.Rv2914c	32.1	61
8820778	83332.Rv3358	32.1	8
8818566	83332.Rv1207	32.1	42
8818936	83332.Rv1569	32.0	41
8820998	83332.Rv3576	32.0	18
8817802	83332.Rv0465c	32.0	67
8819064	83332.Rv1696	31.9	69
8819393	83332.Rv2019	31.8	20
8818549	83332.Rv1190	31.7	27
8819079	83332.Rv1710	31.7	33
8819185	83332.Rv1817	31.6	53
8817416	83332.Rv0087	31.6	37
8819774	83332.Rv2385	31.5	28
8818271	83332.Rv0919	31.5	19
8818130	83332.Rv0779c	31.4	13
8819737	83332.Rv2348c	31.4	7
8821174	83332.Rv3748	31.3	21
8817939	83332.Rv0596c	31.3	10
8820148	83332.Rv2748c	31.2	95
8817589	83332.Rv0256c	31.1	13
8820147	83332.Rv2747	31.1	20
8818608	83332.Rv1249c	31.0	21
8818133	83332.Rv0782	30.9	69
8817552	83332.Rv0220	30.9	39
8817436	83332.Rv0107c	30.9	179
8818114	83332.Rv0763c	30.8	11
8819364	83332.Rv1991A	30.8	11
8819105	83332.Rv1736c	30.7	76
8820039	83332.Rv2640c	30.6	8
8819359	83332.Rv1987	30.5	27
8818681	83332.Rv1321	30.5	30
8820256	83332.Rv2854	30.5	51
8821313	83332.Rv3885c	30.4	71
8817528	83332.Rv0196	30.4	24
8819956	83332.Rv2559c	30.3	56
8821191	83332.Rv3765c	30.3	31
8820961	83332.Rv3540c	30.2	38
8820920	83332.Rv3499c	30.1	37
8821245	83332.Rv3817	30.1	44
8820591	83332.Rv3180c	30.1	14
8820531	83332.Rv3121	30.0	33
8818489	83332.Rv1132	30.0	67
8818532	83332.Rv1173	30.0	112
8820503	83332.Rv3094c	29.9	55
8819805	83332.Rv2413c	29.8	44
8818239	83332.Rv0887c	29.6	21
8820502	83332.Rv3093c	29.5	29
8821325	83332.Rv3897c	29.5	13
8820754	83332.Rv3334	29.5	12
8819225	83332.Rv1857	29.5	19
8817884	83332.Rv0542c	29.5	45
8819740	83332.Rv2351c	29.4	54
8819519	83332.Rv2142c	29.4	16
8821351	83332.Rv3923c	29.3	10
8818791	83332.Rv1429	29.3	52
8820049	83332.Rv2650c	29.3	63
8819757	83332.Rv2368c	29.3	42
8820108	83332.Rv2709	29.3	8
8820939	83332.Rv3518c	29.2	57
8820202	83332.Rv2801c	29.2	13
8818175	83332.Rv0823c	29.1	50
8820971	83332.Rv3550	29.1	22
8819596	83332.Rv2218	29.1	33
8819365	83332.Rv1991c	29.1	13
8818899	83332.Rv1532c	29.0	16
8818164	83332.Rv0812	29.0	49
8819207	83332.Rv1839c	29.0	8
8819750	83332.Rv2361c	29.0	25
8820389	83332.Rv2983	28.9	22
8817952	83332.Rv0609	28.9	18
8820643	83332.Rv3225c	28.9	58
8818235	83332.Rv0883c	28.8	32
8820571	83332.Rv3160c	28.7	27
8820786	83332.Rv3366	28.6	18
8818154	83332.Rv0802c	28.6	30
8821151	83332.Rv3725	28.6	38
8818326	83332.Rv0974c	28.6	57
8818977	83332.Rv1610	28.5	32
8818581	83332.Rv1222	28.5	20
8818650	83332.Rv1290c	28.4	25
8819753	83332.Rv2364c	28.4	30
8818375	83332.Rv1022	28.4	27
8817929	83332.Rv0587	28.4	24
8818144	83332.Rv0792c	28.3	18
8818327	83332.Rv0975c	28.3	31
8817971	83332.Rv0626	28.3	5
8817898	83332.Rv0556	28.2	18
8818589	83332.Rv1230c	28.1	18
8820496	83332.Rv3087	28.1	54
8818037	83332.Rv0690c	28.1	35
8819311	83332.Rv1942c	28.1	16
8819769	83332.Rv2380c	28.1	173
8820965	83332.Rv3544c	28.1	21
8820943	83332.Rv3522	28.0	43
8819155	83332.Rv1786	27.9	3
8817757	83332.Rv0422c	27.8	30
8818584	83332.Rv1225c	27.7	23
8820676	83332.Rv3258c	27.6	13
8820303	83332.Rv2900c	27.5	91
8819557	83332.Rv2179c	27.4	18
8821116	83332.Rv3693	27.4	57
8819562	83332.Rv2184c	27.4	47
8819138	83332.Rv1768	27.3	5
8820274	83332.Rv2871	27.3	3
8817329	83332.Rv0003	27.2	47
8820815	83332.Rv3395A	27.1	15
8820362	83332.Rv2957	27.1	33
8820993	83332.Rv3571	27.1	39
8820297	83332.Rv2894c	27.0	31
8818357	83332.Rv1004c	27.0	5
8819430	83332.Rv2056c	27.0	4
8820584	83332.Rv3173c	27.0	14
8817673	83332.Rv0339c	26.8	58
8819566	83332.Rv2188c	26.8	36
8818078	83332.Rv0729	26.6	37
8818612	83332.Rv1253	26.6	65
8820984	83332.Rv3563	26.6	41
8819908	83332.Rv2513	26.6	16
8820599	83332.Rv3188	26.6	13
8820252	83332.Rv2850c	26.6	60
8820795	83332.Rv3375	26.6	51
8819366	83332.Rv1992c	26.5	41
8818511	83332.Rv1153c	26.5	19
8818416	83332.Rv1062	26.4	24
8819119	83332.Rv1750c	26.4	62
8820429	83332.Rv3022A	26.3	16
8820613	83332.Rv3198c	26.3	73
8818706	83332.Rv1345	26.3	41
8821099	83332.Rv3677c	26.3	28
8820934	83332.Rv3513c	26.2	50
8821347	83332.Rv3919c	26.2	21
8819312	83332.Rv1943c	26.2	17
8819464	83332.Rv2088	26.1	52
8820592	83332.Rv3181c	26.0	16
8817628	83332.Rv0294	25.9	31
8819371	83332.Rv1997	25.8	85
8819686	83332.Rv2303c	25.7	40
8818786	83332.Rv1424c	25.5	17
8818289	83332.Rv0937c	25.5	36
8818342	83332.Rv0989c	25.4	40
8819329	83332.Rv1959c	25.4	8
8818755	83332.Rv1393c	25.3	40
8817394	83332.Rv0067c	25.2	18
8818835	83332.Rv1473	25.2	60
8819478	83332.Rv2102	25.1	21
8819991	83332.Rv2594c	25.0	14
8819669	83332.Rv2286c	24.9	18
8817831	83332.Rv0492c	24.9	48
8818876	83332.Rv1509	24.9	21
8818691	83332.Rv1330c	24.9	40
8819799	83332.Rv2407	24.8	25
8820921	83332.Rv3500c	24.7	14
8819383	83332.Rv2009	24.6	12
8820614	83332.Rv3199c	24.6	33
8819391	83332.Rv2017	24.4	27
8817411	83332.Rv0082	24.4	15
8819259	83332.Rv1890c	24.4	15
8818252	83332.Rv0900	24.3	5
8821264	83332.Rv3836	24.2	11
8817657	83332.Rv0323c	24.2	19
8817467	83332.Rv0138	24.2	12
8817588	83332.Rv0255c	24.2	62
8820514	83332.Rv3104c	24.1	31
8818335	83332.Rv0982	24.1	49
8819492	83332.Rv2116	24.0	24
8818200	83332.Rv0848	24.0	35
8817811	83332.Rv0473	24.0	49
8818891	83332.Rv1524	23.8	47
8821178	83332.Rv3752c	23.7	21
8820678	83332.Rv3260c	23.5	11
8820124	83332.Rv2725c	23.5	49
8817968	83332.Rv0623	23.5	5
8820942	83332.Rv3521	23.5	12
8818191	83332.Rv0839	23.5	26
8821139	83332.Rv3714c	23.4	16
8819852	83332.Rv2458	23.4	29
8819334	83332.Rv1963c	23.3	44
8821212	83332.Rv3784	23.3	27
8817828	83332.Rv0490	23.3	40
8819368	83332.Rv1994c	23.3	17
8821233	83332.Rv3805c	23.3	65
8820905	83332.Rv3484	23.3	37
8818498	83332.Rv1140	23.2	24
8821315	83332.Rv3887c	23.2	34
8818237	83332.Rv0885	23.2	40
8818116	83332.Rv0765c	23.1	20
8820951	83332.Rv3530c	23.0	24
8817879	83332.Rv0537c	23.0	26
8820287	83332.Rv2884	23.0	22
8821109	83332.Rv3686c	23.0	4
8817447	83332.Rv0118c	22.9	67
8817565	83332.Rv0233	22.9	36
8817719	83332.Rv0385	22.8	27
8817776	83332.Rv0441c	22.8	19
8817573	83332.Rv0240	22.7	16
8820913	83332.Rv3492c	22.7	14
8817869	83332.Rv0528	22.6	39
8819069	83332.Rv1701	22.6	36
8818992	83332.Rv1625c	22.6	31
8819889	83332.Rv2494	22.5	19
8817620	83332.Rv0286	22.4	15
8819999	83332.Rv2601A	22.4	10
8818953	83332.Rv1586c	22.3	39
8820833	83332.Rv3412	22.3	13
8820978	83332.Rv3557c	22.2	15
8817714	83332.Rv0380c	22.2	19
8818987	83332.Rv1620c	22.1	39
8817474	83332.Rv0145	22.1	45
8818075	83332.Rv0726c	22.0	45
8820182	83332.Rv2782c	22.0	40
8820228	83332.Rv2827c	22.0	23
8819559	83332.Rv2181	21.9	25
8821084	83332.Rv3662c	21.9	19
8820663	83332.Rv3245c	21.9	46
8818044	83332.Rv0696	21.7	47
8819055	83332.Rv1687c	21.7	33
8821243	83332.Rv3815c	21.5	21
8819834	83332.Rv2440c	21.5	36
8817969	83332.Rv0624	21.3	17
8820794	83332.Rv3374	21.3	7
8819305	83332.Rv1936	21.3	25
8818614	83332.Rv1255c	21.3	12
8821306	83332.Rv3878	21.2	12
8820066	83332.Rv2667	21.2	11
8818006	83332.Rv0659c	21.1	9
8818930	83332.Rv1563c	21.1	48
8819036	83332.Rv1668c	21.1	26
8821207	83332.Rv3779	21.1	47
8820602	83332.Rv3190c	20.9	34
8820438	83332.Rv3030	20.9	23
8819533	83332.Rv2156c	20.9	37
8820841	83332.Rv3420c	20.8	15
8821156	83332.Rv3730c	20.8	31
8819776	83332.Rv2387	20.7	21
8818883	83332.Rv1516c	20.6	35
8818576	83332.Rv1217c	20.5	38
8817457	83332.Rv0128	20.5	9
8820819	83332.Rv3398c	20.5	21
8818679	83332.Rv1319c	20.4	28
8821305	83332.Rv3877	20.4	26
8818580	83332.Rv1221	20.4	24
8819772	83332.Rv2383c	20.3	104
8819850	83332.Rv2456c	20.3	13
8820714	83332.Rv3296	20.3	111
8818472	83332.Rv1116	20.3	2
8819247	83332.Rv1879	20.2	27
8820342	83332.Rv2938	20.2	12
8819738	83332.Rv2349c	20.2	40
8818769	83332.Rv1407	20.2	45
8820371	83332.Rv2966c	20.1	13
8819056	83332.Rv1688	20.1	16
8820758	83332.Rv3338	20.1	22
8820489	83332.Rv3080c	20.0	98
8820485	83332.Rv3076	20.0	18
8819236	83332.Rv1868	20.0	49
8818297	83332.Rv0945	19.8	19
8818727	83332.Rv1366	19.8	19
8820439	83332.Rv3031	19.8	37
8817976	83332.Rv0631c	19.7	85
8817860	83332.Rv0519c	19.6	13
8820036	83332.Rv2637	19.6	13
8820958	83332.Rv3537	19.6	39
8817715	83332.Rv0381c	19.5	15
8819143	83332.Rv1773c	19.5	22
8818848	83332.Rv1485	19.5	21
8817938	83332.Rv0595c	19.5	13
8819111	83332.Rv1742	19.5	27
8819615	83332.Rv2235	19.4	14
8820310	83332.Rv2907c	19.3	8
8821132	83332.Rv3707c	19.2	20
8817769	83332.Rv0434	19.2	19
8820035	83332.Rv2636	19.2	16
8818779	83332.Rv1417	19.2	10
8818575	83332.Rv1216c	19.2	10
8817909	83332.Rv0567	19.1	25
8818098	83332.Rv0749	19.0	12
8820667	83332.Rv3249c	18.9	22
8819777	83332.Rv2388c	18.8	23
8820490	83332.Rv3081	18.8	25
8820501	83332.Rv3092c	18.8	16
8817441	83332.Rv0112	18.8	24
8817975	83332.Rv0630c	18.7	81
8819756	83332.Rv2367c	18.6	10
8820156	83332.Rv2756c	18.5	44
8819613	83332.Rv2232	18.5	22
8820204	83332.Rv2803	18.4	7
8819202	83332.Rv1834	18.3	13
8820221	83332.Rv2820c	18.3	16
8820590	83332.Rv3179	18.3	31
8819501	83332.Rv2125	18.1	8
8820668	83332.Rv3250c	18.1	9
8820661	83332.Rv3243c	18.1	20
8818440	83332.Rv1086	18.0	17
8819092	83332.Rv1723	18.0	23
8820232	83332.Rv2830c	18.0	7
8820423	83332.Rv3016	17.9	14
8818578	83332.Rv1219c	17.9	19
8818208	83332.Rv0856	17.9	12
8821011	83332.Rv3589	17.9	31
8820964	83332.Rv3543c	17.9	22
8819221	83332.Rv1853	17.9	9
8819046	83332.Rv1678	17.8	11
8820975	83332.Rv3554	17.7	52
8820735	83332.Rv3316	17.7	10
8818522	83332.Rv1163	17.6	20
8819775	83332.Rv2386c	17.6	25
8820000	83332.Rv2602	17.6	13
8819034	83332.Rv1666c	17.5	25
8818351	83332.Rv0998	17.5	27
8821128	83332.Rv3704c	17.5	20
8818192	83332.Rv0840c	17.4	22
8817692	83332.Rv0358	17.3	8
8819439	83332.Rv2064	17.3	24
8821085	83332.Rv3663c	17.2	34
8818678	83332.Rv1318c	17.2	37
8819317	83332.Rv1948c	17.2	7
8818399	83332.Rv1045	17.2	15
8818220	83332.Rv0868c	17.1	7
8818227	83332.Rv0875c	17.0	13
8820235	83332.Rv2833c	16.9	17
8819509	83332.Rv2133c	16.9	14
8820270	83332.Rv2867c	16.8	21
8817602	83332.Rv0269c	16.8	18
8818861	83332.Rv1497	16.8	22
8819076	83332.Rv1707	16.8	16
8818563	83332.Rv1204c	16.7	42
8819386	83332.Rv2012	16.7	12
8820491	83332.Rv3082c	16.7	26
8819330	83332.Rv1960c	16.6	5
8818290	83332.Rv0938	16.6	41
8820581	83332.Rv3170	16.6	27
8820158	83332.Rv2758c	16.6	6
8818794	83332.Rv1432	16.5	20
8818893	83332.Rv1526c	16.5	32
8818725	83332.Rv1364c	16.4	46
8818708	83332.Rv1347c	16.4	15
8818793	83332.Rv1431	16.4	39
8820106	83332.Rv2707	16.4	11
8818867	83332.Rv1502	16.3	21
8820063	83332.Rv2664	16.3	5
8818249	83332.Rv0897c	16.2	33
8818179	83332.Rv0827c	16.2	8
8821182	83332.Rv3756c	16.2	11
8819149	83332.Rv1779c	16.2	35
8817838	83332.Rv0499	16.0	19
8818947	83332.Rv1580c	16.0	6
8818086	83332.Rv0737	15.9	8
8817361	83332.Rv0035	15.9	39
8817611	83332.Rv0277c	15.9	11
8818288	83332.Rv0936	15.9	12
8820981	83332.Rv3560c	15.8	28
8817915	83332.Rv0573c	15.8	29
8817903	83332.Rv0561c	15.8	24
8819407	83332.Rv2033c	15.8	19
8821275	83332.Rv3847	15.8	9
8817614	83332.Rv0280	15.8	12
8819096	83332.Rv1727	15.7	6
8819944	83332.Rv2548	15.7	8
8821159	83332.Rv3733c	15.6	9
8819209	83332.Rv1841c	15.6	21
8818919	83332.Rv1552	15.5	34
8819612	83332.Rv2231c	15.5	28
8819354	83332.Rv1982c	15.5	5
8820440	83332.Rv3032	15.5	22
8821188	83332.Rv3762c	15.4	39
8818197	83332.Rv0845	15.4	29
8819767	83332.Rv2378c	15.4	26
8818000	83332.Rv0653c	15.3	17
8820950	83332.Rv3529c	15.3	28
8818642	83332.Rv1283c	15.2	22
8819203	83332.Rv1835c	15.1	34
8818569	83332.Rv1210	15.1	13
8818672	83332.Rv1312	15.1	11
8820995	83332.Rv3573c	15.0	45
8820780	83332.Rv3360	15.0	11
8819943	83332.Rv2547	14.9	2
8818916	83332.Rv1549	14.9	13
8818219	83332.Rv0867c	14.8	7
8819415	83332.Rv2041c	14.8	29
8819701	83332.Rv2313c	14.8	20
8819396	83332.Rv2022c	14.7	23
8819210	83332.Rv1842c	14.6	26
8820017	83332.Rv2618	14.5	9
8820305	83332.Rv2902c	14.5	14
8817427	83332.Rv0098	14.4	9
8819646	83332.Rv2264c	14.3	17
8819614	83332.Rv2234	14.3	9
8820227	83332.Rv2826c	14.3	16
8821317	83332.Rv3889c	14.2	17
8818988	83332.Rv1621c	14.2	30
8817914	83332.Rv0572c	14.2	7
8820132	83332.Rv2733c	14.1	29
8817609	83332.Rv0276	14.1	18
8817700	83332.Rv0366c	14.1	12
8819042	83332.Rv1674c	14.1	15
8818974	83332.Rv1607	14.0	13
8819725	83332.Rv2336	14.0	23
8817352	83332.Rv0026	13.9	20
8818547	83332.Rv1188	13.9	21
8817734	83332.Rv0399c	13.9	14
8819568	83332.Rv2190c	13.9	12
8818377	83332.Rv1024	13.8	10
8820970	83332.Rv3549c	13.8	10
8820471	83332.Rv3062	13.8	32
8818380	83332.Rv1027c	13.8	18
8818245	83332.Rv0893c	13.8	37
8819900	83332.Rv2505c	13.7	28
8819310	83332.Rv1941	13.7	8
8820567	83332.Rv3156	13.7	35
8820315	83332.Rv2912c	13.7	12
8820231	83332.Rv2829c	13.7	5
8820159	83332.Rv2759c	13.7	8
8819029	83332.Rv1661	13.6	114
8820201	83332.Rv2801A	13.6	5
8819059	83332.Rv1691	13.6	13
8820225	83332.Rv2824c	13.6	16
8819503	83332.Rv2127	13.6	25
8820783	83332.Rv3363c	13.5	8
8817760	83332.Rv0425c	13.5	56
8820808	83332.Rv3388	13.5	3
8819540	83332.Rv2162c	13.5	3
8817422	83332.Rv0093c	13.5	14
8820594	83332.Rv3183	13.4	3
8817936	83332.Rv0593	13.3	41
8821121	83332.Rv3697c	13.3	6
8818837	83332.Rv1474c	13.3	9
8821155	83332.Rv3729	13.3	43
8820945	83332.Rv3524	13.2	11
8821162	83332.Rv3736	13.2	16
8818920	83332.Rv1553	13.2	12
8817432	83332.Rv0103c	13.2	34
8820952	83332.Rv3531c	13.1	13
8819718	83332.Rv2330c	13.1	7
8820575	83332.Rv3164c	13.1	20
8821190	83332.Rv3764c	13.1	21
8820089	83332.Rv2690c	13.1	29
8821288	83332.Rv3860	13.0	22
8818311	83332.Rv0959A	12.9	4
8820126	83332.Rv2727c	12.9	18
8817429	83332.Rv0100	12.9	4
8820103	83332.Rv2704	12.9	8
8818486	83332.Rv1129c	12.9	25
8820922	83332.Rv3501c	12.8	11
8818496	83332.Rv1138c	12.7	16
8819726	83332.Rv2337c	12.7	12
8819325	83332.Rv1955	12.7	5
8819970	83332.Rv2573	12.7	11
8820179	83332.Rv2779c	12.7	7
8820619	83332.Rv3204	12.7	7
8819761	83332.Rv2372c	12.6	12
8817847	83332.Rv0506	12.6	11
8820250	83332.Rv2848c	12.6	20
8817663	83332.Rv0329c	12.5	10
8820568	83332.Rv3157	12.5	32
8817907	83332.Rv0565c	12.5	26
8820030	83332.Rv2631	12.5	10
8817421	83332.Rv0092	12.5	38
8818310	83332.Rv0959	12.4	22
8817954	83332.Rv0610c	12.4	15
8818312	83332.Rv0960	12.3	8
8818348	83332.Rv0995	12.3	8
8819445	83332.Rv2070c	12.3	15
8818764	83332.Rv1402	12.2	29
8819098	83332.Rv1729c	12.2	23
8817430	83332.Rv0101	12.2	130
8819815	83332.Rv2423	12.1	23
8820251	83332.Rv2849c	12.1	16
8818918	83332.Rv1551	12.1	23
8819419	83332.Rv2045c	12.0	22
8818822	83332.Rv1460	12.0	10
8817669	83332.Rv0335c	12.0	3
8818690	83332.Rv1329c	12.0	39
8821035	83332.Rv3613c	11.8	3
8818523	83332.Rv1164	11.8	15
8820989	83332.Rv3567c	11.8	5
8820157	83332.Rv2757c	11.8	4
8817587	83332.Rv0254c	11.7	6
8819858	83332.Rv2464c	11.7	11
8820818	83332.Rv3397c	11.6	9
8817645	83332.Rv0311	11.6	18
8819099	83332.Rv1730c	11.6	31
8820802	83332.Rv3382c	11.5	14
8820328	83332.Rv2924c	11.5	15
8821186	83332.Rv3760	11.5	5
8820835	83332.Rv3414c	11.5	12
8817916	83332.Rv0574c	11.4	19
8818260	83332.Rv0908	11.4	35
8818093	83332.Rv0744c	11.4	6
8821047	83332.Rv3625c	11.4	16
8819928	83332.Rv2532c	11.3	4
8820242	83332.Rv2840c	11.3	7
8820145	83332.Rv2745c	11.3	5
8818484	83332.Rv1127c	11.3	24
8818821	83332.Rv1459c	11.3	31
8819298	83332.Rv1929c	11.3	11
8820027	83332.Rv2628	11.2	8
8817833	83332.Rv0494	11.2	10
8820578	83332.Rv3167c	11.1	6
8820380	83332.Rv2974c	11.1	22
8817796	83332.Rv0459	11.1	9
8818142	83332.Rv0790c	11.1	11
8820747	83332.Rv3327	11.0	24
8819190	83332.Rv1822	11.0	7
8819659	83332.Rv2276	10.9	21
8819939	83332.Rv2543	10.8	14
8820428	83332.Rv3020c	10.8	16
8817963	83332.Rv0618	10.8	9
8820781	83332.Rv3361c	10.7	7
8819062	83332.Rv1694	10.6	12
8818813	83332.Rv1451	10.6	5
8818782	83332.Rv1420	10.4	27
8818259	83332.Rv0907	10.3	19
8821108	83332.Rv3685c	10.3	21
8819398	83332.Rv2024c	10.2	23
8820593	83332.Rv3182	10.2	15
8821127	83332.Rv3703c	10.2	16
8820475	83332.Rv3066	10.2	8
8820973	83332.Rv3552	10.2	15
8819347	83332.Rv1976c	10.1	6
8817495	83332.Rv0165c	10.1	10
8818677	83332.Rv1317c	10.1	19
8817363	83332.Rv0037c	10.1	13
8818586	83332.Rv1227c	10.0	4
8818156	83332.Rv0804	10.0	10
8819093	83332.Rv1724c	10.0	7
8819151	83332.Rv1781c	9.93	28
8818596	83332.Rv1237	9.83	9
8821136	83332.Rv3711c	9.82	14
8819866	83332.Rv2471	9.78	12
8818045	83332.Rv0697	9.75	18
8819072	83332.Rv1704c	9.75	14
8820706	83332.Rv3288c	9.74	3
8819012	83332.Rv1644	9.74	11
8817343	83332.Rv0017c	9.7	17
8819788	83332.Rv2397c	9.62	13
8819844	83332.Rv2450c	9.55	2
8820843	83332.Rv3422c	9.5	6
8818132	83332.Rv0781	9.46	9
8819124	83332.Rv1755c	9.4	19
8820797	83332.Rv3377c	9.39	20
8817787	83332.Rv0452	9.3	13
8818567	83332.Rv1208	9.29	9
8819728	83332.Rv2339	9.2	45
8820974	83332.Rv3553	9.18	9
8818709	83332.Rv1348	9.09	30
8818386	83332.Rv1032c	9.07	34
8818203	83332.Rv0851c	9.07	11
8817823	83332.Rv0485	9.02	14
8818735	83332.Rv1373	9.0	14
8818564	83332.Rv1205	9.0	8
8820265	83332.Rv2862c	8.99	8
8818158	83332.Rv0806c	8.98	20
8819716	83332.Rv2328	8.93	4
8817419	83332.Rv0090	8.93	12
8818710	83332.Rv1349	8.91	15
8818238	83332.Rv0886	8.79	18
8819129	83332.Rv1760	8.76	16
8818971	83332.Rv1604	8.75	7
8818686	83332.Rv1325c	8.73	3
8821250	83332.Rv3822	8.66	7
8820811	83332.Rv3391	8.65	24
8819114	83332.Rv1745c	8.65	7
8818636	83332.Rv1277	8.59	15
8817974	83332.Rv0629c	8.59	25
8818482	83332.Rv1125	8.59	11
8820051	83332.Rv2652c	8.48	7
8818115	83332.Rv0764c	8.45	17
8818945	83332.Rv1578c	8.44	5
8818174	83332.Rv0822c	8.43	23
8817720	83332.Rv0386	8.4	38
8819495	83332.Rv2119	8.38	7
8818041	83332.Rv0693	8.37	9
8820400	83332.Rv2994	8.34	7
8818273	83332.Rv0921	8.34	6
8818228	83332.Rv0876c	8.32	11
8820757	83332.Rv3337	8.3	5
8819227	83332.Rv1859	8.29	11
8819558	83332.Rv2180c	8.28	7
8819782	83332.Rv2393	8.25	9
8817965	83332.Rv0620	8.19	11
8817964	83332.Rv0619	8.19	8
8819946	83332.Rv2549c	8.17	5
8820670	83332.Rv3252c	8.17	11
8819423	83332.Rv2049c	8.12	2
8817740	83332.Rv0405	8.11	34
8817882	83332.Rv0540	8.11	9
8819770	83332.Rv2381c	8.01	20
8819712	83332.Rv2324	8.0	5
8818118	83332.Rv0767c	7.97	8
8819446	83332.Rv2071c	7.96	7
8818802	83332.Rv1440	7.96	2
8818571	83332.Rv1212c	7.88	10
8821312	83332.Rv3884c	7.82	15
8818362	83332.Rv1009	7.79	11
8820196	83332.Rv2796c	7.79	10
8820813	83332.Rv3393	7.77	9
8818506	83332.Rv1148c	7.72	27
8820042	83332.Rv2643	7.71	11
8820982	83332.Rv3561	7.69	14
8819817	83332.Rv2425c	7.67	14
8818077	83332.Rv0728c	7.6	7
8818527	83332.Rv1168c	7.58	5
8820087	83332.Rv2688c	7.58	8
8820656	83332.Rv3238c	7.56	7
8820275	83332.Rv2872	7.49	4
8821259	83332.Rv3831	7.45	3
8817536	83332.Rv0204c	7.45	5
8818917	83332.Rv1550	7.42	20
8820842	83332.Rv3421c	7.41	6
8818385	83332.Rv1031	7.38	2
8819357	83332.Rv1985c	7.37	8
8817442	83332.Rv0113	7.36	3
8817701	83332.Rv0367c	7.36	5
8818902	83332.Rv1535	7.31	2
8819043	83332.Rv1675c	7.3	7
8817375	83332.Rv0049	7.25	4
8820412	83332.Rv3005c	7.23	6
8818795	83332.Rv1433	7.21	7
8821258	83332.Rv3830c	7.21	7
8821117	83332.Rv3694c	7.2	9
8819959	83332.Rv2562	7.2	3
8820134	83332.Rv2735c	7.2	10
8818836	83332.Rv1473A	7.2	1
8818270	83332.Rv0918	7.18	3
8820282	83332.Rv2879c	7.1	5
8820234	83332.Rv2832c	7.08	10
8821350	83332.Rv3922c	7.08	3
8820203	83332.Rv2802c	7.0	9
8820172	83332.Rv2772c	6.94	6
8817464	83332.Rv0135c	6.92	9
8821220	83332.Rv3792	6.9	18
8821211	83332.Rv3783	6.85	11
8818542	83332.Rv1183	6.78	24
8817636	83332.Rv0302	6.75	7
8820963	83332.Rv3542c	6.75	11
8820302	83332.Rv2899c	6.75	8
8819771	83332.Rv2382c	6.74	8
8819001	83332.Rv1634	6.74	6
8819768	83332.Rv2379c	6.73	36
8818084	83332.Rv0735	6.7	5
8820245	83332.Rv2843	6.69	2
8818355	83332.Rv1002c	6.63	11
8818767	83332.Rv1405c	6.6	8
8817680	83332.Rv0346c	6.6	14
8819241	83332.Rv1873	6.56	3
8820907	83332.Rv3486	6.52	4
8818637	83332.Rv1278	6.51	29
8817558	83332.Rv0226c	6.51	12
8819759	83332.Rv2370c	6.48	9
8819707	83332.Rv2319c	6.47	7
8819032	83332.Rv1664	6.46	22
8817659	83332.Rv0325	6.41	2
8821122	83332.Rv3698	6.37	10
8818126	83332.Rv0775	6.3	5
8820731	83332.Rv3312c	6.28	11
8819142	83332.Rv1772	6.27	4
8818039	83332.Rv0691c	6.21	3
8820053	83332.Rv2654c	6.21	6
8818865	83332.Rv1500	6.18	9
8819314	83332.Rv1945	6.18	21
8817711	83332.Rv0377	6.09	11
8818545	83332.Rv1186c	6.07	17
8818763	83332.Rv1401	6.05	4
8821054	83332.Rv3632	6.05	4
8821163	83332.Rv3737	6.04	5
8820960	83332.Rv3539	6.03	4
8817930	83332.Rv0588	6.03	7
8821213	83332.Rv3785	6.02	8
8820058	83332.Rv2659c	6.02	9
8818610	83332.Rv1251c	5.97	25
8817876	83332.Rv0534c	5.94	3
8820210	83332.Rv2809	5.93	2
8820368	83332.Rv2963	5.93	5
8817973	83332.Rv0628c	5.88	11
8819883	83332.Rv2488c	5.86	22
8820549	83332.Rv3138	5.81	9
8820798	83332.Rv3378c	5.81	10
8818382	83332.Rv1028c	5.78	23
8818221	83332.Rv0869c	5.78	7
8818505	83332.Rv1147	5.74	6
8820492	83332.Rv3083	5.72	11
8820321	83332.Rv2918c	5.71	21
8817917	83332.Rv0575c	5.69	8
8818435	83332.Rv1081c	5.66	3
8820396	83332.Rv2990c	5.66	6
8820873	83332.Rv3452	5.61	5
8820446	83332.Rv3037c	5.56	9
8817439	83332.Rv0110	5.55	4
8819264	83332.Rv1895	5.54	9
8818631	83332.Rv1272c	5.52	12
8819914	83332.Rv2519	5.51	2
8818141	83332.Rv0789c	5.49	3
8818157	83332.Rv0805	5.49	4
8821016	83332.Rv3594	5.45	4
8819713	83332.Rv2325c	5.42	7
8820856	83332.Rv3435c	5.42	6
8820505	83332.Rv3096	5.4	10
8821249	83332.Rv3821	5.37	3
8820016	83332.Rv2617c	5.36	3
8817931	83332.Rv0589	5.3	26
8819901	83332.Rv2506	5.29	5
8819912	83332.Rv2517c	5.28	2
8818341	83332.Rv0988	5.27	9
8820836	83332.Rv3415c	5.24	9
8820464	83332.Rv3055	5.23	3
8818340	83332.Rv0987	5.22	13
8817472	83332.Rv0143c	5.21	11
8820600	83332.Rv3189	5.2	4
8818018	83332.Rv0671	5.19	7
8820268	83332.Rv2865	5.18	2
8820313	83332.Rv2910c	5.17	6
8820280	83332.Rv2877c	5.17	4
8820695	83332.Rv3277	5.12	6
8818868	83332.Rv1503c	5.11	3
8818396	83332.Rv1042c	5.04	6
8818507	83332.Rv1149	5.04	6
8819547	83332.Rv2169c	5.04	2
8818040	83332.Rv0692	5.01	2
8821027	83332.Rv3605c	4.96	3
8819172	83332.Rv1804c	4.96	2
8817556	83332.Rv0224c	4.92	4
8819410	83332.Rv2036	4.89	3
8817661	83332.Rv0327c	4.83	6
8819583	83332.Rv2205c	4.82	5
8818398	83332.Rv1044	4.81	3
8817721	83332.Rv0387c	4.8	1
8819408	83332.Rv2034	4.74	2
8819282	83332.Rv1913	4.68	4
8817997	83332.Rv0650	4.64	8
8817451	83332.Rv0122	4.64	2
8819658	83332.Rv2275	4.64	3
8821326	83332.Rv3898c	4.62	1
8820386	83332.Rv2980	4.58	5
8817886	83332.Rv0544c	4.55	3
8818281	83332.Rv0929	4.54	4
8820019	83332.Rv2620c	4.52	4
8817710	83332.Rv0376c	4.51	9
8821215	83332.Rv3787c	4.49	7
8819967	83332.Rv2570	4.49	2
8818641	83332.Rv1282c	4.48	2
8818480	83332.Rv1123c	4.47	7
8818887	83332.Rv1520	4.45	7
8819094	83332.Rv1725c	4.44	4
8819145	83332.Rv1775	4.41	4
8819078	83332.Rv1709	4.41	5
8820133	83332.Rv2734	4.4	6
8821007	83332.Rv3585	4.38	8
8818301	83332.Rv0950c	4.38	3
8818397	83332.Rv1043c	4.37	5
8817664	83332.Rv0330c	4.36	4
8817431	83332.Rv0102	4.36	8
8820494	83332.Rv3085	4.29	5
8820715	83332.Rv3297	4.29	4
8817693	83332.Rv0359	4.25	3
8817771	83332.Rv0436c	4.25	4
8817330	83332.Rv0004	4.24	3
8819399	83332.Rv2025c	4.22	4
8820625	83332.Rv3209	4.21	3
8820753	83332.Rv3333c	4.19	4
8818733	83332.Rv1371	4.17	6
8818117	83332.Rv0766c	4.15	11
8818952	83332.Rv1585c	4.14	3
8819257	83332.Rv1888c	4.13	3
8820424	83332.Rv3017c	4.12	2
8820378	83332.Rv2972c	4.11	4
8821261	83332.Rv3833	4.11	5
8820176	83332.Rv2776c	4.1	6
8817537	83332.Rv0205	4.06	5
8818662	83332.Rv1302	4.04	8
8820037	83332.Rv2638	4.04	3
8820044	83332.Rv2645	3.98	2
8817544	83332.Rv0212c	3.96	6
8819910	83332.Rv2515c	3.92	8
8820020	83332.Rv2621c	3.91	2
8820269	83332.Rv2866	3.9	1
8818127	83332.Rv0776c	3.9	5
8820320	83332.Rv2917	3.87	10
8818929	83332.Rv1562c	3.87	8
8821120	83332.Rv3697A	3.85	1
8820283	83332.Rv2880c	3.84	5
8819460	83332.Rv2084	3.82	8
8819041	83332.Rv1673c	3.82	3
8819773	83332.Rv2384	3.79	7
8818595	83332.Rv1236	3.78	5
8817945	83332.Rv0602c	3.77	3
8820837	83332.Rv3416	3.76	1
8818906	83332.Rv1539	3.75	4
8818004	83332.Rv0657c	3.74	1
8818458	83332.Rv1102c	3.72	1
8821051	83332.Rv3629c	3.69	3
8820403	83332.Rv2997	3.65	7
8819512	83332.Rv2136c	3.65	3
8819097	83332.Rv1728c	3.62	3
8817377	83332.Rv0051	3.55	7
8820135	83332.Rv2736c	3.52	3
8820767	83332.Rv3347c	3.46	2
8820284	83332.Rv2881c	3.44	5
8819447	83332.Rv2072c	3.42	5
8819940	83332.Rv2544	3.42	7
8818328	83332.Rv0976c	3.41	7
8820308	83332.Rv2905	3.41	6
8817585	83332.Rv0252	3.41	10
8820323	83332.Rv2920c	3.36	2
8817640	83332.Rv0306	3.32	4
8819238	83332.Rv1870c	3.32	2
8821087	83332.Rv3665c	3.32	4
8819469	83332.Rv2093c	3.25	4
8820582	83332.Rv3171c	3.24	4
8818233	83332.Rv0881	3.22	4
8818443	83332.Rv1088	3.22	1
8818113	83332.Rv0762c	3.2	3
8817679	83332.Rv0345	3.19	1
8818242	83332.Rv0890c	3.16	11
8818819	83332.Rv1457c	3.16	3
8818353	83332.Rv1000c	3.16	4
8820224	83332.Rv2823c	3.14	10
8818189	83332.Rv0837c	3.13	5
8821333	83332.Rv3905c	3.11	1
8820289	83332.Rv2886c	3.1	4
8821276	83332.Rv3848	3.1	3
8818818	83332.Rv1456c	3.09	3
8821097	83332.Rv3675	3.09	2
8821195	83332.Rv3769	3.05	1
8818517	83332.Rv1159	3.05	5
8820010	83332.Rv2612c	3.04	3
8820006	83332.Rv2608	3.02	2
8819169	83332.Rv1801	3.02	1
8817824	83332.Rv0486	3.01	5
8818615	83332.Rv1256c	3.01	4
8820779	83332.Rv3359	2.99	5
8818944	83332.Rv1577c	2.98	2
8818419	83332.Rv1065	2.98	2
8817443	83332.Rv0114	2.97	5
8819168	83332.Rv1800	2.93	3
8818187	83332.Rv0835	2.91	4
8820381	83332.Rv2975c	2.9	1
8818882	83332.Rv1515c	2.9	4
8820585	83332.Rv3174	2.88	3
8819909	83332.Rv2514c	2.86	2
8821057	83332.Rv3635	2.82	6
8818358	83332.Rv1005c	2.82	5
8820122	83332.Rv2723	2.81	4
8820197	83332.Rv2797c	2.78	4
8818105	83332.Rv0755A	2.76	1
8820860	83332.Rv3439c	2.75	2
8818909	83332.Rv1542c	2.74	1
8821176	83332.Rv3750c	2.67	1
8817591	83332.Rv0258c	2.67	2
8820198	83332.Rv2798c	2.65	1
8819880	83332.Rv2485c	2.65	4
8818287	83332.Rv0935	2.64	2
8817858	83332.Rv0517	2.64	4
8819085	83332.Rv1716	2.64	1
8819412	83332.Rv2038c	2.59	4
8818548	83332.Rv1189	2.58	5
8818892	83332.Rv1525	2.55	3
8818021	83332.Rv0674	2.55	3
8818904	83332.Rv1537	2.55	3
8820972	83332.Rv3551	2.54	3
8817593	83332.Rv0260c	2.53	4
8817899	83332.Rv0557	2.52	2
8819947	83332.Rv2550c	2.5	1
8817791	83332.Rv0456A	2.5	2
8818703	83332.Rv1342c	2.48	1
8818585	83332.Rv1226c	2.47	3
8817921	83332.Rv0579	2.47	2
8820041	83332.Rv2642	2.46	2
8819741	83332.Rv2352c	2.46	1
8817737	83332.Rv0402c	2.45	17
8817848	83332.Rv0507	2.45	33
8818201	83332.Rv0849	2.44	6
8817384	83332.Rv0058	2.44	8
8820267	83332.Rv2864c	2.44	4
8821104	83332.Rv3681c	2.44	1
8820478	83332.Rv3069	2.42	1
8819050	83332.Rv1682	2.42	3
8818493	83332.Rv1135c	2.4	1
8818660	83332.Rv1300	2.38	3
8817814	83332.Rv0476	2.37	1
8818439	83332.Rv1085c	2.33	2
8820223	83332.Rv2822c	2.29	1
8818243	83332.Rv0891c	2.26	2
8818429	83332.Rv1075c	2.24	2
8819670	83332.Rv2287	2.16	7
8819290	83332.Rv1921c	2.16	2
8817935	83332.Rv0592	2.15	3
8819385	83332.Rv2011c	2.12	1
8820493	83332.Rv3084	2.11	3
8820487	83332.Rv3078	2.11	1
8817738	83332.Rv0403c	2.1	1
8818927	83332.Rv1560	2.09	1
8818587	83332.Rv1228	2.09	2
8819499	83332.Rv2123	2.09	2
8820799	83332.Rv3379c	2.0	9
8820718	83332.Rv3300c	2.0	2
8820824	83332.Rv3403c	2.0	6
8820566	83332.Rv3155	1.99	1
8818272	83332.Rv0920c	1.98	4
8817873	83332.Rv0531	1.98	1
8819344	83332.Rv1973	1.97	1
8817336	83332.Rv0010c	1.94	2
8818983	83332.Rv1616	1.93	1
8818756	83332.Rv1394c	1.92	5
8818932	83332.Rv1565c	1.92	4
8821240	83332.Rv3812	1.92	1
8818815	83332.Rv1453	1.91	4
8820347	83332.Rv2943	1.9	3
8818738	83332.Rv1376	1.78	17
8820220	83332.Rv2819c	1.74	2
8817490	83332.Rv0160c	1.73	1
8818869	83332.Rv1504c	1.73	1
8819567	83332.Rv2189c	1.72	1
8819453	83332.Rv2077c	1.72	2
8820161	83332.Rv2761c	1.69	3
8817529	83332.Rv0197	1.68	3
8820469	83332.Rv3060c	1.67	5
8819729	83332.Rv2340c	1.67	1
8819903	83332.Rv2508c	1.66	2
8821071	83332.Rv3649	1.64	5
8819616	83332.Rv2236c	1.63	2
8819146	83332.Rv1776c	1.62	1
8817920	83332.Rv0578c	1.6	3
8818276	83332.Rv0924c	1.57	2
8819606	83332.Rv2227	1.55	1
8817550	83332.Rv0218	1.54	16
8818757	83332.Rv1395	1.54	3
8819084	83332.Rv1715	1.53	1
8817541	83332.Rv0209	1.5	2
8817414	83332.Rv0085	1.5	1
8820927	83332.Rv3506	1.49	3
8820865	83332.Rv3444c	1.49	1
8817944	83332.Rv0601c	1.48	1
8818908	83332.Rv1541c	1.48	2
8820084	83332.Rv2685	1.47	2
8821239	83332.Rv3811	1.45	2
8819974	83332.Rv2577	1.45	2
8821183	83332.Rv3757c	1.44	1
8820897	83332.Rv3476c	1.44	3
8820465	83332.Rv3056	1.38	3
8819552	83332.Rv2174	1.37	5
8818074	83332.Rv0725c	1.35	5
8819030	83332.Rv1662	1.34	11
8820850	83332.Rv3429	1.32	2
8819049	83332.Rv1681	1.31	2
8817948	83332.Rv0605	1.31	1
8818632	83332.Rv1273c	1.31	3
8819520	83332.Rv2143	1.3	3
8818383	83332.Rv1029	1.29	1
8820681	83332.Rv3263	1.27	3
8817358	83332.Rv0032	1.27	3
8818613	83332.Rv1254	1.26	2
8819299	83332.Rv1930c	1.21	1
8820504	83332.Rv3095	1.2	1
8820177	83332.Rv2777c	1.19	1
8819306	83332.Rv1937	1.18	3
8819531	83332.Rv2154c	1.17	3
8820823	83332.Rv3402c	1.15	1
8819106	83332.Rv1737c	1.15	1
8817412	83332.Rv0083	1.14	3
8818485	83332.Rv1128c	1.13	2
8817601	83332.Rv0268c	1.13	1
8817660	83332.Rv0326	1.13	1
8817883	83332.Rv0541c	1.12	2
8819554	83332.Rv2176	1.11	2
8820671	83332.Rv3253c	1.1	1
8817569	83332.Rv0236c	1.09	3
8818230	83332.Rv0878c	1.08	1
8820953	83332.Rv3532	1.07	1
8819571	83332.Rv2193	1.06	1
8817970	83332.Rv0625c	1.03	1
8819040	83332.Rv1672c	1.01	2
8819648	83332.Rv2266	1.01	2
8817781	83332.Rv0446c	0.997	1
8820379	83332.Rv2973c	0.993	4
8819213	83332.Rv1845c	0.954	3
8818343	83332.Rv0990c	0.94	1
8820755	83332.Rv3335c	0.915	2
8818430	83332.Rv1076	0.899	1
8817656	83332.Rv0322	0.893	2
8819654	83332.Rv2272	0.889	1
8820999	83332.Rv3577	0.886	1
8821052	83332.Rv3630	0.886	2
8817444	83332.Rv0115	0.882	1
8820576	83332.Rv3165c	0.877	1
8817557	83332.Rv0225	0.874	2
8818085	83332.Rv0736	0.868	1
8821251	83332.Rv3823c	0.848	4
8820587	83332.Rv3176c	0.848	1
8819159	83332.Rv1790	0.832	2
8817887	83332.Rv0545c	0.825	1
8817927	83332.Rv0585c	0.822	2
8820200	83332.Rv2800	0.818	1
8820617	83332.Rv3202c	0.787	2
8820218	83332.Rv2817c	0.768	2
8818989	83332.Rv1622c	0.765	1
8818673	83332.Rv1313c	0.738	7
8821226	83332.Rv3798	0.738	7
8820894	83332.Rv3473c	0.719	1
8821340	83332.Rv3912	0.711	1
8820814	83332.Rv3394c	0.698	3
8817433	83332.Rv0104	0.697	2
8820979	83332.Rv3558	0.669	2
8819373	83332.Rv1999c	0.662	1
8820435	83332.Rv3027c	0.646	1
8820867	83332.Rv3446c	0.626	1
8818411	83332.Rv1057	0.623	1
8817526	83332.Rv0194	0.593	3
8818877	83332.Rv1510	0.587	1
8817390	83332.Rv0064	0.558	3
8820092	83332.Rv2693c	0.531	1
8819828	83332.Rv2435c	0.53	2
8820574	83332.Rv3163c	0.522	1
8820791	83332.Rv3371	0.508	1
8818226	83332.Rv0874c	0.466	2
8821062	83332.Rv3640c	0.439	1
8819790	83332.Rv2399c	0.425	2
8819827	83332.Rv2434c	0.422	1
8820586	83332.Rv3175	0.421	1
8819135	83332.Rv1765c	0.381	2
8817696	83332.Rv0362	0.379	1
8819070	83332.Rv1702c	0.377	1
8819541	83332.Rv2163c	0.358	1
8819664	83332.Rv2281	0.318	1
8819389	83332.Rv2015c	0.31	2
8819258	83332.Rv1889c	0.198	1
8820065	83332.Rv2666	0.171	1
8817670	83332.Rv0336	0.161	1
8817856	83332.Rv0515	0.161	1
8819907	83332.Rv2512c	0.108	1
8820525	83332.Rv3115	0.108	1
8818401	83332.Rv1047	0.108	1
8818558	83332.Rv1199c	0.108	1
8820431	83332.Rv3023c	0.108	1
