#id: 973364271
#name: M.tuberculosis - Whole organism, SC (Albrethsen,mcp,2013)
#score: 5.47
#weight:  10%
#description: abundance based on Spectral counting, Interaction consistency score: 5.47, Coverage: 29
#organ: WHOLE_ORGANISM
#integrated: false
#coverage: 29
#link: http://www.ncbi.nlm.nih.gov/pubmed/23345537
#publication_year: 2013
#filename: 83332-Mtuberculosis_Albrethsen_2013.txt
#
#internal_id	string_external_id	abundance	raw_spectral_count
8820839	83332.Rv3418c	16852	375
8820882	83332.Rv3461c	15261	35
8819765	83332.Rv2376c	12141	199
8819625	83332.Rv2244	10510	358
8820666	83332.Rv3248c	10070	897
8821274	83332.Rv3846	9567	330
8818490	83332.Rv1133c	9102	1231
8818248	83332.Rv0896	9029	859
8817775	83332.Rv0440	8617	853
8819599	83332.Rv2220	8588	742
8820687	83332.Rv3269	8328	196
8821269	83332.Rv3841	7862	320
8817999	83332.Rv0652	7759	130
8819836	83332.Rv2442c	7456	109
8821302	83332.Rv3874	7217	232
8818331	83332.Rv0979A	7163	60
8817713	83332.Rv0379	6830	86
8818062	83332.Rv0714	6567	105
8819405	83332.Rv2031c	6453	164
8817799	83332.Rv0462	6395	584
8817685	83332.Rv0351	6362	152
8818063	83332.Rv0715	6260	62
8819205	83332.Rv1837c	6256	724
8818428	83332.Rv1074c	6192	469
8817684	83332.Rv0350	5997	674
8818071	83332.Rv0723	5883	146
8817804	83332.Rv0467	5875	404
8817543	83332.Rv0211	5678	787
8817697	83332.Rv0363c	5429	383
8820454	83332.Rv3045	5416	338
8819516	83332.Rv2140c	5279	157
8818070	83332.Rv0722	5207	33
8820180	83332.Rv2780	5085	477
8819301	83332.Rv1932	4928	166
8818368	83332.Rv1015c	4788	77
8819254	83332.Rv1886c	4774	205
8820307	83332.Rv2904c	4758	96
8817335	83332.Rv0009	4729	213
8819642	83332.Rv2260	4694	22
8818051	83332.Rv0703	4380	67
8818056	83332.Rv0708	4372	82
8818112	83332.Rv0761c	4344	264
8817908	83332.Rv0566c	4317	131
8818536	83332.Rv1177	4261	77
8820408	83332.Rv3001c	4231	333
8819011	83332.Rv1643	4131	84
8820173	83332.Rv2773c	4100	182
8817393	83332.Rv0066c	4002	566
8820278	83332.Rv2875	3951	58
8818286	83332.Rv0934	3928	180
8818810	83332.Rv1448c	3819	292
8818518	83332.Rv1159A	3765	87
8821232	83332.Rv3804c	3735	162
8817977	83332.Rv0632c	3722	183
8818058	83332.Rv0710	3706	68
8818064	83332.Rv0716	3681	136
8818049	83332.Rv0701	3655	161
8818067	83332.Rv0719	3650	121
8818643	83332.Rv1284	3619	137
8818054	83332.Rv0706	3612	71
8818057	83332.Rv0709	3611	68
8820624	83332.Rv3208A	3591	98
8817380	83332.Rv0054	3544	116
8819487	83332.Rv2111c	3483	38
8819640	83332.Rv2258c	3451	201
8820292	83332.Rv2889c	3437	221
8820881	83332.Rv3460c	3350	77
8817839	83332.Rv0500	3290	131
8817381	83332.Rv0055	3275	29
8817805	83332.Rv0468	3250	231
8819861	83332.Rv2467	3160	484
8821123	83332.Rv3699	3159	95
8818449	83332.Rv1093	3107	253
8818032	83332.Rv0685	3091	308
8820153	83332.Rv2753c	3091	157
8819486	83332.Rv2110c	3077	183
8820809	83332.Rv3389c	3016	168
8819622	83332.Rv2241	2983	451
8819835	83332.Rv2441c	2958	42
8819244	83332.Rv1876	2937	127
8820281	83332.Rv2878c	2896	94
8819485	83332.Rv2109c	2891	139
8818862	83332.Rv1498A	2885	51
8819582	83332.Rv2204c	2881	111
8819351	83332.Rv1980c	2878	129
8821050	83332.Rv3628	2872	54
8818993	83332.Rv1626	2871	153
8818150	83332.Rv0798c	2860	197
8819101	83332.Rv1732c	2849	53
8819930	83332.Rv2534c	2824	34
8820025	83332.Rv2626c	2784	110
8819381	83332.Rv2007c	2760	64
8820877	83332.Rv3456c	2748	86
8820484	83332.Rv3075c	2698	170
8820285	83332.Rv2882c	2666	87
8820864	83332.Rv3443c	2664	74
8818811	83332.Rv1449c	2645	334
8821231	83332.Rv3803c	2644	98
8817379	83332.Rv0053	2639	75
8819563	83332.Rv2185c	2611	112
8818479	83332.Rv1122	2610	171
8819953	83332.Rv2556c	2548	10
8818963	83332.Rv1596	2534	125
8821342	83332.Rv3914	2492	89
8818236	83332.Rv0884c	2461	146
8818052	83332.Rv0704	2453	105
8821019	83332.Rv3597c	2386	30
8818050	83332.Rv0702	2386	88
8818968	83332.Rv1601	2342	52
8818838	83332.Rv1475c	2338	411
8818082	83332.Rv0733	2322	102
8818053	83332.Rv0705	2247	42
8818030	83332.Rv0683	2231	65
8818277	83332.Rv0925c	2217	115
8817649	83332.Rv0315	2206	79
8820878	83332.Rv3457c	2204	150
8818450	83332.Rv1094	2187	167
8820110	83332.Rv2711	2170	107
8818431	83332.Rv1077	2147	228
8820399	83332.Rv2993c	2140	63
8819107	83332.Rv1738	2133	52
8820185	83332.Rv2785c	2112	27
8817454	83332.Rv0125	2111	53
8819195	83332.Rv1827	2068	81
8817888	83332.Rv0546c	2053	62
8819859	83332.Rv2465c	2040	90
8819228	83332.Rv1860	2040	86
8817382	83332.Rv0056	2032	64
8820445	83332.Rv3036c	2016	46
8819295	83332.Rv1926c	1991	63
8817919	83332.Rv0577	1987	89
8821189	83332.Rv3763	1978	44
8821303	83332.Rv3875	1978	42
8820401	83332.Rv2995c	1948	111
8819684	83332.Rv2301	1932	20
8817980	83332.Rv0634B	1931	8
8819601	83332.Rv2222c	1928	149
8820437	83332.Rv3029c	1924	94
8819004	83332.Rv1637c	1921	49
8817372	83332.Rv0046c	1905	167
8818925	83332.Rv1558	1903	77
8820527	83332.Rv3117	1893	185
8818167	83332.Rv0815c	1893	185
8820392	83332.Rv2986c	1843	39
8820776	83332.Rv3356c	1841	110
8821070	83332.Rv3648c	1838	29
8818695	83332.Rv1334	1813	54
8818019	83332.Rv0672	1813	205
8820276	83332.Rv2873	1808	53
8820883	83332.Rv3462c	1798	25
8820990	83332.Rv3568c	1789	137
8818337	83332.Rv0984	1761	73
8818303	83332.Rv0952	1760	113
8818048	83332.Rv0700	1756	45
8820630	83332.Rv3214	1747	92
8818684	83332.Rv1323	1744	144
8820436	83332.Rv3028c	1742	122
8821173	83332.Rv3747	1737	56
8819804	83332.Rv2412	1733	13
8819663	83332.Rv2280	1725	130
8819780	83332.Rv2391	1724	184
8821014	83332.Rv3592	1715	39
8820115	83332.Rv2716	1710	64
8819580	83332.Rv2202c	1707	102
8820701	83332.Rv3283	1694	143
8819723	83332.Rv2334	1669	120
8818424	83332.Rv1070c	1660	82
8821009	83332.Rv3587c	1641	90
8818298	83332.Rv0946c	1629	197
8820821	83332.Rv3400	1615	87
8817470	83332.Rv0141c	1605	31
8818025	83332.Rv0678	1605	62
8818103	83332.Rv0753c	1593	158
8819522	83332.Rv2145c	1583	94
8817566	83332.Rv0234c	1579	176
8819839	83332.Rv2445c	1572	63
8818370	83332.Rv1017c	1541	122
8820910	83332.Rv3489	1537	23
8818454	83332.Rv1098c	1536	117
8819367	83332.Rv1993c	1508	43
8818742	83332.Rv1380	1504	77
8820572	83332.Rv3161c	1490	152
8820528	83332.Rv3118	1483	71
8818166	83332.Rv0814c	1483	71
8817988	83332.Rv0641	1478	68
8820001	83332.Rv2603c	1477	43
8818685	83332.Rv1324	1474	109
8817853	83332.Rv0512	1464	100
8818800	83332.Rv1438	1462	101
8820515	83332.Rv3105c	1457	146
8818878	83332.Rv1511	1442	110
8817790	83332.Rv0455c	1440	58
8820863	83332.Rv3442c	1434	25
8819641	83332.Rv2259	1434	85
8820640	83332.Rv3224	1410	80
8818183	83332.Rv0831c	1404	100
8818898	83332.Rv1531	1398	57
8819589	83332.Rv2211c	1387	46
8820370	83332.Rv2965c	1373	75
8819544	83332.Rv2166c	1367	33
8818997	83332.Rv1630	1366	138
8818750	83332.Rv1388	1361	63
8818302	83332.Rv0951	1351	96
8819003	83332.Rv1636	1339	69
8820884	83332.Rv3463	1338	69
8818773	83332.Rv1411c	1335	42
8819356	83332.Rv1984c	1334	30
8818658	83332.Rv1298	1317	15
8820417	83332.Rv3010c	1310	74
8818151	83332.Rv0799c	1294	99
8820149	83332.Rv2749	1278	22
8819986	83332.Rv2589	1275	130
8821202	83332.Rv3774	1272	67
8817733	83332.Rv0398c	1270	42
8818799	83332.Rv1437	1267	114
8817643	83332.Rv0309	1263	26
8820377	83332.Rv2971	1261	79
8817581	83332.Rv0248c	1258	181
8817865	83332.Rv0524	1254	113
8819517	83332.Rv2141c	1254	120
8818425	83332.Rv1071c	1248	76
8820838	83332.Rv3417c	1244	214
8820260	83332.Rv2858c	1226	100
8821181	83332.Rv3755c	1225	38
8818068	83332.Rv0720	1224	27
8818434	83332.Rv1080c	1211	43
8817562	83332.Rv0230c	1211	52
8820991	83332.Rv3569c	1197	91
8817911	83332.Rv0569	1181	24
8820350	83332.Rv2945c	1180	67
8818743	83332.Rv1381	1175	69
8820344	83332.Rv2940c	1169	693
8817362	83332.Rv0036c	1166	69
8818474	83332.Rv1117	1165	40
8820073	83332.Rv2674	1164	32
8821006	83332.Rv3584	1160	48
8820259	83332.Rv2857c	1156	33
8820093	83332.Rv2694c	1155	35
8819899	83332.Rv2504c	1151	40
8817665	83332.Rv0331	1143	74
8817530	83332.Rv0198c	1127	141
8818263	83332.Rv0911	1122	34
8820822	83332.Rv3401	1105	171
8820183	83332.Rv2783c	1094	177
8819275	83332.Rv1906c	1091	20
8820090	83332.Rv2691	1090	55
8820554	83332.Rv3143	1087	31
8819277	83332.Rv1908c	1087	200
8820098	83332.Rv2699c	1086	25
8820992	83332.Rv3570c	1084	78
8817520	83332.Rv0189c	1077	115
8820886	83332.Rv3465	1071	57
8820263	83332.Rv2861c	1064	38
8818250	83332.Rv0898c	1064	20
8820759	83332.Rv3339c	1063	104
8819020	83332.Rv1652	1063	51
8820075	83332.Rv2676c	1063	70
8818284	83332.Rv0932c	1062	57
8819626	83332.Rv2245	1061	77
8821029	83332.Rv3607c	1053	33
8817725	83332.Rv0391	1052	108
8818629	83332.Rv1270c	1044	53
8818176	83332.Rv0824c	1035	77
8819024	83332.Rv1656	1035	39
8819200	83332.Rv1832	1030	175
8818807	83332.Rv1445c	1027	49
8820413	83332.Rv3006	1020	75
8820664	83332.Rv3246c	1016	47
8817987	83332.Rv0640	1014	24
8819735	83332.Rv2346c	1009	88
8820298	83332.Rv2895c	1007	39
8821295	83332.Rv3867	1002	21
8818628	83332.Rv1269c	1002	26
8818561	83332.Rv1202	998	51
8818994	83332.Rv1627c	994	93
8819821	83332.Rv2428	975	61
8818433	83332.Rv1079	972	58
8819916	83332.Rv2521	971	33
8817694	83332.Rv0360c	965	17
8821056	83332.Rv3634c	965	59
8820580	83332.Rv3169	964	79
8819023	83332.Rv1655	959	70
8817455	83332.Rv0126	957	119
8820312	83332.Rv2909c	941	23
8817818	83332.Rv0480c	935	58
8820327	83332.Rv2923c	934	41
8820247	83332.Rv2845c	932	138
8817635	83332.Rv0301	932	36
8817983	83332.Rv0636	917	22
8817890	83332.Rv0548c	915	72
8820957	83332.Rv3536c	912	40
8817735	83332.Rv0400c	909	93
8817986	83332.Rv0639	905	45
8820698	83332.Rv3280	904	101
8820079	83332.Rv2680	904	39
8820560	83332.Rv3149	903	33
8820325	83332.Rv2922A	899	30
8818308	83332.Rv0957	893	60
8821135	83332.Rv3710	879	148
8819494	83332.Rv2118c	879	80
8819424	83332.Rv2050	877	21
8818152	83332.Rv0800	875	82
8817458	83332.Rv0129c	875	49
8818391	83332.Rv1037c	864	72
8821041	83332.Rv3619c	864	72
8818291	83332.Rv0939	863	87
8817767	83332.Rv0432	859	22
8820419	83332.Rv3012c	842	14
8818206	83332.Rv0854	838	19
8820233	83332.Rv2831	837	51
8818146	83332.Rv0794c	832	84
8820393	83332.Rv2987c	830	59
8819855	83332.Rv2461c	824	27
8818376	83332.Rv1023	824	67
8817764	83332.Rv0429c	823	18
8819068	83332.Rv1700	820	30
8818080	83332.Rv0731c	814	66
8817575	83332.Rv0242c	810	92
8818754	83332.Rv1392	806	77
8818674	83332.Rv1314c	803	30
8819685	83332.Rv2302	802	13
8818766	83332.Rv1404	802	32
8820612	83332.Rv3198A	801	21
8818700	83332.Rv1339	799	38
8820442	83332.Rv3033	795	26
8820543	83332.Rv3133c	790	32
8819223	83332.Rv1855c	790	62
8821281	83332.Rv3853	787	32
8818153	83332.Rv0801	784	28
8819954	83332.Rv2557	782	39
8818826	83332.Rv1464	779	74
8820988	83332.Rv3566c	775	45
8820788	83332.Rv3368c	774	48
8817813	83332.Rv0475	770	29
8821330	83332.Rv3902c	770	40
8817511	83332.Rv0181c	766	26
8818223	83332.Rv0871	766	25
8819510	83332.Rv2134c	764	30
8821309	83332.Rv3881c	764	65
8818392	83332.Rv1038c	762	70
8818556	83332.Rv1197	762	70
8818501	83332.Rv1143	754	52
8819673	83332.Rv2290	753	16
8818995	83332.Rv1628c	753	25
8817718	83332.Rv0384c	751	142
8821101	83332.Rv3678c	746	24
8819933	83332.Rv2537c	743	18
8819736	83332.Rv2347c	741	69
8821042	83332.Rv3620c	741	69
8820022	83332.Rv2623	739	33
8820994	83332.Rv3572	739	14
8820165	83332.Rv2765	736	46
8817563	83332.Rv0231	734	98
8818978	83332.Rv1611	731	57
8821348	83332.Rv3920c	730	28
8817794	83332.Rv0457c	728	113
8820885	83332.Rv3464	726	53
8817998	83332.Rv0651	721	31
8819588	83332.Rv2210c	719	73
8821228	83332.Rv3800c	714	257
8818739	83332.Rv1377c	714	31
8819808	83332.Rv2416c	705	66
8820844	83332.Rv3423c	704	61
8818354	83332.Rv1001	701	75
8820977	83332.Rv3556c	698	54
8821147	83332.Rv3722c	697	66
8820244	83332.Rv2842c	697	23
8820457	83332.Rv3048c	694	48
8817827	83332.Rv0489	691	46
8818210	83332.Rv0858c	689	45
8821068	83332.Rv3646c	689	158
8818361	83332.Rv1008	688	40
8820562	83332.Rv3151	685	123
8819822	83332.Rv2429	682	25
8819553	83332.Rv2175c	681	24
8820332	83332.Rv2928	680	48
8818066	83332.Rv0718	676	23
8818560	83332.Rv1201c	673	37
8818833	83332.Rv1471	663	18
8819608	83332.Rv2229c	657	40
8820199	83332.Rv2799	655	38
8818280	83332.Rv0928	647	38
8818655	83332.Rv1295	644	56
8820703	83332.Rv3285	638	73
8817666	83332.Rv0332	633	28
8820789	83332.Rv3369	628	18
8818017	83332.Rv0670	625	26
8820722	83332.Rv3304	617	28
8820005	83332.Rv2607	614	33
8818798	83332.Rv1436	613	57
8819490	83332.Rv2114	607	24
8819931	83332.Rv2535c	606	42
8817388	83332.Rv0062	600	50
8819217	83332.Rv1849	598	17
8817778	83332.Rv0443	588	32
8820561	83332.Rv3150	586	56
8817691	83332.Rv0357c	585	38
8820737	83332.Rv3318	578	60
8819161	83332.Rv1793	578	74
8818079	83332.Rv0730	577	38
8821194	83332.Rv3768	574	13
8820261	83332.Rv2859c	573	19
8820057	83332.Rv2658c	570	16
8817984	83332.Rv0637	569	22
8820190	83332.Rv2790c	568	46
8817406	83332.Rv0078A	568	21
8820947	83332.Rv3526	559	55
8819856	83332.Rv2462c	555	51
8818557	83332.Rv1198	546	73
8820880	83332.Rv3459c	545	12
8817981	83332.Rv0634c	544	28
8819253	83332.Rv1885c	543	29
8818519	83332.Rv1160	541	21
8817615	83332.Rv0281	539	44
8819593	83332.Rv2215	538	62
8820262	83332.Rv2860c	534	58
8819417	83332.Rv2043c	534	18
8820091	83332.Rv2692	532	30
8820154	83332.Rv2754c	532	31
8818689	83332.Rv1328	531	93
8820831	83332.Rv3410c	530	38
8818255	83332.Rv0903c	528	32
8817548	83332.Rv0216	527	27
8818320	83332.Rv0968	526	14
8820692	83332.Rv3274c	526	52
8817469	83332.Rv0140	525	8
8819820	83332.Rv2427c	523	50
8818024	83332.Rv0677c	520	27
8821119	83332.Rv3696c	517	77
8818616	83332.Rv1257c	515	46
8820078	83332.Rv2679	508	25
8819237	83332.Rv1869c	507	50
8820448	83332.Rv3039c	506	31
8819898	83332.Rv2503c	506	22
8820734	83332.Rv3315c	506	19
8819812	83332.Rv2420c	504	17
8818582	83332.Rv1223	504	66
8817655	83332.Rv0321	503	9
8821005	83332.Rv3583c	503	20
8820144	83332.Rv2744c	503	39
8820477	83332.Rv3068c	502	57
8817576	83332.Rv0243	498	40
8818647	83332.Rv1288	497	55
8818111	83332.Rv0760c	496	21
8820188	83332.Rv2788	496	31
8817477	83332.Rv0148	496	39
8818139	83332.Rv0787A	495	8
8817653	83332.Rv0319	491	14
8821200	83332.Rv3772	489	38
8820402	83332.Rv2996c	487	65
8818257	83332.Rv0905	487	34
8819137	83332.Rv1767	484	13
8821090	83332.Rv3668c	484	10
8818903	83332.Rv1536	482	100
8819519	83332.Rv2142c	478	15
8820140	83332.Rv2740	476	20
8817795	83332.Rv0458	475	57
8818979	83332.Rv1612	473	42
8818996	83332.Rv1629	471	112
8818083	83332.Rv0734	470	26
8819621	83332.Rv2240c	469	14
8821142	83332.Rv3717	469	24
8820984	83332.Rv3563	461	39
8818055	83332.Rv0707	460	20
8818938	83332.Rv1571	459	17
8820673	83332.Rv3255c	458	28
8819766	83332.Rv2377c	456	4
8819443	83332.Rv2068c	456	32
8817605	83332.Rv0272c	456	42
8821293	83332.Rv3865	454	18
8821174	83332.Rv3748	454	17
8817370	83332.Rv0044c	453	16
8818452	83332.Rv1096	453	39
8818781	83332.Rv1419	451	18
8817753	83332.Rv0418	451	45
8820311	83332.Rv2908c	451	9
8819071	83332.Rv1703c	450	24
8817466	83332.Rv0137c	450	19
8818031	83332.Rv0684	449	72
8818336	83332.Rv0983	449	42
8818546	83332.Rv1187	449	46
8817925	83332.Rv0583c	449	10
8817667	83332.Rv0333	446	11
8819854	83332.Rv2460c	446	17
8818241	83332.Rv0889c	445	35
8817483	83332.Rv0154c	442	32
8818137	83332.Rv0786c	441	13
8821133	83332.Rv3708c	437	26
8818774	83332.Rv1412	433	20
8820728	83332.Rv3310	432	13
8820968	83332.Rv3547	431	17
8817979	83332.Rv0634A	431	10
8820930	83332.Rv3509c	429	36
8818251	83332.Rv0899	428	28
8820246	83332.Rv2844	427	14
8818533	83332.Rv1174c	426	4
8818980	83332.Rv1613	425	28
8817632	83332.Rv0298	423	8
8818634	83332.Rv1275	418	21
8818502	83332.Rv1144	418	26
8817758	83332.Rv0423c	417	47
8818659	83332.Rv1299	416	30
8817328	83332.Rv0002	415	31
8820724	83332.Rv3306c	415	21
8818483	83332.Rv1126c	415	16
8818455	83332.Rv1099c	411	27
8821246	83332.Rv3818	409	41
8818212	83332.Rv0860	409	63
8820304	83332.Rv2901c	403	11
8819021	83332.Rv1653	403	28
8819081	83332.Rv1712	401	17
8821287	83332.Rv3859c	399	138
8821111	83332.Rv3688c	398	11
8819870	83332.Rv2475c	396	16
8821286	83332.Rv3858c	394	46
8817554	83332.Rv0222	393	27
8819682	83332.Rv2299c	392	62
8820941	83332.Rv3520c	391	30
8820955	83332.Rv3534c	389	27
8820095	83332.Rv2696c	388	23
8819197	83332.Rv1829	388	14
8818014	83332.Rv0667	387	114
8817410	83332.Rv0081	387	6
8819365	83332.Rv1991c	387	10
8818748	83332.Rv1386	383	8
8820956	83332.Rv3535c	382	21
8819048	83332.Rv1680	381	25
8819929	83332.Rv2533c	381	13
8820628	83332.Rv3212	379	30
8818415	83332.Rv1061	377	35
8818205	83332.Rv0853c	373	43
8818015	83332.Rv0668	373	117
8818218	83332.Rv0866	371	15
8817607	83332.Rv0274	370	12
8821208	83332.Rv3780	368	13
8817378	83332.Rv0052	366	21
8819262	83332.Rv1893	364	7
8818110	83332.Rv0759c	364	13
8819280	83332.Rv1911c	361	5
8820986	83332.Rv3565	360	28
8820374	83332.Rv2969c	356	21
8817829	83332.Rv0491	355	17
8817473	83332.Rv0144	353	18
8818652	83332.Rv1292	352	48
8820470	83332.Rv3061c	352	57
8820391	83332.Rv2985	351	27
8819406	83332.Rv2032	351	27
8819333	83332.Rv1962c	350	14
8820509	83332.Rv3099c	347	18
8818128	83332.Rv0777	347	37
8820694	83332.Rv3276c	343	30
8817982	83332.Rv0635	342	20
8819893	83332.Rv2498c	342	18
8819734	83332.Rv2345	340	43
8821280	83332.Rv3852	340	9
8818410	83332.Rv1056	338	21
8818984	83332.Rv1617	338	43
8819639	83332.Rv2257c	338	25
8819976	83332.Rv2579	337	24
8818671	83332.Rv1311	334	9
8820453	83332.Rv3044	334	17
8820074	83332.Rv2675c	333	15
8820331	83332.Rv2927c	333	19
8819470	83332.Rv2094c	331	6
8817896	83332.Rv0554	327	15
8820488	83332.Rv3079c	327	20
8819026	83332.Rv1658	326	33
8819279	83332.Rv1910c	326	9
8821036	83332.Rv3614c	324	10
8817571	83332.Rv0238	324	11
8817885	83332.Rv0543c	323	10
8817746	83332.Rv0411c	321	16
8819860	83332.Rv2466c	320	15
8819972	83332.Rv2575	319	16
8818087	83332.Rv0738	319	8
8817894	83332.Rv0552	318	36
8819550	83332.Rv2172c	316	18
8819268	83332.Rv1899c	316	21
8819627	83332.Rv2246	315	33
8819865	83332.Rv2470	313	13
8819511	83332.Rv2135c	312	17
8817491	83332.Rv0161	311	29
8819162	83332.Rv1794	310	23
8820394	83332.Rv2988c	310	25
8818768	83332.Rv1406	309	15
8818487	83332.Rv1130	309	31
8819871	83332.Rv2476c	305	126
8817724	83332.Rv0390	302	8
8817360	83332.Rv0034	302	9
8817345	83332.Rv0019c	301	15
8818847	83332.Rv1484	300	15
8818931	83332.Rv1564c	299	39
8819572	83332.Rv2194	299	7
8819211	83332.Rv1843c	298	33
8819359	83332.Rv1987	297	14
8820973	83332.Rv3552	294	22
8819033	83332.Rv1665	294	26
8819965	83332.Rv2568c	293	23
8819605	83332.Rv2226	290	31
8820096	83332.Rv2697c	290	15
8817599	83332.Rv0266c	290	76
8819791	83332.Rv2400c	289	23
8819313	83332.Rv1944c	288	11
8819497	83332.Rv2121c	287	24
8819731	83332.Rv2342	286	7
8820166	83332.Rv2766c	285	12
8820553	83332.Rv3142c	284	8
8820983	83332.Rv3562	283	32
8819794	83332.Rv2402	283	46
8820013	83332.Rv2614c	283	39
8818173	83332.Rv0821c	282	17
8819872	83332.Rv2477c	279	35
8818670	83332.Rv1310	275	41
8818707	83332.Rv1346	273	25
8818687	83332.Rv1326c	272	50
8819288	83332.Rv1919c	268	11
8821336	83332.Rv3908	267	10
8819609	83332.Rv2230c	267	17
8817367	83332.Rv0041	267	55
8818688	83332.Rv1327c	265	43
8818022	83332.Rv0675	264	19
8819919	83332.Rv2524c	261	209
8817849	83332.Rv0508	259	4
8820817	83332.Rv3396c	257	25
8817583	83332.Rv0250c	256	6
8819955	83332.Rv2558	256	13
8820103	83332.Rv2704	254	8
8819748	83332.Rv2359	252	8
8821022	83332.Rv3600c	249	12
8820003	83332.Rv2605c	246	16
8817743	83332.Rv0408	246	36
8819842	83332.Rv2448c	246	51
8818961	83332.Rv1594	246	18
8819915	83332.Rv2520c	245	4
8818682	83332.Rv1322	245	3
8818661	83332.Rv1301	245	12
8818966	83332.Rv1599	245	10
8818619	83332.Rv1260	244	27
8820082	83332.Rv2683	243	12
8818935	83332.Rv1568	243	15
8819906	83332.Rv2511	242	8
8821093	83332.Rv3671c	242	15
8821134	83332.Rv3709c	241	24
8818928	83332.Rv1561	241	7
8821229	83332.Rv3801c	239	33
8820031	83332.Rv2632c	237	5
8817989	83332.Rv0642c	237	23
8820717	83332.Rv3299c	236	45
8820240	83332.Rv2838c	234	9
8820202	83332.Rv2801c	234	9
8818124	83332.Rv0773c	230	22
8820345	83332.Rv2941	229	31
8820293	83332.Rv2890c	228	14
8818165	83332.Rv0813c	228	13
8821107	83332.Rv3684	226	19
8820678	83332.Rv3260c	226	6
8819917	83332.Rv2522c	226	18
8817332	83332.Rv0006	225	52
8820926	83332.Rv3505	224	14
8819620	83332.Rv2239c	223	4
8819449	83332.Rv2074	223	9
8817901	83332.Rv0559c	222	6
8819409	83332.Rv2035	222	8
8820688	83332.Rv3270	221	33
8819282	83332.Rv1913	218	11
8819891	83332.Rv2496c	218	22
8818599	83332.Rv1240	217	16
8820925	83332.Rv3504	217	22
8817561	83332.Rv0229c	217	9
8819624	83332.Rv2243	217	8
8820622	83332.Rv3207c	216	18
8817780	83332.Rv0445c	215	10
8817902	83332.Rv0560c	214	13
8817493	83332.Rv0163	211	6
8819635	83332.Rv2253	211	5
8818816	83332.Rv1454c	211	17
8819027	83332.Rv1659	210	16
8818101	83332.Rv0751c	208	11
8819148	83332.Rv1778c	206	9
8817681	83332.Rv0347	206	20
8819467	83332.Rv2091c	205	6
8819178	83332.Rv1810	204	7
8817644	83332.Rv0310c	204	10
8818668	83332.Rv1308	203	25
8819393	83332.Rv2019	203	9
8817331	83332.Rv0005	202	30
8819549	83332.Rv2171	202	10
8817518	83332.Rv0187	202	10
8818089	83332.Rv0740	202	8
8819311	83332.Rv1942c	202	6
8820599	83332.Rv3188	202	6
8817630	83332.Rv0296c	201	23
8817806	83332.Rv0469	200	19
8819832	83332.Rv2438c	200	26
8819513	83332.Rv2137c	199	6
8818967	83332.Rv1600	198	20
8821031	83332.Rv3609c	198	7
8817844	83332.Rv0503c	196	18
8818852	83332.Rv1489	196	6
8818957	83332.Rv1590	195	2
8817334	83332.Rv0008c	194	5
8821277	83332.Rv3849	193	6
8819243	83332.Rv1875	193	7
8819847	83332.Rv2453c	193	9
8819619	83332.Rv2238c	193	7
8819204	83332.Rv1836c	192	25
8819979	83332.Rv2582	192	11
8820620	83332.Rv3205c	191	13
8818216	83332.Rv0864	191	8
8820460	83332.Rv3051c	190	38
8818701	83332.Rv1340	189	10
8817570	83332.Rv0237	189	13
8818702	83332.Rv1341	189	8
8820004	83332.Rv2606c	189	15
8819456	83332.Rv2080	188	8
8820729	83332.Rv3311	187	10
8817333	83332.Rv0007	187	8
8817947	83332.Rv0604	187	9
8818752	83332.Rv1390	185	4
8820125	83332.Rv2726c	184	9
8818324	83332.Rv0972c	183	13
8819565	83332.Rv2187	181	26
8818692	83332.Rv1331	181	7
8820662	83332.Rv3244c	180	23
8819022	83332.Rv1654	179	12
8817969	83332.Rv0624	178	9
8819749	83332.Rv2360c	178	7
8817991	83332.Rv0644c	178	18
8818804	83332.Rv1442	177	30
8820833	83332.Rv3412	177	5
8820966	83332.Rv3545c	176	19
8818635	83332.Rv1276c	175	8
8820853	83332.Rv3432c	175	22
8819747	83332.Rv2358	174	7
8819506	83332.Rv2130c	173	19
8819890	83332.Rv2495c	172	16
8818092	83332.Rv0743c	172	8
8818510	83332.Rv1152	169	5
8817346	83332.Rv0020c	169	21
8818630	83332.Rv1271c	169	6
8819811	83332.Rv2419c	167	9
8821227	83332.Rv3799c	166	19
8817867	83332.Rv0526	166	11
8821130	83332.Rv3705c	163	3
8818730	83332.Rv1368	162	10
8817475	83332.Rv0146	162	16
8819099	83332.Rv1730c	161	25
8819681	83332.Rv2298	161	12
8820449	83332.Rv3040c	161	13
8820339	83332.Rv2935	159	57
8818894	83332.Rv1527c	159	121
8818970	83332.Rv1603	159	12
8818059	83332.Rv0711	158	21
8818114	83332.Rv0763c	158	3
8818225	83332.Rv0873	157	30
8819363	83332.Rv1990c	155	7
8819527	83332.Rv2150c	155	13
8820609	83332.Rv3196A	153	4
8818601	83332.Rv1242	153	6
8818653	83332.Rv1293	152	21
8819603	83332.Rv2224c	151	15
8820398	83332.Rv2992c	151	16
8820879	83332.Rv3458c	150	7
8817488	83332.Rv0158	150	9
8820655	83332.Rv3237c	150	6
8817429	83332.Rv0100	149	4
8817634	83332.Rv0300	148	3
8821264	83332.Rv3836	148	4
8818778	83332.Rv1416	147	7
8820697	83332.Rv3279c	145	7
8820558	83332.Rv3147	143	11
8821143	83332.Rv3718c	143	5
8819380	83332.Rv2006	140	46
8818529	83332.Rv1170	140	8
8817859	83332.Rv0518	139	8
8818360	83332.Rv1007c	137	21
8820796	83332.Rv3376	136	6
8819969	83332.Rv2572c	136	13
8818182	83332.Rv0830	135	9
8820119	83332.Rv2720	135	6
8820813	83332.Rv3393	134	8
8818540	83332.Rv1181	134	97
8818451	83332.Rv1095	134	13
8819672	83332.Rv2289	134	8
8818076	83332.Rv0727c	133	7
8820693	83332.Rv3275c	132	5
8819783	83332.Rv2394	131	16
8820071	83332.Rv2672	131	13
8821216	83332.Rv3788	131	2
8817577	83332.Rv0244c	130	27
8820711	83332.Rv3293	130	9
8820537	83332.Rv3127	129	10
8820184	83332.Rv2784c	129	4
8818265	83332.Rv0913c	129	11
8819420	83332.Rv2046	128	6
8819677	83332.Rv2294	127	14
8818976	83332.Rv1609	127	12
8818020	83332.Rv0673	127	10
8820152	83332.Rv2752c	126	17
8818805	83332.Rv1443c	125	5
8819185	83332.Rv1817	125	11
8819498	83332.Rv2122c	125	2
8817516	83332.Rv0186	124	18
8817389	83332.Rv0063	123	12
8818190	83332.Rv0838	122	9
8818656	83332.Rv1296	122	5
8818513	83332.Rv1155	121	3
8817344	83332.Rv0018c	120	12
8817459	83332.Rv0130	119	5
8817603	83332.Rv0270	119	18
8820804	83332.Rv3384c	119	3
8820230	83332.Rv2828c	119	7
8820725	83332.Rv3307	117	4
8819936	83332.Rv2540c	116	13
8820226	83332.Rv2825c	115	7
8819526	83332.Rv2149c	115	9
8820854	83332.Rv3433c	115	8
8821185	83332.Rv3759c	115	5
8820972	83332.Rv3551	114	7
8819674	83332.Rv2291	113	6
8818217	83332.Rv0865	112	2
8820820	83332.Rv3399	112	13
8819152	83332.Rv1782	111	9
8817366	83332.Rv0040c	110	5
8820756	83332.Rv3336c	110	6
8817598	83332.Rv0265c	110	7
8819918	83332.Rv2523c	109	2
8820967	83332.Rv3546	109	7
8820639	83332.Rv3223c	108	7
8819297	83332.Rv1928c	107	4
8820138	83332.Rv2738c	107	2
8818604	83332.Rv1245c	107	5
8817456	83332.Rv0127	107	12
8820686	83332.Rv3268	106	4
8817972	83332.Rv0627	106	4
8818579	83332.Rv1220c	105	5
8820702	83332.Rv3284	105	2
8818842	83332.Rv1479	104	11
8818913	83332.Rv1546	104	3
8818888	83332.Rv1521	103	16
8817918	83332.Rv0576	102	10
8821297	83332.Rv3869	101	12
8818624	83332.Rv1265	100	6
8818973	83332.Rv1606	100	2
8818138	83332.Rv0787	99.7	6
8820760	83332.Rv3340	99.1	8
8819633	83332.Rv2251	98.6	10
8820322	83332.Rv2919c	98.4	2
8818456	83332.Rv1100	98.1	7
8820433	83332.Rv3025c	97.1	5
8819183	83332.Rv1815	96.9	3
8818905	83332.Rv1538c	96.3	7
8819352	83332.Rv1981c	96.2	12
8817402	83332.Rv0075	96.2	10
8819493	83332.Rv2117	95.3	3
8819006	83332.Rv1638A	95.3	2
8818131	83332.Rv0780	95.3	9
8818026	83332.Rv0679c	94.9	2
8820219	83332.Rv2818c	94.6	11
8820239	83332.Rv2837c	94.1	10
8820685	83332.Rv3267	93.3	8
8820130	83332.Rv2731	92.5	8
8819294	83332.Rv1925	92.2	16
8820421	83332.Rv3014c	92.0	15
8819888	83332.Rv2493	91.9	2
8820971	83332.Rv3550	90.6	5
8819028	83332.Rv1660	90.5	10
8821205	83332.Rv3777	90.3	4
8817484	83332.Rv0155	90.2	10
8820675	83332.Rv3257c	90.1	8
8820557	83332.Rv3146	89.8	2
8821088	83332.Rv3666c	89.7	7
8820529	83332.Rv3119	89.5	3
8817864	83332.Rv0523c	89.1	4
8820286	83332.Rv2883c	88.9	7
8819479	83332.Rv2103c	88.4	4
8817374	83332.Rv0048c	87.3	7
8820510	83332.Rv3100c	87.2	2
8819218	83332.Rv1850	86.6	13
8819057	83332.Rv1689	86.5	7
8818603	83332.Rv1244	86.4	5
8817840	83332.Rv0500A	86.0	2
8820895	83332.Rv3474	85.7	26
8818147	83332.Rv0795	85.7	26
8819546	83332.Rv2168c	85.7	26
8819126	83332.Rv1757c	85.7	26
8819481	83332.Rv2105	85.7	26
8819743	83332.Rv2354	85.7	26
8820801	83332.Rv3381c	85.7	26
8819661	83332.Rv2278	85.7	26
8820595	83332.Rv3184	85.7	26
8820597	83332.Rv3186	85.7	26
8819875	83332.Rv2480c	85.7	26
8819132	83332.Rv1763	85.7	26
8820745	83332.Rv3325	85.7	26
8820047	83332.Rv2648	85.7	26
8818732	83332.Rv1370c	85.7	26
8820216	83332.Rv2815c	85.7	26
8819009	83332.Rv1641	85.5	3
8818759	83332.Rv1397c	85.3	3
8819987	83332.Rv2590	85.1	30
8819090	83332.Rv1721c	84.7	2
8821178	83332.Rv3752c	84.3	4
8820067	83332.Rv2668	83.1	6
8817786	83332.Rv0451c	82.5	2
8820268	83332.Rv2865	81.8	2
8818683	83332.Rv1322A	81.7	3
8817875	83332.Rv0533c	81.3	5
8819404	83332.Rv2030c	81.2	18
8819702	83332.Rv2314c	80.6	9
8817508	83332.Rv0178	80.4	5
8819797	83332.Rv2405	79.5	5
8819514	83332.Rv2138	79.2	5
8817339	83332.Rv0013	78.7	2
8820732	83332.Rv3313c	78.0	9
8818239	83332.Rv0887c	77.9	4
8819267	83332.Rv1898	77.9	2
8820133	83332.Rv2734	77.2	4
8819703	83332.Rv2315c	76.6	10
8819892	83332.Rv2497c	76.6	6
8821018	83332.Rv3596c	76.0	19
8818859	83332.Rv1495	75.4	2
8820290	83332.Rv2887	75.1	2
8817682	83332.Rv0348	75.0	5
8818412	83332.Rv1058	75.0	11
8821242	83332.Rv3814c	74.0	5
8818465	83332.Rv1109c	73.9	4
8817897	83332.Rv0555	73.3	7
8820815	83332.Rv3395A	73.0	2
8819131	83332.Rv1762c	71.8	4
8820723	83332.Rv3305c	71.7	6
8820962	83332.Rv3541c	71.0	3
8817690	83332.Rv0356c	70.1	3
8817990	83332.Rv0643c	70.0	7
8821296	83332.Rv3868	68.8	9
8820337	83332.Rv2933	68.2	38
8819923	83332.Rv2528c	68.2	6
8819235	83332.Rv1867	68.1	8
8819952	83332.Rv2555c	67.8	16
8820677	83332.Rv3259	67.5	2
8818470	83332.Rv1114	67.5	2
8817368	83332.Rv0042c	66.5	3
8818140	83332.Rv0788	66.4	5
8821284	83332.Rv3856c	66.2	6
8820395	83332.Rv2989	66.2	4
8817962	83332.Rv0617	65.5	2
8821046	83332.Rv3624c	65.1	4
8818669	83332.Rv1309	64.6	5
8817852	83332.Rv0511	64.3	8
8817847	83332.Rv0506	63.7	3
8819849	83332.Rv2455c	62.9	10
8819265	83332.Rv1896c	62.9	5
8821003	83332.Rv3581c	62.9	3
8820708	83332.Rv3290c	62.7	6
8820645	83332.Rv3227	62.4	8
8818436	83332.Rv1082	62.1	5
8820700	83332.Rv3282	61.5	3
8820939	83332.Rv3518c	61.4	8
8819216	83332.Rv1848	61.3	2
8818606	83332.Rv1247c	61.1	2
8817647	83332.Rv0313	61.0	2
8818607	83332.Rv1248c	60.0	21
8819307	83332.Rv1938	59.2	6
8819922	83332.Rv2527	58.9	2
8821308	83332.Rv3880c	58.5	2
8821180	83332.Rv3754	58.4	4
8817494	83332.Rv0164	57.9	3
8818369	83332.Rv1016c	57.4	4
8817845	83332.Rv0504c	57.2	3
8820018	83332.Rv2619c	57.1	2
8817401	83332.Rv0074	56.7	4
8820076	83332.Rv2677c	56.3	5
8817791	83332.Rv0456A	56.1	3
8817478	83332.Rv0149	55.4	4
8817449	83332.Rv0120c	55.2	9
8820189	83332.Rv2789c	55.1	6
8819967	83332.Rv2570	54.8	2
8817941	83332.Rv0598c	54.2	2
8819220	83332.Rv1852	53.8	2
8820455	83332.Rv3046c	53.8	2
8819224	83332.Rv1856c	53.7	4
8819141	83332.Rv1771	53.6	13
8817882	83332.Rv0540	53.1	2
8817779	83332.Rv0444c	52.4	3
8819435	83332.Rv2061c	50.2	2
8817992	83332.Rv0645c	50.1	5
8817922	83332.Rv0580c	49.4	3
8820334	83332.Rv2930	48.6	8
8819934	83332.Rv2538c	48.2	4
8817822	83332.Rv0484c	48.1	3
8821311	83332.Rv3883c	47.8	2
8818121	83332.Rv0770	47.2	3
8817938	83332.Rv0595c	47.1	2
8819576	83332.Rv2198c	46.8	2
8820719	83332.Rv3301c	46.8	3
8820335	83332.Rv2931	46.3	25
8819247	83332.Rv1879	46.3	4
8819838	83332.Rv2444c	45.6	9
8819718	83332.Rv2330c	45.4	2
8819949	83332.Rv2552c	45.1	2
8817340	83332.Rv0014c	45.0	7
8820872	83332.Rv3451	44.9	2
8819679	83332.Rv2296	44.9	4
8820100	83332.Rv2701c	44.8	2
8819465	83332.Rv2089c	44.6	3
8820690	83332.Rv3272	44.5	4
8817686	83332.Rv0352	44.3	4
8820338	83332.Rv2934	44.3	18
8821098	83332.Rv3676	44.2	3
8818344	83332.Rv0991c	44.1	2
8818123	83332.Rv0772	43.6	5
8817650	83332.Rv0316	43.6	2
8820313	83332.Rv2910c	43.4	2
8817810	83332.Rv0472c	43.3	2
8817683	83332.Rv0349	43.2	2
8821283	83332.Rv3855	42.9	3
8820241	83332.Rv2839c	42.4	8
8820936	83332.Rv3515c	42.3	5
8819428	83332.Rv2054	42.2	3
8818999	83332.Rv1632c	41.8	2
8819236	83332.Rv1868	41.8	3
8819422	83332.Rv2048c	41.7	45
8821224	83332.Rv3796	41.4	3
8819327	83332.Rv1957	41.4	2
8817426	83332.Rv0097	41.3	2
8820710	83332.Rv3292	41.2	5
8821192	83332.Rv3766	41.1	2
8817816	83332.Rv0478	40.7	2
8819426	83332.Rv2052c	40.6	4
8819750	83332.Rv2361c	40.6	2
8818035	83332.Rv0688	40.4	4
8820354	83332.Rv2949c	39.9	2
8818347	83332.Rv0994	39.3	2
8818544	83332.Rv1185c	39.1	5
8820397	83332.Rv2991	38.8	2
8818791	83332.Rv1429	38.7	6
8820795	83332.Rv3375	38.6	2
8821341	83332.Rv3913	38.4	3
8820679	83332.Rv3261	38.2	3
8817547	83332.Rv0215c	38.1	2
8819843	83332.Rv2449c	38.1	6
8817880	83332.Rv0538	37.8	2
8819500	83332.Rv2124c	37.5	11
8819291	83332.Rv1922	37.4	3
8819897	83332.Rv2502c	37.1	5
8817604	83332.Rv0271c	36.9	6
8820618	83332.Rv3203	36.8	2
8819120	83332.Rv1751	36.7	2
8819240	83332.Rv1872c	36.6	4
8820937	83332.Rv3516	36.5	2
8820372	83332.Rv2967c	35.9	10
8818757	83332.Rv1395	35.9	2
8819556	83332.Rv2178c	35.8	6
8817957	83332.Rv0613c	35.1	8
8818100	83332.Rv0750	34.7	1
8818525	83332.Rv1166	33.5	3
8820271	83332.Rv2868c	33.2	3
8818623	83332.Rv1264	33.1	4
8817801	83332.Rv0464c	33.0	2
8819535	83332.Rv2158c	32.8	4
8817573	83332.Rv0240	32.2	2
8817837	83332.Rv0498	31.9	2
8820257	83332.Rv2855	31.8	3
8819920	83332.Rv2525c	31.8	2
8819079	83332.Rv1710	31.8	2
8820249	83332.Rv2847c	31.7	2
8819087	83332.Rv1718	31.6	3
8820904	83332.Rv3483c	31.5	2
8818923	83332.Rv1556	31.3	2
8819507	83332.Rv2131c	31.2	2
8818187	83332.Rv0835	31.1	2
8820491	83332.Rv3082c	30.9	2
8817371	83332.Rv0045c	30.6	2
8818521	83332.Rv1162	30.4	2
8818069	83332.Rv0721	30.4	2
8817421	83332.Rv0092	30.3	3
8820113	83332.Rv2714	29.8	2
8820382	83332.Rv2976c	29.6	2
8820931	83332.Rv3510c	29.2	2
8817744	83332.Rv0409	28.8	3
8820088	83332.Rv2689c	28.3	3
8818325	83332.Rv0973c	28.3	4
8820552	83332.Rv3141	28.2	2
8818654	83332.Rv1294	28.2	2
8820028	83332.Rv2629	27.9	3
8818747	83332.Rv1385	27.7	2
8818753	83332.Rv1391	27.5	3
8817878	83332.Rv0536	27.2	3
8817528	83332.Rv0196	26.9	2
8820422	83332.Rv3015c	26.9	2
8819591	83332.Rv2213	26.8	4
8819491	83332.Rv2115c	26.6	4
8820626	83332.Rv3210c	26.4	2
8820551	83332.Rv3140	26.2	3
8818154	83332.Rv0802c	25.8	2
8819144	83332.Rv1774	25.6	2
8820416	83332.Rv3009c	25.5	2
8820390	83332.Rv2984	25.4	4
8821253	83332.Rv3825c	24.7	23
8818612	83332.Rv1253	24.5	3
8819442	83332.Rv2067c	24.4	3
8820318	83332.Rv2915c	24.3	2
8821013	83332.Rv3591c	24.2	2
8818873	83332.Rv1507c	24.1	2
8821266	83332.Rv3838c	23.8	2
8817580	83332.Rv0247c	23.5	2
8817645	83332.Rv0311	23.5	2
8818911	83332.Rv1544	23.1	2
8817904	83332.Rv0562	23.1	2
8819590	83332.Rv2212	22.7	2
8819377	83332.Rv2003c	22.5	2
8820329	83332.Rv2925c	22.5	2
8817762	83332.Rv0427c	21.6	2
8818697	83332.Rv1336	21.6	2
8819939	83332.Rv2543	21.6	2
8819848	83332.Rv2454c	21.4	2
8820978	83332.Rv3557c	21.2	2
8817820	83332.Rv0482	21.1	2
8819628	83332.Rv2247	21.1	3
8819188	83332.Rv1820	20.3	2
8820812	83332.Rv3392c	19.6	6
8818283	83332.Rv0931c	19.3	2
8819396	83332.Rv2022c	19.1	2
8818256	83332.Rv0904c	18.8	2
8819768	83332.Rv2379c	18.6	7
8819063	83332.Rv1695	18.2	3
8820336	83332.Rv2932	18.2	12
8819100	83332.Rv1731	17.8	2
8817588	83332.Rv0255c	16.7	2
8820691	83332.Rv3273	16.7	2
8818848	83332.Rv1485	16.5	2
8819305	83332.Rv1936	16.4	2
8820793	83332.Rv3373	16.1	3
8819292	83332.Rv1923	15.9	2
8820182	83332.Rv2782c	15.5	2
8819436	83332.Rv2062c	15.5	6
8820682	83332.Rv3264c	15.5	2
8821214	83332.Rv3786c	15.3	2
8818829	83332.Rv1467c	14.9	5
8818259	83332.Rv0907	14.7	3
8819600	83332.Rv2221c	14.5	3
8818359	83332.Rv1006	14.4	2
8819112	83332.Rv1743	14.0	2
8819135	83332.Rv1765c	13.6	2
8818072	83332.Rv0724	13.0	2
8819769	83332.Rv2380c	13.0	6
8817430	83332.Rv0101	13.0	11
8818746	83332.Rv1384	13.0	4
8817976	83332.Rv0631c	12.8	4
8818198	83332.Rv0846c	12.7	2
8818326	83332.Rv0974c	12.5	2
8821115	83332.Rv3692	12.0	2
8821322	83332.Rv3894c	12.0	2
8820303	83332.Rv2900c	11.4	2
8818896	83332.Rv1529	11.3	5
8818438	83332.Rv1084	11.0	2
8820593	83332.Rv3182	11.0	1
8821201	83332.Rv3773c	10.7	2
8819772	83332.Rv2383c	10.6	4
8818245	83332.Rv0893c	9.78	2
8817538	83332.Rv0206c	9.13	2
8817529	83332.Rv0197	9.02	2
8817760	83332.Rv0425c	8.81	2
8818155	83332.Rv0803	8.71	2
8817785	83332.Rv0450c	8.47	2
8817975	83332.Rv0630c	7.48	2
8818075	83332.Rv0726c	5.83	2
8821254	83332.Rv3826	5.63	4
8817720	83332.Rv0386	5.61	2
8821193	83332.Rv3767c	5.56	2
8819940	83332.Rv2544	4.71	1
8819389	83332.Rv2015c	4.32	1
8819484	83332.Rv2108	4.0	1
8819154	83332.Rv1785c	2.73	1
8819602	83332.Rv2223c	2.68	1
8818211	83332.Rv0859	2.42	1
8819029	83332.Rv1661	2.41	4
8819559	83332.Rv2181	2.33	1
8819065	83332.Rv1697	2.12	1
8817808	83332.Rv0470c	2.09	1
8820250	83332.Rv2848c	1.92	1
8820351	83332.Rv2946c	1.81	2
8821237	83332.Rv3809c	1.81	1
8817526	83332.Rv0194	0.932	1
