#id: 3301480962
#name: M.tuberculosis - Whole organism, SC (Gpm,aug,2014)
#score: 14.83
#weight:  100%
#description: abundance based on Spectral counting, Interaction consistency score: 14.83, Coverage: 75
#organ: WHOLE_ORGANISM
#integrated: false
#coverage: 75
#link: http://www.thegpm.org/
#publication_year: 2014
#filename: 83332-GPM_201408.txt
#
#internal_id	string_external_id	abundance	raw_spectral_count
8820839	83332.Rv3418c	43157	95079
8817775	83332.Rv0440	26616	262466
8821189	83332.Rv3763	11226	22059
8821302	83332.Rv3874	9569	29432
8819625	83332.Rv2244	9018	30710
8817684	83332.Rv0350	8730	90917
8821303	83332.Rv3875	8544	19604
8817999	83332.Rv0652	7673	11383
8818032	83332.Rv0685	7190	72393
8820982	83332.Rv3561	7083	71149
8819765	83332.Rv2376c	6608	8573
8818286	83332.Rv0934	6525	27163
8819254	83332.Rv1886c	6238	29234
8819405	83332.Rv2031c	5989	15885
8817454	83332.Rv0125	5931	8625
8820392	83332.Rv2986c	5828	11228
8818490	83332.Rv1133c	5767	78247
8821232	83332.Rv3804c	5676	27515
8819351	83332.Rv1980c	4732	15707
8821070	83332.Rv3648c	4617	4870
8821274	83332.Rv3846	4606	17603
8820436	83332.Rv3028c	4518	26897
8817713	83332.Rv0379	4329	4912
8820528	83332.Rv3118	4216	19451
8818166	83332.Rv0814c	4216	19451
8820687	83332.Rv3269	4128	9911
8819599	83332.Rv2220	3942	39157
8819240	83332.Rv1872c	3508	35510
8819301	83332.Rv1932	3457	9206
8817335	83332.Rv0009	3401	17354
8818754	83332.Rv1392	3371	25634
8821141	83332.Rv3716c	3274	8600
8820838	83332.Rv3417c	3203	41007
8819228	83332.Rv1860	3146	10513
8818054	83332.Rv0706	3094	3646
8819522	83332.Rv2145c	3091	18431
8820437	83332.Rv3029c	3057	12617
8819536	83332.Rv2159c	3051	19829
8821231	83332.Rv3803c	3034	10737
8820878	83332.Rv3457c	3021	19690
8819003	83332.Rv1636	3008	12481
8820666	83332.Rv3248c	2970	29312
8818668	83332.Rv1308	2938	29017
8818030	83332.Rv0683	2932	7681
8821019	83332.Rv3597c	2890	3306
8817649	83332.Rv0315	2877	8601
8820879	83332.Rv3458c	2872	11115
8820278	83332.Rv2875	2809	4167
8821269	83332.Rv3841	2793	10729
8817813	83332.Rv0475	2755	9208
8818798	83332.Rv1436	2704	18571
8818862	83332.Rv1498A	2701	4426
8819195	83332.Rv1827	2701	10143
8818750	83332.Rv1388	2685	11637
8818670	83332.Rv1310	2661	32655
8819516	83332.Rv2140c	2591	9114
8820185	83332.Rv2785c	2582	2797
8817685	83332.Rv0351	2547	8606
8821050	83332.Rv3628	2530	4484
8818248	83332.Rv0896	2506	21111
8819277	83332.Rv1908c	2439	40511
8818305	83332.Rv0954	2416	1934
8818303	83332.Rv0952	2390	15431
8820454	83332.Rv3045	2370	12362
8820312	83332.Rv2909c	2346	4985
8817380	83332.Rv0054	2333	6990
8818570	83332.Rv1211	2315	2330
8820863	83332.Rv3442c	2293	3290
8821041	83332.Rv3619c	2265	23222
8818391	83332.Rv1037c	2265	23222
8820144	83332.Rv2744c	2264	15185
8817767	83332.Rv0432	2261	6264
8820640	83332.Rv3224	2255	12695
8819295	83332.Rv1926c	2222	6708
8819593	83332.Rv2215	2192	24652
8819735	83332.Rv2346c	2162	26387
8821277	83332.Rv3849	2162	6756
8818183	83332.Rv0831c	2143	14624
8817458	83332.Rv0129c	2123	9046
8817983	83332.Rv0636	2118	4279
8817621	83332.Rv0287	2115	2322
8818434	83332.Rv1080c	2110	7070
8819855	83332.Rv2461c	2099	8008
8818773	83332.Rv1411c	2091	5119
8819626	83332.Rv2245	2086	16372
8818428	83332.Rv1074c	2075	16589
8819487	83332.Rv2111c	2056	2289
8820292	83332.Rv2889c	2051	12934
8818066	83332.Rv0718	2036	5825
8821229	83332.Rv3801c	2036	27375
8818067	83332.Rv0719	2032	5681
8818454	83332.Rv1098c	2026	11437
8818302	83332.Rv0951	2019	14589
8819836	83332.Rv2442c	1993	2587
8818112	83332.Rv0761c	1970	13471
8819685	83332.Rv2302	1940	3031
8817697	83332.Rv0363c	1919	14180
8817477	83332.Rv0148	1918	13788
8818212	83332.Rv0860	1888	24258
8820022	83332.Rv2623	1853	8163
8820031	83332.Rv2632c	1850	3330
8819684	83332.Rv2301	1849	1691
8818069	83332.Rv0721	1845	7820
8818055	83332.Rv0707	1843	7286
8819205	83332.Rv1837c	1843	22789
8818062	83332.Rv0714	1843	2239
8820703	83332.Rv3285	1828	20572
8818629	83332.Rv1270c	1808	8851
8820293	83332.Rv2890c	1805	9801
8819161	83332.Rv1793	1799	25014
8818643	83332.Rv1284	1791	5672
8819563	83332.Rv2185c	1749	7262
8818842	83332.Rv1479	1741	13552
8821228	83332.Rv3800c	1738	54348
8817977	83332.Rv0632c	1730	7760
8818599	83332.Rv1240	1729	11514
8818376	83332.Rv1023	1722	11179
8820527	83332.Rv3117	1716	19648
8818167	83332.Rv0815c	1716	19648
8818052	83332.Rv0704	1701	6497
8817381	83332.Rv0055	1700	1381
8818838	83332.Rv1475c	1679	28698
8817799	83332.Rv0462	1664	15382
8817576	83332.Rv0243	1635	11558
8818015	83332.Rv0668	1628	40667
8820276	83332.Rv2873	1624	3866
8820882	83332.Rv3461c	1619	259
8820877	83332.Rv3456c	1613	4743
8818058	83332.Rv0710	1611	2374
8818050	83332.Rv0702	1606	5141
8820880	83332.Rv3459c	1586	2566
8820881	83332.Rv3460c	1580	3012
8817998	83332.Rv0651	1576	5427
8820624	83332.Rv3208A	1567	4051
8818082	83332.Rv0733	1563	6818
8819627	83332.Rv2246	1556	16021
8821342	83332.Rv3914	1553	5039
8818557	83332.Rv1198	1540	23940
8818053	83332.Rv0705	1536	2629
8817987	83332.Rv0640	1520	2052
8818997	83332.Rv1630	1508	14095
8817619	83332.Rv0285	1506	1417
8818070	83332.Rv0722	1505	883
8820285	83332.Rv2882c	1499	4548
8818049	83332.Rv0701	1497	5330
8821098	83332.Rv3676	1495	6835
8821309	83332.Rv3881c	1473	10248
8818051	83332.Rv0703	1469	1995
8818063	83332.Rv0715	1469	1386
8819582	83332.Rv2204c	1456	5286
8818284	83332.Rv0932c	1448	6688
8818536	83332.Rv1177	1448	2770
8818065	83332.Rv0717	1433	774
8821202	83332.Rv3774	1422	7849
8820311	83332.Rv2908c	1412	2285
8818064	83332.Rv0716	1402	4654
8820692	83332.Rv3274c	1395	11292
8818048	83332.Rv0700	1383	2981
8819932	83332.Rv2536	1376	3708
8820445	83332.Rv3036c	1375	3105
8817575	83332.Rv0242c	1367	14711
8821006	83332.Rv3584	1345	4849
8819804	83332.Rv2412	1343	637
8818432	83332.Rv1078	1341	3580
8820098	83332.Rv2699c	1320	2504
8818669	83332.Rv1309	1317	8869
8819470	83332.Rv2094c	1316	2613
8818057	83332.Rv0709	1310	2057
8818176	83332.Rv0824c	1308	9767
8817922	83332.Rv0580c	1305	5429
8820377	83332.Rv2971	1293	7881
8821308	83332.Rv3880c	1289	2683
8817494	83332.Rv0164	1281	2619
8818211	83332.Rv0859	1265	10254
8818810	83332.Rv1448c	1263	7827
8819467	83332.Rv2091c	1257	3031
8820774	83332.Rv3354	1253	573
8817911	83332.Rv0569	1251	1601
8817988	83332.Rv0641	1248	5687
8819736	83332.Rv2347c	1237	11774
8818556	83332.Rv1197	1237	11774
8821101	83332.Rv3678c	1231	3599
8819618	83332.Rv2237A	1231	1874
8821042	83332.Rv3620c	1228	11758
8818392	83332.Rv1038c	1228	11758
8817379	83332.Rv0053	1224	3041
8819101	83332.Rv1732c	1219	2247
8819580	83332.Rv2202c	1214	8160
8817346	83332.Rv0020c	1209	11916
8819854	83332.Rv2460c	1206	4722
8817584	83332.Rv0251c	1196	3161
8818963	83332.Rv1596	1188	5566
8817393	83332.Rv0066c	1188	16248
8819262	83332.Rv1893	1185	1844
8817761	83332.Rv0426c	1183	973
8820408	83332.Rv3001c	1175	10232
8820307	83332.Rv2904c	1171	2090
8818014	83332.Rv0667	1169	28561
8818071	83332.Rv0723	1166	2792
8818283	83332.Rv0931c	1165	11611
8821143	83332.Rv3718c	1164	3267
8818056	83332.Rv0708	1163	1706
8818236	83332.Rv0884c	1157	6317
8821293	83332.Rv3865	1154	3781
8817382	83332.Rv0056	1142	3785
8820883	83332.Rv3462c	1137	1266
8819011	83332.Rv1643	1137	2208
8818811	83332.Rv1449c	1131	15366
8820402	83332.Rv2996c	1123	14402
8819356	83332.Rv1984c	1118	3189
8821280	83332.Rv3852	1115	2739
8819107	83332.Rv1738	1115	2378
8820183	83332.Rv2783c	1107	15279
8818029	83332.Rv0682	1107	1177
8819239	83332.Rv1871c	1099	2422
8821009	83332.Rv3587c	1089	5566
8817985	83332.Rv0638	1088	1807
8818031	83332.Rv0684	1074	16110
8821018	83332.Rv3596c	1074	18967
8819859	83332.Rv2465c	1072	4259
8821091	83332.Rv3669	1069	2106
8818666	83332.Rv1306	1068	2661
8820809	83332.Rv3389c	1055	6784
8819930	83332.Rv2534c	1052	1466
8820350	83332.Rv2945c	1051	5077
8821038	83332.Rv3616c	1037	3665
8820120	83332.Rv2721c	1033	10914
8820543	83332.Rv3133c	1028	3881
8819010	83332.Rv1642	1015	265
8817718	83332.Rv0384c	1012	17232
8817333	83332.Rv0007	1012	3378
8819679	83332.Rv2296	1010	7400
8818925	83332.Rv1558	1010	3842
8818560	83332.Rv1201c	1005	5041
8819211	83332.Rv1843c	994	10417
8819861	83332.Rv2467	992	14677
8817919	83332.Rv0577	988	4477
8818002	83332.Rv0655	987	7563
8817982	83332.Rv0635	984	4518
8820664	83332.Rv3246c	981	5624
8820698	83332.Rv3280	980	11556
8819589	83332.Rv2211c	978	3869
8818655	83332.Rv1295	962	8291
8817804	83332.Rv0467	954	5605
8820344	83332.Rv2940c	948	41220
8818368	83332.Rv1015c	944	1964
8818331	83332.Rv0979A	941	715
8819856	83332.Rv2462c	940	8484
8819486	83332.Rv2110c	937	4884
8819682	83332.Rv2299c	936	14563
8819839	83332.Rv2445c	932	3576
8818658	83332.Rv1298	931	1145
8818068	83332.Rv0720	926	1375
8818685	83332.Rv1324	926	5980
8819798	83332.Rv2406c	920	2179
8820484	83332.Rv3075c	916	6578
8818370	83332.Rv1017c	913	7071
8817543	83332.Rv0211	910	11955
8818450	83332.Rv1094	907	6858
8819244	83332.Rv1876	904	4098
8818684	83332.Rv1323	902	6726
8821037	83332.Rv3615c	897	653
8821123	83332.Rv3699	895	3586
8819640	83332.Rv2258c	894	4926
8817989	83332.Rv0642c	889	9336
8818139	83332.Rv0787A	887	1441
8819424	83332.Rv2050	873	1818
8820864	83332.Rv3443c	873	2811
8820580	83332.Rv3169	872	5995
8817675	83332.Rv0341	867	918
8820910	83332.Rv3489	865	1236
8821173	83332.Rv3747	856	2640
8817583	83332.Rv0250c	850	1881
8818993	83332.Rv1626	849	4781
8818280	83332.Rv0928	849	3806
8820281	83332.Rv2878c	847	3275
8817908	83332.Rv0566c	843	2485
8817805	83332.Rv0468	836	6180
8819835	83332.Rv2441c	835	882
8817603	83332.Rv0270	834	10642
8821318	83332.Rv3890c	832	988
8817991	83332.Rv0644c	830	7742
8817581	83332.Rv0248c	826	11323
8817337	83332.Rv0011c	826	238
8818257	83332.Rv0905	825	5362
8818424	83332.Rv1070c	823	3774
8819915	83332.Rv2520c	822	1083
8817844	83332.Rv0503c	808	6751
8818689	83332.Rv1328	805	11714
8818150	83332.Rv0798c	804	5513
8819578	83332.Rv2200c	803	5031
8819622	83332.Rv2241	802	11379
8818667	83332.Rv1307	802	7645
8821014	83332.Rv3592	796	2081
8819916	83332.Rv2521	793	2166
8818225	83332.Rv0873	792	12250
8819485	83332.Rv2109c	788	3174
8819009	83332.Rv1641	786	2019
8818851	83332.Rv1488	785	6517
8818533	83332.Rv1174c	783	652
8820004	83332.Rv2606c	783	5369
8820930	83332.Rv3509c	781	7678
8820286	83332.Rv2883c	781	3827
8819628	83332.Rv2247	777	8554
8817980	83332.Rv0634B	776	215
8819294	83332.Rv1925	775	10813
8819573	83332.Rv2195	774	7622
8821216	83332.Rv3788	771	1664
8818518	83332.Rv1159A	770	1527
8820374	83332.Rv2969c	761	4676
8821045	83332.Rv3623	759	3417
8817328	83332.Rv0002	758	5078
8820968	83332.Rv3547	758	2626
8820419	83332.Rv3012c	758	988
8818657	83332.Rv1297	757	9844
8818799	83332.Rv1437	751	6086
8820401	83332.Rv2995c	751	4377
8820025	83332.Rv2626c	751	3167
8820233	83332.Rv2831	738	3999
8818308	83332.Rv0957	732	4322
8820110	83332.Rv2711	731	3652
8820149	83332.Rv2749	730	1408
8819681	83332.Rv2298	728	4381
8820102	83332.Rv2703	715	4704
8819954	83332.Rv2557	712	3877
8818206	83332.Rv0854	710	1635
8818277	83332.Rv0925c	708	3383
8818079	83332.Rv0730	706	4263
8821292	83332.Rv3864	706	2804
8819141	83332.Rv1771	705	6353
8818961	83332.Rv1594	700	5182
8817513	83332.Rv0183	697	5259
8820636	83332.Rv3221A	696	228
8818910	83332.Rv1543	693	5271
8817476	83332.Rv0147	691	6202
8817686	83332.Rv0352	689	5928
8818984	83332.Rv1617	687	8038
8821147	83332.Rv3722c	686	5908
8817984	83332.Rv0637	684	2515
8821348	83332.Rv3920c	683	2846
8819006	83332.Rv1638A	680	1429
8820994	83332.Rv3572	678	1337
8817625	83332.Rv0291	675	2884
8817986	83332.Rv0639	672	3268
8820537	83332.Rv3127	670	4580
8820509	83332.Rv3099c	668	3303
8821115	83332.Rv3692	667	5881
8821133	83332.Rv3708c	667	4121
8817417	83332.Rv0088	664	2989
8821208	83332.Rv3780	662	2542
8821160	83332.Rv3734c	660	6213
8817839	83332.Rv0500	660	2682
8819663	83332.Rv2280	658	5294
8819576	83332.Rv2198c	657	3473
8819919	83332.Rv2524c	657	38694
8820453	83332.Rv3044	657	3748
8820609	83332.Rv3196A	655	1487
8818800	83332.Rv1438	649	3694
8817580	83332.Rv0247c	647	4266
8818847	83332.Rv1484	645	3493
8818607	83332.Rv1248c	643	15657
8817808	83332.Rv0470c	640	5870
8817667	83332.Rv0333	633	1543
8818620	83332.Rv1261c	630	1860
8818671	83332.Rv1311	621	1498
8818449	83332.Rv1093	619	5134
8818846	83332.Rv1483	618	3111
8817840	83332.Rv0500A	613	1441
8818825	83332.Rv1463	612	5045
8819863	83332.Rv2468c	611	1307
8820916	83332.Rv3495c	610	3937
8820298	83332.Rv2895c	604	2422
8819243	83332.Rv1875	594	1554
8820166	83332.Rv2766c	593	2200
8817990	83332.Rv0643c	590	5916
8820345	83332.Rv2941	590	8376
8820417	83332.Rv3010c	589	2730
8819565	83332.Rv2187	587	9458
8818604	83332.Rv1245c	584	2648
8819601	83332.Rv2222c	581	4617
8818241	83332.Rv0889c	580	3945
8818852	83332.Rv1489	577	1449
8818479	83332.Rv1122	577	3731
8817563	83332.Rv0231	576	8092
8819960	83332.Rv2563	574	3900
8818661	83332.Rv1301	572	1940
8819406	83332.Rv2032	570	4231
8820701	83332.Rv3283	568	4614
8820895	83332.Rv3474	567	14101
8818147	83332.Rv0795	567	14101
8819546	83332.Rv2168c	567	14101
8819126	83332.Rv1757c	567	14101
8819481	83332.Rv2105	567	14101
8819661	83332.Rv2278	567	14101
8820595	83332.Rv3184	567	14101
8820597	83332.Rv3186	567	14101
8819132	83332.Rv1763	567	14101
8820047	83332.Rv2648	567	14101
8820216	83332.Rv2815c	567	14101
8819743	83332.Rv2354	567	14101
8820801	83332.Rv3381c	567	14101
8819875	83332.Rv2480c	567	14101
8820745	83332.Rv3325	567	14101
8818732	83332.Rv1370c	567	14101
8821005	83332.Rv3583c	561	1864
8819872	83332.Rv2477c	558	6687
8819288	83332.Rv1919c	554	1724
8820001	83332.Rv2603c	552	1720
8817694	83332.Rv0360c	551	975
8820180	83332.Rv2780	551	4458
8818628	83332.Rv1269c	550	1207
8820729	83332.Rv3311	548	3920
8818979	83332.Rv1612	545	3724
8819435	83332.Rv2061c	544	909
8821100	83332.Rv3678A	544	561
8818425	83332.Rv1071c	543	3368
8820314	83332.Rv2911	543	1009
8821295	83332.Rv3867	543	1493
8820416	83332.Rv3009c	539	4891
8819204	83332.Rv1836c	539	5594
8818752	83332.Rv1390	535	930
8820810	83332.Rv3390	534	2554
8818215	83332.Rv0863	533	751
8818017	83332.Rv0670	530	1855
8819820	83332.Rv2427c	529	4002
8818978	83332.Rv1611	527	4087
8818087	83332.Rv0738	527	1794
8817806	83332.Rv0469	526	4199
8818816	83332.Rv1454c	526	4432
8818911	83332.Rv1544	526	2373
8819498	83332.Rv2122c	525	932
8819237	83332.Rv1869c	523	4842
8818337	83332.Rv0984	520	2063
8817803	83332.Rv0466	516	3282
8818713	83332.Rv1352	515	646
8817901	83332.Rv0559c	515	849
8817362	83332.Rv0036c	515	3731
8819544	83332.Rv2166c	514	946
8819591	83332.Rv2213	514	6926
8819849	83332.Rv2455c	512	6880
8817827	83332.Rv0489	511	3419
8821307	83332.Rv3879c	507	5686
8818828	83332.Rv1466	506	949
8820789	83332.Rv3369	505	1481
8817780	83332.Rv0445c	500	1960
8820357	83332.Rv2952	500	2732
8820173	83332.Rv2773c	499	2577
8819527	83332.Rv2150c	499	3874
8819979	83332.Rv2582	497	2649
8817505	83332.Rv0175	497	1929
8820713	83332.Rv3295	495	2751
8819556	83332.Rv2178c	494	5533
8820331	83332.Rv2927c	494	2710
8819162	83332.Rv1794	494	3233
8820756	83332.Rv3336c	493	2296
8819194	83332.Rv1826	493	823
8821306	83332.Rv3878	492	1054
8820304	83332.Rv2901c	492	1080
8818162	83332.Rv0810c	490	687
8819605	83332.Rv2226	488	5047
8820885	83332.Rv3464	488	3152
8820452	83332.Rv3043c	487	2688
8818540	83332.Rv1181	486	17992
8817559	83332.Rv0227c	485	4227
8818674	83332.Rv1314c	484	1726
8818431	83332.Rv1077	483	5575
8817469	83332.Rv0140	482	605
8820821	83332.Rv3400	480	2203
8817508	83332.Rv0178	479	2628
8817566	83332.Rv0234c	476	5545
8817746	83332.Rv0411c	474	2094
8819871	83332.Rv2476c	474	16297
8819838	83332.Rv2444c	473	7121
8820457	83332.Rv3048c	471	2790
8817871	83332.Rv0530	470	3323
8817616	83332.Rv0282	469	5420
8817470	83332.Rv0141c	468	934
8820178	83332.Rv2778c	467	676
8819505	83332.Rv2129c	466	3510
8818298	83332.Rv0946c	463	4688
8819004	83332.Rv1637c	462	1690
8817504	83332.Rv0174	460	3944
8820271	83332.Rv2868c	459	4910
8817817	83332.Rv0479c	457	3402
8820912	83332.Rv3491	457	678
8820884	83332.Rv3463	456	2173
8817502	83332.Rv0172	456	4362
8820691	83332.Rv3273	455	5073
8820688	83332.Rv3270	454	5234
8818250	83332.Rv0898c	454	788
8817500	83332.Rv0170	453	3826
8821278	83332.Rv3850	453	1278
8818760	83332.Rv1398c	447	561
8817483	83332.Rv0154c	445	2903
8817852	83332.Rv0511	444	3702
8818433	83332.Rv1079	444	3102
8820153	83332.Rv2753c	444	2284
8817925	83332.Rv0583c	443	1090
8821036	83332.Rv3614c	443	1467
8817538	83332.Rv0206c	443	8286
8818555	83332.Rv1196	443	2462
8817655	83332.Rv0321	442	913
8819847	83332.Rv2453c	440	2309
8818634	83332.Rv1275	439	1982
8817570	83332.Rv0237	439	1964
8817604	83332.Rv0271c	439	6024
8817865	83332.Rv0524	439	3886
8819620	83332.Rv2239c	438	703
8820560	83332.Rv3149	437	1650
8817501	83332.Rv0171	437	3585
8820512	83332.Rv3102c	437	2055
8820398	83332.Rv2992c	434	4851
8820564	83332.Rv3153	433	1860
8820699	83332.Rv3281	432	1573
8817503	83332.Rv0173	430	3961
8819428	83332.Rv2054	427	2375
8819821	83332.Rv2428	426	2505
8821134	83332.Rv3709c	426	4029
8818582	83332.Rv1223	425	4934
8820460	83332.Rv3051c	421	6587
8820831	83332.Rv3410c	420	2992
8818778	83332.Rv1416	419	1945
8821296	83332.Rv3868	419	5154
8819367	83332.Rv1993c	418	1089
8817774	83332.Rv0439c	418	3194
8818502	83332.Rv1144	417	2370
8817521	83332.Rv0190	417	1249
8821130	83332.Rv3705c	416	716
8820140	83332.Rv2740	415	1244
8818108	83332.Rv0757	415	2892
8818320	83332.Rv0968	414	1106
8818223	83332.Rv0871	414	1360
8818153	83332.Rv0801	413	1424
8817801	83332.Rv0464c	413	2023
8818455	83332.Rv1099c	412	2904
8817582	83332.Rv0249c	412	1228
8817389	83332.Rv0063	412	2235
8820413	83332.Rv3006	411	3149
8819762	83332.Rv2373c	410	2735
8817372	83332.Rv0046c	409	3595
8817779	83332.Rv0444c	409	2155
8818080	83332.Rv0731c	408	3049
8818462	83332.Rv1106c	406	2288
8817790	83332.Rv0455c	406	1646
8820629	83332.Rv3213c	406	2205
8818878	83332.Rv1511	406	3600
8819507	83332.Rv2131c	403	2540
8821111	83332.Rv3688c	403	835
8820199	83332.Rv2799	403	1626
8817643	83332.Rv0309	402	775
8819572	83332.Rv2194	401	1279
8819780	83332.Rv2391	400	4184
8817717	83332.Rv0383c	400	2439
8818766	83332.Rv1404	399	1453
8817449	83332.Rv0120c	398	6161
8820291	83332.Rv2888c	398	2825
8820119	83332.Rv2720	398	1819
8819189	83332.Rv1821	397	6132
8817618	83332.Rv0284	396	11669
8817890	83332.Rv0548c	395	2642
8820605	83332.Rv3193c	394	7524
8820658	83332.Rv3240c	394	7659
8820558	83332.Rv3147	393	2535
8819284	83332.Rv1915	392	2427
8821093	83332.Rv3671c	390	2256
8817979	83332.Rv0634A	388	555
8821135	83332.Rv3710	388	5959
8820261	83332.Rv2859c	388	1009
8820332	83332.Rv2928	387	2914
8820442	83332.Rv3033	387	1178
8820776	83332.Rv3356c	384	2188
8818035	83332.Rv0688	384	2981
8819973	83332.Rv2576c	383	844
8820339	83332.Rv2935	383	11914
8817617	83332.Rv0283	382	3975
8817486	83332.Rv0157	382	2330
8819904	83332.Rv2509	382	2742
8819224	83332.Rv1856c	382	2742
8818980	83332.Rv1613	381	2173
8819561	83332.Rv2183c	380	737
8817795	83332.Rv0458	380	4241
8818131	83332.Rv0780	379	3127
8819961	83332.Rv2564	379	3318
8818170	83332.Rv0818	378	2010
8820554	83332.Rv3143	377	1293
8817520	83332.Rv0189c	377	3809
8819449	83332.Rv2074	376	1193
8820073	83332.Rv2674	376	969
8819985	83332.Rv2588c	375	965
8817836	83332.Rv0497	374	2039
8819370	83332.Rv1996	373	2860
8820899	83332.Rv3478	371	1542
8817485	83332.Rv0156	371	302
8819574	83332.Rv2196	371	3544
8820550	83332.Rv3139	370	3796
8819641	83332.Rv2259	369	2483
8821319	83332.Rv3891c	368	678
8818730	83332.Rv1368	367	1929
8819848	83332.Rv2454c	365	3762
8819197	83332.Rv1829	364	1281
8819597	83332.Rv2219	362	1139
8820551	83332.Rv3140	362	2578
8819539	83332.Rv2161c	362	2763
8820673	83332.Rv3255c	362	2016
8820832	83332.Rv3411c	362	4307
8820356	83332.Rv2951c	361	3525
8818701	83332.Rv1340	360	1990
8817764	83332.Rv0429c	360	919
8820788	83332.Rv3368c	360	2060
8817366	83332.Rv0040c	359	1611
8817484	83332.Rv0155	359	3664
8818807	83332.Rv1445c	357	1370
8820682	83332.Rv3264c	355	2839
8817672	83332.Rv0338c	352	6102
8820760	83332.Rv3340	352	3109
8818785	83332.Rv1423	351	2226
8819183	83332.Rv1815	351	709
8818033	83332.Rv0686	348	1755
8821341	83332.Rv3913	348	2884
8819976	83332.Rv2579	347	2352
8821253	83332.Rv3825c	347	15446
8819443	83332.Rv2068c	345	2058
8819823	83332.Rv2430c	344	1013
8819953	83332.Rv2556c	342	89
8820924	83332.Rv3503c	341	400
8818826	83332.Rv1464	341	3151
8817615	83332.Rv0281	340	3259
8818695	83332.Rv1334	340	1037
8817854	83332.Rv0513	339	637
8819888	83332.Rv2493	339	659
8818346	83332.Rv0993	339	1275
8821281	83332.Rv3853	338	1020
8818539	83332.Rv1180	337	2438
8821227	83332.Rv3799c	336	4503
8820914	83332.Rv3493c	335	1105
8821010	83332.Rv3588c	335	1132
8817497	83332.Rv0167	334	1389
8819822	83332.Rv2429	332	1086
8817370	83332.Rv0044c	331	1085
8820562	83332.Rv3151	330	5994
8821068	83332.Rv3646c	330	6460
8820099	83332.Rv2700	330	1182
8820630	83332.Rv3214	329	1715
8817904	83332.Rv0562	328	2463
8817695	83332.Rv0361	328	1241
8820130	83332.Rv2731	328	2478
8818965	83332.Rv1598c	328	1215
8819571	83332.Rv2193	328	830
8820115	83332.Rv2716	327	1226
8817332	83332.Rv0006	326	6185
8818111	83332.Rv0760c	326	1190
8819285	83332.Rv1916	326	3305
8819045	83332.Rv1677	325	422
8819672	83332.Rv2289	324	1644
8818103	83332.Rv0753c	324	3612
8820243	83332.Rv2841c	323	2235
8818722	83332.Rv1361c	322	2049
8819957	83332.Rv2560	321	305
8819223	83332.Rv1855c	321	2437
8821219	83332.Rv3791	320	1725
8820028	83332.Rv2629	320	3059
8818654	83332.Rv1294	320	2449
8820620	83332.Rv3205c	319	1872
8820358	83332.Rv2953	317	3960
8819608	83332.Rv2229c	317	1725
8819022	83332.Rv1654	316	1624
8817568	83332.Rv0236A	316	383
8820639	83332.Rv3223c	316	1543
8818359	83332.Rv1006	315	3756
8820812	83332.Rv3392c	315	5901
8820117	83332.Rv2718c	315	894
8821206	83332.Rv3778c	314	2802
8819893	83332.Rv2498c	313	1686
8817331	83332.Rv0005	312	3997
8818354	83332.Rv1001	312	3269
8820529	83332.Rv3119	311	1330
8817499	83332.Rv0169	311	2564
8819379	83332.Rv2005c	308	1639
8817574	83332.Rv0241c	308	1345
8820093	83332.Rv2694c	306	818
8818771	83332.Rv1409	304	2471
8818593	83332.Rv1234	303	962
8820694	83332.Rv3276c	303	2212
8820090	83332.Rv2691	303	1361
8817888	83332.Rv0546c	302	756
8820559	83332.Rv3148	302	3086
8818453	83332.Rv1097c	301	812
8819026	83332.Rv1658	301	3225
8818336	83332.Rv0983	300	2760
8819969	83332.Rv2572c	299	2878
8820612	83332.Rv3198A	298	791
8818173	83332.Rv0821c	298	1884
8817845	83332.Rv0504c	298	1152
8820259	83332.Rv2857c	298	799
8820075	83332.Rv2676c	295	1893
8820101	83332.Rv2702	295	1838
8817510	83332.Rv0180c	294	1636
8820393	83332.Rv2987c	294	2145
8820096	83332.Rv2697c	293	1247
8818981	83332.Rv1614	293	2679
8817735	83332.Rv0400c	292	2933
8819673	83332.Rv2290	292	629
8820546	83332.Rv3136	291	670
8817766	83332.Rv0431	290	676
8817577	83332.Rv0244c	290	4911
8819150	83332.Rv1780	289	1198
8818255	83332.Rv0903c	289	1777
8817918	83332.Rv0576	289	2490
8817778	83332.Rv0443	289	1752
8819497	83332.Rv2121c	288	1945
8821145	83332.Rv3720	288	2751
8819020	83332.Rv1652	287	1679
8820992	83332.Rv3570c	286	2089
8820322	83332.Rv2919c	286	562
8817548	83332.Rv0216	285	1230
8818042	83332.Rv0694	284	1629
8820241	83332.Rv2839c	282	5103
8817829	83332.Rv0491	282	1571
8819931	83332.Rv2535c	281	2205
8819842	83332.Rv2448c	281	5323
8817334	83332.Rv0008c	281	527
8819051	83332.Rv1683	281	6034
8818083	83332.Rv0734	280	1651
8818565	83332.Rv1206	279	3891
8820817	83332.Rv3396c	279	2433
8818465	83332.Rv1109c	278	1469
8818968	83332.Rv1601	278	741
8820399	83332.Rv2993c	277	1032
8820005	83332.Rv2607	277	1772
8819376	83332.Rv2002	277	943
8821345	83332.Rv3917c	276	2342
8818568	83332.Rv1209	275	483
8820906	83332.Rv3485c	275	2021
8819352	83332.Rv1981c	274	2137
8819808	83332.Rv2416c	274	2512
8817368	83332.Rv0042c	273	1049
8818774	83332.Rv1412	272	979
8819268	83332.Rv1899c	270	1968
8820418	83332.Rv3011c	270	2004
8819071	83332.Rv1703c	270	1643
8821090	83332.Rv3668c	269	456
8821056	83332.Rv3634c	268	1584
8819549	83332.Rv2171	268	1025
8821181	83332.Rv3755c	266	743
8820822	83332.Rv3401	266	4374
8818703	83332.Rv1342c	266	706
8820540	83332.Rv3130c	265	2307
8818743	83332.Rv1381	265	1654
8819193	83332.Rv1825	265	1342
8820557	83332.Rv3146	264	808
8820247	83332.Rv2845c	264	3903
8819553	83332.Rv2175c	263	829
8819624	83332.Rv2243	263	1277
8818579	83332.Rv1220c	263	1191
8819491	83332.Rv2115c	262	3096
8819404	83332.Rv2030c	261	4374
8818598	83332.Rv1239c	260	1425
8819152	83332.Rv1782	260	2166
8819163	83332.Rv1795	260	2214
8819972	83332.Rv2575	259	1173
8820544	83332.Rv3134c	259	962
8820552	83332.Rv3141	259	1429
8817622	83332.Rv0288	258	172
8820626	83332.Rv3210c	258	1387
8817733	83332.Rv0398c	256	760
8821299	83332.Rv3871	255	2491
8817519	83332.Rv0188	255	477
8817531	83332.Rv0199	255	929
8821148	83332.Rv3723	255	903
8820240	83332.Rv2838c	255	1083
8819517	83332.Rv2141c	254	2434
8820067	83332.Rv2668	254	754
8819594	83332.Rv2216	253	1291
8821022	83332.Rv3600c	253	1224
8817812	83332.Rv0474	253	1080
8820659	83332.Rv3241c	253	1206
8817367	83332.Rv0041	252	4690
8819952	83332.Rv2555c	252	5174
8820263	83332.Rv2861c	251	943
8820621	83332.Rv3206c	250	2444
8818026	83332.Rv0679c	250	438
8819677	83332.Rv2294	249	2527
8820515	83332.Rv3105c	248	2245
8818663	83332.Rv1303	248	542
8817724	83332.Rv0390	248	540
8819140	83332.Rv1770	247	2283
8819860	83332.Rv2466c	245	1067
8819603	83332.Rv2224c	245	2426
8818261	83332.Rv0909	244	374
8820977	83332.Rv3556c	244	1929
8818994	83332.Rv1627c	244	2260
8820165	83332.Rv2765	243	1273
8817691	83332.Rv0357c	243	1579
8820013	83332.Rv2614c	243	3153
8817562	83332.Rv0230c	243	1227
8818459	83332.Rv1103c	242	291
8817758	83332.Rv0423c	241	2862
8819870	83332.Rv2475c	239	725
8820737	83332.Rv3318	238	2414
8820941	83332.Rv3520c	237	2060
8817753	83332.Rv0418	237	2102
8818926	83332.Rv1559	237	1350
8818748	83332.Rv1386	236	444
8820516	83332.Rv3106	236	2438
8819748	83332.Rv2359	236	743
8818975	83332.Rv1608c	235	768
8818022	83332.Rv0675	234	1677
8819024	83332.Rv1656	233	793
8821244	83332.Rv3816c	233	1111
8817408	83332.Rv0079	233	1177
8818960	83332.Rv1593c	233	1249
8818970	83332.Rv1603	232	1846
8817518	83332.Rv0187	231	1014
8818966	83332.Rv1599	231	963
8820886	83332.Rv3465	231	972
8819801	83332.Rv2409c	230	1013
8817725	83332.Rv0391	230	2197
8819100	83332.Rv1731	230	2529
8818898	83332.Rv1531	230	1064
8817742	83332.Rv0407	229	1986
8818019	83332.Rv0672	229	2725
8820319	83332.Rv2916c	229	2438
8817374	83332.Rv0048c	228	1051
8818410	83332.Rv1056	227	1539
8821004	83332.Rv3582c	227	1246
8817957	83332.Rv0613c	227	3730
8817340	83332.Rv0014c	226	2908
8818140	83332.Rv0788	226	1415
8818843	83332.Rv1480	226	1550
8818229	83332.Rv0877	225	678
8819251	83332.Rv1883c	225	837
8819592	83332.Rv2214c	224	2018
8819588	83332.Rv2210c	223	2631
8819899	83332.Rv2504c	222	970
8817473	83332.Rv0144	221	1294
8819018	83332.Rv1650	221	3683
8820615	83332.Rv3200c	221	1905
8819200	83332.Rv1832	220	3730
8819466	83332.Rv2090	220	1781
8817630	83332.Rv0296c	220	2111
8820376	83332.Rv2970c	219	1718
8820511	83332.Rv3101c	218	1202
8818151	83332.Rv0799c	217	1515
8819550	83332.Rv2172c	217	1200
8818635	83332.Rv1276c	216	875
8820082	83332.Rv2683	215	853
8818025	83332.Rv0678	215	673
8819898	83332.Rv2503c	215	812
8818059	83332.Rv0711	214	2617
8818652	83332.Rv1292	214	2820
8817554	83332.Rv0222	214	1216
8819832	83332.Rv2438c	214	2168
8817387	83332.Rv0061c	213	244
8818976	83332.Rv1609	213	2244
8817624	83332.Rv0290	212	1473
8820655	83332.Rv3237c	212	643
8818155	83332.Rv0803	212	3201
8821073	83332.Rv3651	212	2001
8818839	83332.Rv1476	212	694
8819674	83332.Rv2291	211	585
8818001	83332.Rv0654	211	2089
8821316	83332.Rv3888c	211	1790
8819746	83332.Rv2357c	210	2846
8819581	83332.Rv2203	210	1030
8818805	83332.Rv1443c	210	748
8817665	83332.Rv0331	209	1488
8821146	83332.Rv3721c	209	2141
8818125	83332.Rv0774c	208	474
8821266	83332.Rv3838c	208	1590
8817327	83332.Rv0001	208	2188
8820071	83332.Rv2672	208	1521
8819575	83332.Rv2197c	208	452
8820447	83332.Rv3038c	208	1555
8817747	83332.Rv0412c	207	1986
8820561	83332.Rv3150	207	2065
8817981	83332.Rv0634c	207	922
8818165	83332.Rv0813c	206	1158
8819703	83332.Rv2315c	206	2480
8817437	83332.Rv0108c	206	495
8820541	83332.Rv3131	205	1469
8819851	83332.Rv2457c	205	1830
8821304	83332.Rv3876	204	2687
8820260	83332.Rv2858c	204	1496
8820949	83332.Rv3528c	204	981
8819702	83332.Rv2314c	204	1904
8820324	83332.Rv2921c	203	1482
8818529	83332.Rv1170	203	1142
8818742	83332.Rv1380	202	1147
8818696	83332.Rv1335	202	427
8820857	83332.Rv3436c	202	3232
8819153	83332.Rv1783	201	5715
8817653	83332.Rv0319	201	413
8821349	83332.Rv3921c	201	899
8820548	83332.Rv3137	200	754
8818824	83332.Rv1462	200	1863
8817455	83332.Rv0126	200	2358
8818338	83332.Rv0985c	200	795
8817648	83332.Rv0314c	199	737
8818903	83332.Rv1536	199	3938
8819528	83332.Rv2151c	198	1252
8819215	83332.Rv1847	198	318
8818161	83332.Rv0809	198	1565
8817399	83332.Rv0072	198	1562
8818205	83332.Rv0853c	197	2216
8818888	83332.Rv1521	197	3858
8819175	83332.Rv1807	197	205
8820372	83332.Rv2967c	197	4523
8819535	83332.Rv2158c	196	2393
8820364	83332.Rv2959c	195	1017
8818360	83332.Rv1007c	195	2291
8820079	83332.Rv2680	195	764
8819983	83332.Rv2586c	194	1535
8818933	83332.Rv1566c	194	697
8819420	83332.Rv2046	194	753
8821286	83332.Rv3858c	193	2037
8819802	83332.Rv2410c	193	1311
8820021	83332.Rv2622	193	1079
8818072	83332.Rv0724	193	2462
8821102	83332.Rv3679	193	1386
8817866	83332.Rv0525	193	1053
8819120	83332.Rv1751	193	2008
8817815	83332.Rv0477	192	456
8821020	83332.Rv3598c	192	1670
8821031	83332.Rv3609c	192	541
8820078	83332.Rv2679	192	1217
8821089	83332.Rv3667	192	2679
8818251	83332.Rv0899	191	1163
8819978	83332.Rv2581c	191	1169
8818561	83332.Rv1202	191	1250
8817395	83332.Rv0068	190	1795
8820499	83332.Rv3090	190	1442
8820862	83332.Rv3441c	189	1854
8818061	83332.Rv0713	189	929
8819633	83332.Rv2251	189	1610
8821152	83332.Rv3726	189	1648
8818762	83332.Rv1400c	189	1085
8821287	83332.Rv3859c	189	5949
8818469	83332.Rv1113	189	221
8819349	83332.Rv1978	188	1035
8819781	83332.Rv2392	188	987
8819783	83332.Rv2394	187	1870
8820100	83332.Rv2701c	187	1115
8818240	83332.Rv0888	187	898
8818739	83332.Rv1377c	187	890
8820091	83332.Rv2692	186	929
8821187	83332.Rv3761c	186	1651
8818324	83332.Rv0972c	185	1458
8820730	83332.Rv3312A	185	72
8821032	83332.Rv3610c	185	3219
8817475	83332.Rv0146	184	1913
8818552	83332.Rv1193	183	1569
8818279	83332.Rv0927c	183	653
8817344	83332.Rv0018c	183	1526
8819035	83332.Rv1667c	182	513
8817388	83332.Rv0062	182	1186
8817906	83332.Rv0564c	182	1541
8819923	83332.Rv2528c	181	1214
8819631	83332.Rv2250A	181	218
8820361	83332.Rv2956	181	967
8817456	83332.Rv0127	180	2119
8820003	83332.Rv2605c	180	1168
8820390	83332.Rv2984	180	2859
8820623	83332.Rv3208	180	1052
8819023	83332.Rv1655	179	1386
8818101	83332.Rv0751c	179	1103
8818913	83332.Rv1546	179	441
8821107	83332.Rv3684	179	1371
8820742	83332.Rv3323c	179	1263
8819139	83332.Rv1769	178	938
8821003	83332.Rv3581c	177	622
8819473	83332.Rv2097c	177	1971
8821254	83332.Rv3826	177	3527
8820844	83332.Rv3423c	177	1433
8818833	83332.Rv1471	177	423
8819642	83332.Rv2260	176	215
8819281	83332.Rv1912c	176	1156
8817992	83332.Rv0645c	175	1531
8819994	83332.Rv2597	175	711
8820410	83332.Rv3003c	174	2354
8819890	83332.Rv2495c	173	1491
8820262	83332.Rv2860c	173	1942
8820825	83332.Rv3404c	173	1100
8820455	83332.Rv3046c	173	663
8818426	83332.Rv1072	172	440
8818625	83332.Rv1266c	172	1975
8819734	83332.Rv2345	172	2588
8817822	83332.Rv0484c	172	1027
8821185	83332.Rv3759c	171	491
8820246	83332.Rv2844	171	530
8818120	83332.Rv0769	171	969
8820370	83332.Rv2965c	170	819
8817341	83332.Rv0015c	170	1421
8818544	83332.Rv1185c	169	2269
8820113	83332.Rv2714	169	1178
8820940	83332.Rv3519	169	1028
8820477	83332.Rv3068c	169	1899
8820853	83332.Rv3432c	169	2060
8819292	83332.Rv1923	168	1356
8821237	83332.Rv3809c	167	1263
8821002	83332.Rv3580c	166	2081
8820409	83332.Rv3002c	165	723
8819047	83332.Rv1679	165	1396
8818879	83332.Rv1512	165	703
8819534	83332.Rv2157c	165	1463
8818110	83332.Rv0759c	165	487
8821203	83332.Rv3775	163	1501
8818827	83332.Rv1465	163	557
8820095	83332.Rv2696c	163	896
8820131	83332.Rv2732c	163	703
8820309	83332.Rv2906c	163	710
8818844	83332.Rv1481	161	1295
8820967	83332.Rv3546	161	926
8818797	83332.Rv1435c	161	56
8819984	83332.Rv2587c	161	1508
8818550	83332.Rv1191	161	1424
8819275	83332.Rv1906c	161	208
8817642	83332.Rv0308	161	765
8818777	83332.Rv1415	160	1942
8818626	83332.Rv1267c	160	1820
8818753	83332.Rv1391	160	1203
8817555	83332.Rv0223c	160	1096
8818138	83332.Rv0787	160	864
8817406	83332.Rv0078A	159	454
8819409	83332.Rv2035	159	539
8820459	83332.Rv3050c	159	623
8820997	83332.Rv3575c	159	1118
8821029	83332.Rv3607c	159	464
8818588	83332.Rv1229c	158	1149
8819490	83332.Rv2114	158	609
8819936	83332.Rv2540c	158	1569
8817942	83332.Rv0599c	158	312
8818534	83332.Rv1175c	158	2110
8820990	83332.Rv3568c	157	1032
8820721	83332.Rv3303c	157	1052
8821055	83332.Rv3633	157	1197
8820337	83332.Rv2933	156	8523
8817728	83332.Rv0394c	156	503
8817626	83332.Rv0292	156	1446
8820387	83332.Rv2981c	156	1103
8819906	83332.Rv2511	155	496
8820024	83332.Rv2625c	155	849
8819723	83332.Rv2334	155	1182
8817532	83332.Rv0200	155	590
8818707	83332.Rv1346	155	901
8820074	83332.Rv2675c	155	683
8818749	83332.Rv1387	154	855
8819201	83332.Rv1833c	154	1132
8820627	83332.Rv3211	154	1351
8820738	83332.Rv3319	153	778
8819220	83332.Rv1852	153	735
8820628	83332.Rv3212	153	1031
8818823	83332.Rv1461	153	2627
8818653	83332.Rv1293	152	1814
8819715	83332.Rv2327	152	550
8819260	83332.Rv1891	152	326
8820306	83332.Rv2903c	152	854
8817482	83332.Rv0153c	152	660
8817896	83332.Rv0554	151	878
8817506	83332.Rv0176	151	1040
8818829	83332.Rv1467c	151	2287
8819959	83332.Rv2562	150	300
8819077	83332.Rv1708	150	1061
8820784	83332.Rv3364c	150	184
8820565	83332.Rv3154	149	546
8819280	83332.Rv1911c	149	230
8820719	83332.Rv3301c	149	863
8821200	83332.Rv3772	149	1087
8818723	83332.Rv1362c	149	408
8818182	83332.Rv0830	149	1168
8820955	83332.Rv3534c	148	1050
8817452	83332.Rv0123	148	307
8820859	83332.Rv3438	147	719
8821103	83332.Rv3680	147	1532
8818619	83332.Rv1260	147	1270
8817448	83332.Rv0119	147	1351
8819986	83332.Rv2589	146	1587
8819747	83332.Rv2358	146	332
8819895	83332.Rv2500c	146	1445
8820026	83332.Rv2627c	146	1290
8820759	83332.Rv3339c	146	1100
8818366	83332.Rv1013	145	1591
8818880	83332.Rv1513	145	1128
8818253	83332.Rv0901	145	324
8818688	83332.Rv1327c	145	2323
8819044	83332.Rv1676	145	637
8818996	83332.Rv1629	145	3429
8821297	83332.Rv3869	144	1580
8820463	83332.Rv3054c	144	392
8819488	83332.Rv2112c	144	1725
8818990	83332.Rv1623c	144	1457
8818309	83332.Rv0958	144	1345
8819116	83332.Rv1747	144	2815
8819198	83332.Rv1830	143	388
8821298	83332.Rv3870	143	2118
8819933	83332.Rv2537c	142	337
8817723	83332.Rv0389	142	1027
8817910	83332.Rv0568	142	1222
8817650	83332.Rv0316	142	390
8821335	83332.Rv3907c	142	1510
8819188	83332.Rv1820	141	1542
8817668	83332.Rv0334	141	883
8818659	83332.Rv1299	141	1025
8819990	83332.Rv2593c	141	682
8820394	83332.Rv2988c	141	1126
8818254	83332.Rv0902c	140	1075
8817951	83332.Rv0608	140	110
8818210	83332.Rv0858c	140	774
8817864	83332.Rv0523c	140	504
8819667	83332.Rv2284	139	1148
8820239	83332.Rv2837c	139	1273
8818995	83332.Rv1628c	139	534
8821311	83332.Rv3883c	138	810
8821294	83332.Rv3866	138	660
8818594	83332.Rv1235	138	1065
8817637	83332.Rv0303	138	691
8819865	83332.Rv2470	138	411
8821224	83332.Rv3796	138	678
8819981	83332.Rv2584c	137	955
8819063	83332.Rv1695	137	650
8820327	83332.Rv2923c	137	473
8819403	83332.Rv2029c	137	774
8818262	83332.Rv0910	137	406
8821106	83332.Rv3683	136	1163
8819178	83332.Rv1810	136	381
8817785	83332.Rv0450c	136	2633
8818437	83332.Rv1083	136	360
8819881	83332.Rv2486	135	939
8820662	83332.Rv3244c	135	1392
8817853	83332.Rv0512	134	1020
8818371	83332.Rv1018c	134	1696
8818597	83332.Rv1238	134	1410
8818474	83332.Rv1117	133	423
8820495	83332.Rv3086	133	1201
8817759	83332.Rv0424c	133	243
8817530	83332.Rv0198c	133	1693
8817528	83332.Rv0196	132	573
8818616	83332.Rv1257c	132	1144
8821140	83332.Rv3715c	132	555
8820631	83332.Rv3215	132	1057
8817745	83332.Rv0410c	131	2399
8820018	83332.Rv2619c	131	395
8821110	83332.Rv3687c	131	97
8820634	83332.Rv3219	131	95
8817875	83332.Rv0533c	130	874
8820710	83332.Rv3292	130	1000
8818700	83332.Rv1339	130	805
8817517	83332.Rv0186A	130	216
8818292	83332.Rv0940c	129	1035
8817772	83332.Rv0437c	129	871
8819955	83332.Rv2558	129	779
8819585	83332.Rv2207	129	831
8820112	83332.Rv2713	129	1262
8818646	83332.Rv1287	129	363
8819739	83332.Rv2350c	128	1910
8820542	83332.Rv3132c	128	1658
8818414	83332.Rv1060	127	490
8820991	83332.Rv3569c	127	911
8818664	83332.Rv1304	127	627
8819472	83332.Rv2096c	127	594
8819067	83332.Rv1699	127	1668
8820188	83332.Rv2788	126	674
8820728	83332.Rv3310	126	338
8820722	83332.Rv3304	126	512
8820388	83332.Rv2982c	126	741
8819381	83332.Rv2007c	125	290
8817339	83332.Rv0013	125	387
8818010	83332.Rv0663	125	1413
8820854	83332.Rv3433c	125	858
8818123	83332.Rv0772	125	1303
8817762	83332.Rv0427c	125	667
8819560	83332.Rv2182c	125	633
8820649	83332.Rv3231c	124	357
8818412	83332.Rv1058	124	1492
8819803	83332.Rv2411c	124	1709
8819894	83332.Rv2499c	124	379
8819818	83332.Rv2426c	124	869
8817855	83332.Rv0514	124	120
8820458	83332.Rv3049c	124	1263
8820467	83332.Rv3058c	124	610
8820354	83332.Rv2949c	124	666
8817666	83332.Rv0332	124	681
8821242	83332.Rv3814c	124	669
8817647	83332.Rv0313	124	430
8821262	83332.Rv3834c	123	1127
8817842	83332.Rv0501	123	1065
8817849	83332.Rv0508	123	169
8820693	83332.Rv3275c	123	273
8821236	83332.Rv3808c	123	1685
8818633	83332.Rv1274	123	277
8818900	83332.Rv1533	123	1084
8818374	83332.Rv1021	123	870
8819270	83332.Rv1901	122	1127
8820335	83332.Rv2931	122	5319
8819529	83332.Rv2152c	122	907
8819514	83332.Rv2138	122	791
8820911	83332.Rv3490	122	1362
8821026	83332.Rv3604c	121	990
8819824	83332.Rv2431c	121	257
8819057	83332.Rv1689	121	1168
8820397	83332.Rv2991	121	401
8820338	83332.Rv2934	121	3734
8817994	83332.Rv0647c	120	1375
8820336	83332.Rv2932	120	4871
8818676	83332.Rv1316c	120	383
8819511	83332.Rv2135c	120	640
8818218	83332.Rv0866	119	432
8818128	83332.Rv0777	119	1257
8819061	83332.Rv1693	119	143
8821170	83332.Rv3744	119	148
8818639	83332.Rv1280c	119	1038
8819584	83332.Rv2206	119	161
8818551	83332.Rv1192	119	778
8820449	83332.Rv3040c	119	958
8818060	83332.Rv0712	119	900
8819590	83332.Rv2212	119	1027
8817681	83332.Rv0347	118	1008
8818124	83332.Rv0773c	118	994
8820675	83332.Rv3257c	118	1205
8819619	83332.Rv2238c	118	434
8818967	83332.Rv1600	118	924
8820257	83332.Rv2855	118	1069
8820610	83332.Rv3197	118	1164
8817676	83332.Rv0342	118	1268
8819977	83332.Rv2580c	118	958
8819653	83332.Rv2271	118	242
8819843	83332.Rv2449c	117	1361
8819165	83332.Rv1797	117	807
8818024	83332.Rv0677c	117	446
8817690	83332.Rv0356c	117	486
8820334	83332.Rv2930	117	1723
8819246	83332.Rv1878	117	710
8817726	83332.Rv0392c	117	1227
8818577	83332.Rv1218c	116	987
8821235	83332.Rv3807c	116	335
8817535	83332.Rv0203	116	216
8818656	83332.Rv1296	115	467
8818624	83332.Rv1265	115	666
8818463	83332.Rv1107c	115	335
8820023	83332.Rv2624c	115	762
8820725	83332.Rv3307	115	434
8821049	83332.Rv3627c	114	966
8818808	83332.Rv1446c	114	707
8818222	83332.Rv0870c	114	154
8819506	83332.Rv2130c	113	1217
8820359	83332.Rv2954c	113	631
8820290	83332.Rv2887	113	318
8821338	83332.Rv3910	113	2833
8821138	83332.Rv3713	113	585
8820190	83332.Rv2790c	112	745
8818969	83332.Rv1602	112	391
8820936	83332.Rv3515c	112	1292
8817846	83332.Rv0505c	112	663
8819021	83332.Rv1653	111	920
8819212	83332.Rv1844c	111	906
8818501	83332.Rv1143	111	737
8817392	83332.Rv0065	111	417
8818146	83332.Rv0794c	111	1244
8819048	83332.Rv1680	111	633
8819811	83332.Rv2419c	111	568
8821142	83332.Rv3717	110	453
8821336	83332.Rv3908	110	397
8820340	83332.Rv2936	109	979
8819945	83332.Rv2548A	109	261
8820184	83332.Rv2784c	109	331
8820985	83332.Rv3564	109	464
8820325	83332.Rv2922A	109	309
8821291	83332.Rv3863	109	474
8818285	83332.Rv0933	109	694
8818746	83332.Rv1384	108	2092
8821218	83332.Rv3790	108	1185
8818702	83332.Rv1341	108	356
8818196	83332.Rv0844c	108	512
8820734	83332.Rv3315c	108	417
8820579	83332.Rv3168	108	940
8817818	83332.Rv0480c	108	661
8818347	83332.Rv0994	108	1058
8817507	83332.Rv0177	107	444
8817460	83332.Rv0131c	107	1143
8821105	83332.Rv3682	107	1784
8818207	83332.Rv0855	107	627
8820411	83332.Rv3004	107	131
8818266	83332.Rv0914c	107	865
8821129	83332.Rv3705A	106	69
8820674	83332.Rv3256c	106	729
8821024	83332.Rv3602c	106	740
8820898	83332.Rv3477	106	180
8820406	83332.Rv2999	106	898
8821310	83332.Rv3882c	105	1083
8818483	83332.Rv1126c	105	449
8819680	83332.Rv2297	105	436
8818745	83332.Rv1383	105	501
8821180	83332.Rv3754	105	626
8818510	83332.Rv1152	105	224
8821282	83332.Rv3854c	105	1080
8820572	83332.Rv3161c	105	1074
8820702	83332.Rv3284	105	208
8817857	83332.Rv0516c	104	405
8821205	83332.Rv3777	104	509
8818109	83332.Rv0758	104	1282
8819066	83332.Rv1698	104	662
8820451	83332.Rv3042c	104	1266
8819929	83332.Rv2533c	104	385
8820645	83332.Rv3227	103	1029
8818152	83332.Rv0800	103	904
8818687	83332.Rv1326c	103	1853
8818258	83332.Rv0906	103	1063
8817889	83332.Rv0547c	103	738
8820421	83332.Rv3014c	103	1421
8819005	83332.Rv1638	102	2452
8817929	83332.Rv0587	102	496
8819148	83332.Rv1778c	102	393
8819891	83332.Rv2496c	102	968
8820125	83332.Rv2726c	102	428
8817385	83332.Rv0059	102	453
8820244	83332.Rv2842c	102	332
8818307	83332.Rv0956	101	355
8818016	83332.Rv0669c	101	1123
8817491	83332.Rv0161	101	1046
8818741	83332.Rv1379	101	374
8818622	83332.Rv1263	100	975
8820154	83332.Rv2754c	100	552
8818591	83332.Rv1232c	100	684
8818675	83332.Rv1315	99.8	829
8818875	83332.Rv1508c	99.7	1192
8818863	83332.Rv1498c	98.8	503
8817768	83332.Rv0433	98.6	949
8820956	83332.Rv3535c	98.3	574
8819639	83332.Rv2257c	97.9	652
8820498	83332.Rv3089	97.6	1192
8818334	83332.Rv0981	97.4	397
8819425	83332.Rv2051c	97.2	1631
8818781	83332.Rv1419	97.2	305
8820057	83332.Rv2658c	97.2	292
8820727	83332.Rv3309c	96.9	345
8821352	83332.Rv3924c	96.9	3
8818436	83332.Rv1082	95.7	723
8820711	83332.Rv3293	95.4	581
8819607	83332.Rv2228c	95.2	849
8820470	83332.Rv3061c	95.1	1416
8817420	83332.Rv0091	95.1	717
8820606	83332.Rv3194c	94.4	638
8818345	83332.Rv0992c	94.4	166
8819164	83332.Rv1796	94.3	924
8819510	83332.Rv2134c	94.2	333
8818873	83332.Rv1507c	94.1	570
8820957	83332.Rv3536c	94.1	465
8820696	83332.Rv3278c	93.8	254
8820732	83332.Rv3313c	93.7	785
8818372	83332.Rv1019	93.6	384
8817410	83332.Rv0081	93.6	102
8817607	83332.Rv0274	93.4	291
8820189	83332.Rv2789c	93.2	890
8821158	83332.Rv3732	93.2	551
8818665	83332.Rv1305	93.1	17
8819489	83332.Rv2113	93.1	690
8820744	83332.Rv3324c	93.1	342
8820097	83332.Rv2698	93.1	288
8821246	83332.Rv3818	93.0	904
8817565	83332.Rv0233	93.0	807
8817404	83332.Rv0077c	92.8	643
8819621	83332.Rv2240c	92.7	260
8819905	83332.Rv2510c	92.6	1149
8817798	83332.Rv0461	92.5	347
8817756	83332.Rv0421c	92.3	293
8818456	83332.Rv1100	92.2	578
8818574	83332.Rv1215c	91.9	1019
8819112	83332.Rv1743	91.6	1157
8819951	83332.Rv2554c	91.5	344
8818028	83332.Rv0681	91.3	354
8818457	83332.Rv1101c	91.2	514
8818513	83332.Rv1155	91.0	244
8817754	83332.Rv0419	90.9	980
8818217	83332.Rv0865	90.9	130
8821119	83332.Rv3696c	90.7	1248
8818768	83332.Rv1406	90.5	440
8820777	83332.Rv3357	90.5	174
8819987	83332.Rv2590	90.4	2051
8820830	83332.Rv3409c	90.3	944
8820720	83332.Rv3302c	90.3	1061
8820563	83332.Rv3152	90.3	444
8820740	83332.Rv3321c	90.1	134
8818263	83332.Rv0911	90.1	401
8819248	83332.Rv1880c	89.5	875
8819733	83332.Rv2344c	89.3	690
8817345	83332.Rv0019c	89.3	409
8818985	83332.Rv1618	89.2	885
8817598	83332.Rv0265c	89.2	565
8819052	83332.Rv1684	88.3	184
8818232	83332.Rv0880	88.2	243
8818638	83332.Rv1279	87.6	1045
8820360	83332.Rv2955c	87.5	679
8821179	83332.Rv3753c	87.4	197
8819877	83332.Rv2482c	87.3	1295
8817947	83332.Rv0604	87.3	458
8818325	83332.Rv0973c	87.1	1087
8819494	83332.Rv2118c	86.9	727
8818304	83332.Rv0953c	86.9	695
8818770	83332.Rv1408	86.7	163
8818488	83332.Rv1131	86.5	636
8819971	83332.Rv2574	86.4	294
8819841	83332.Rv2447c	86.3	792
8818352	83332.Rv0999	86.2	407
8818081	83332.Rv0732	86.1	919
8818759	83332.Rv1397c	85.9	186
8820249	83332.Rv2847c	85.6	503
8819965	83332.Rv2568c	85.5	549
8819265	83332.Rv1896c	85.2	671
8819375	83332.Rv2001	85.0	493
8818724	83332.Rv1363c	85.0	267
8817816	83332.Rv0478	84.5	349
8819117	83332.Rv1748	84.5	368
8817378	83332.Rv0052	84.2	350
8819411	83332.Rv2037c	84.2	587
8818265	83332.Rv0913c	84.2	716
8818137	83332.Rv0786c	84.0	247
8820194	83332.Rv2794c	84.0	255
8817488	83332.Rv0158	83.8	453
8821314	83332.Rv3886c	83.8	789
8819791	83332.Rv2400c	83.2	693
8820412	83332.Rv3005c	83.2	281
8817749	83332.Rv0414c	83.1	347
8820107	83332.Rv2708c	83.1	136
8818962	83332.Rv1595	83.0	762
8819634	83332.Rv2252	82.9	463
8819763	83332.Rv2374c	82.7	733
8817571	83332.Rv0238	82.6	323
8820425	83332.Rv3018A	82.5	178
8818850	83332.Rv1487	82.5	124
8818998	83332.Rv1631	82.3	622
8819017	83332.Rv1649	82.3	459
8820689	83332.Rv3271c	82.3	147
8820151	83332.Rv2751	81.9	589
8821025	83332.Rv3603c	81.8	335
8819027	83332.Rv1659	81.7	769
8819688	83332.Rv2305	81.4	797
8820150	83332.Rv2750	81.2	253
8817466	83332.Rv0137c	81.1	312
8817770	83332.Rv0435c	81.1	1389
8818364	83332.Rv1011	81.0	413
8818344	83332.Rv0991c	81.0	286
8819752	83332.Rv2363	81.0	854
8821194	83332.Rv3768	80.9	175
8819515	83332.Rv2139	80.6	662
8820723	83332.Rv3305c	80.4	722
8821230	83332.Rv3802c	80.4	456
8820395	83332.Rv2989	80.3	456
8819963	83332.Rv2566	80.2	1705
8817400	83332.Rv0073	80.2	1093
8817793	83332.Rv0456c	80.1	428
8820284	83332.Rv2881c	80.1	425
8819547	83332.Rv2169c	80.1	189
8818820	83332.Rv1458c	80.0	557
8820988	83332.Rv3566c	80.0	455
8821221	83332.Rv3793	80.0	1310
8817373	83332.Rv0047c	80.0	355
8819471	83332.Rv2095c	79.7	564
8818481	83332.Rv1124	79.6	589
8819216	83332.Rv1848	79.3	160
8819513	83332.Rv2137c	79.2	248
8817605	83332.Rv0272c	79.2	742
8818520	83332.Rv1161	78.8	2548
8818956	83332.Rv1589	78.6	679
8820500	83332.Rv3091	78.5	1061
8819180	83332.Rv1812c	78.5	807
8821241	83332.Rv3813c	78.4	386
8818278	83332.Rv0926c	78.4	864
8820011	83332.Rv2613c	78.2	302
8818452	83332.Rv1096	78.2	619
8819033	83332.Rv1665	78.2	826
8817698	83332.Rv0364	78.1	147
8821222	83332.Rv3794	78.1	1693
8819892	83332.Rv2497c	77.6	616
8820650	83332.Rv3232c	77.6	540
8819327	83332.Rv1957	77.6	230
8820488	83332.Rv3079c	77.6	366
8817354	83332.Rv0028	77.4	111
8821046	83332.Rv3624c	77.4	452
8819918	83332.Rv2523c	77.4	95
8819868	83332.Rv2473	77.4	433
8817364	83332.Rv0038	76.9	506
8818163	83332.Rv0811c	76.9	479
8818645	83332.Rv1286	76.9	902
8821234	83332.Rv3806c	76.8	579
8820556	83332.Rv3145	76.7	130
8820081	83332.Rv2682c	76.5	1289
8818198	83332.Rv0846c	76.5	812
8820032	83332.Rv2633c	76.3	349
8818487	83332.Rv1130	76.3	855
8820002	83332.Rv2604c	75.9	290
8818468	83332.Rv1112	75.8	730
8817794	83332.Rv0457c	75.8	1108
8820040	83332.Rv2641	75.8	270
8818007	83332.Rv0660c	75.5	206
8821113	83332.Rv3690	75.5	291
8818647	83332.Rv1288	75.4	813
8818603	83332.Rv1244	75.0	397
8819065	83332.Rv1697	74.6	684
8818905	83332.Rv1538c	74.5	623
8817635	83332.Rv0301	74.5	270
8820724	83332.Rv3306c	74.4	329
8817493	83332.Rv0163	74.4	210
8820422	83332.Rv3015c	74.1	554
8819422	83332.Rv2048c	74.0	5544
8820697	83332.Rv3279c	73.6	295
8821301	83332.Rv3873	73.5	399
8821270	83332.Rv3842c	73.4	458
8820181	83332.Rv2781c	73.4	350
8820792	83332.Rv3372	73.2	472
8820448	83332.Rv3039c	73.2	466
8817905	83332.Rv0563	73.2	529
8821094	83332.Rv3672c	73.0	293
8818216	83332.Rv0864	73.0	276
8820900	83332.Rv3479	72.7	1594
8818881	83332.Rv1514c	72.6	406
8820352	83332.Rv2947c	72.5	1104
8819934	83332.Rv2538c	72.1	589
8817539	83332.Rv0207c	71.8	351
8820622	83332.Rv3207c	71.3	426
8817716	83332.Rv0382c	71.3	176
8818415	83332.Rv1061	71.0	588
8818525	83332.Rv1166	71.0	595
8819402	83332.Rv2028c	70.7	347
8818761	83332.Rv1399c	70.6	382
8820966	83332.Rv3545c	70.6	832
8820503	83332.Rv3094c	70.5	813
8820461	83332.Rv3052c	70.4	337
8817765	83332.Rv0430	70.2	122
8819668	83332.Rv2285	70.2	690
8817629	83332.Rv0295c	70.1	415
8818856	83332.Rv1492	70.1	807
8820683	83332.Rv3265c	70.0	452
8819333	83332.Rv1962c	69.8	242
8818694	83332.Rv1333	69.7	326
8818171	83332.Rv0819	69.6	497
8817851	83332.Rv0510	69.6	447
8820326	83332.Rv2922c	69.6	1667
8818931	83332.Rv1564c	69.3	869
8818894	83332.Rv1527c	69.3	4817
8817902	83332.Rv0560c	69.2	492
8820762	83332.Rv3342	69.1	339
8818789	83332.Rv1427c	69.0	752
8819448	83332.Rv2073c	68.8	326
8817880	83332.Rv0538	68.7	355
8819416	83332.Rv2042c	68.7	448
8818521	83332.Rv1162	68.6	779
8817773	83332.Rv0438c	68.4	413
8817962	83332.Rv0617	68.3	119
8820690	83332.Rv3272	68.2	683
8821040	83332.Rv3618	68.0	437
8819190	83332.Rv1822	68.0	255
8819442	83332.Rv2067c	67.9	714
8820342	83332.Rv2938	67.8	163
8819927	83332.Rv2531c	67.8	1628
8818133	83332.Rv0782	67.8	785
8820937	83332.Rv3516	67.5	345
8818499	83332.Rv1141c	67.4	417
8818693	83332.Rv1332	67.3	374
8817873	83332.Rv0531	67.3	206
8819964	83332.Rv2567	67.2	1458
8818339	83332.Rv0986	67.2	272
8818957	83332.Rv1590	67.2	69
8820907	83332.Rv3486	67.0	265
8817978	83332.Rv0633c	66.9	348
8818369	83332.Rv1016c	66.4	372
8819313	83332.Rv1944c	66.4	308
8817867	83332.Rv0526	66.3	392
8819115	83332.Rv1746	66.1	592
8817376	83332.Rv0050	65.9	1058
8820923	83332.Rv3502c	65.8	329
8820346	83332.Rv2942	65.7	1168
8819263	83332.Rv1894c	65.6	408
8819540	83332.Rv2162c	65.5	119
8820741	83332.Rv3322c	65.3	315
8817897	83332.Rv0555	65.3	621
8819579	83332.Rv2201	65.3	892
8821193	83332.Rv3767c	65.3	774
8820478	83332.Rv3069	65.1	129
8819740	83332.Rv2351c	65.0	942
8820739	83332.Rv3320c	64.9	253
8819187	83332.Rv1819c	64.5	895
8817900	83332.Rv0558	64.4	375
8819600	83332.Rv2221c	64.2	1528
8818683	83332.Rv1322A	64.1	156
8818291	83332.Rv0939	64.0	619
8818790	83332.Rv1428c	63.9	422
8819794	83332.Rv2402	63.9	1048
8818537	83332.Rv1178	63.8	322
8818321	83332.Rv0969	63.6	641
8820569	83332.Rv3158	63.6	515
8819604	83332.Rv2225	63.6	217
8821223	83332.Rv3795	63.6	1245
8819131	83332.Rv1762c	63.5	319
8818906	83332.Rv1539	63.5	122
8818020	83332.Rv0673	63.4	446
8819478	83332.Rv2102	63.4	266
8819137	83332.Rv1767	63.4	204
8818959	83332.Rv1592c	62.9	369
8818751	83332.Rv1389	62.9	309
8818172	83332.Rv0820	62.8	349
8820679	83332.Rv3261	62.8	500
8817496	83332.Rv0166	62.8	705
8818034	83332.Rv0687	62.8	377
8818896	83332.Rv1529	62.6	2363
8817561	83332.Rv0229c	62.6	224
8820828	83332.Rv3407	62.5	153
8821201	83332.Rv3773c	62.5	321
8818467	83332.Rv1111c	62.2	361
8818572	83332.Rv1213	62.1	558
8818611	83332.Rv1252c	62.1	161
8818027	83332.Rv0680c	61.8	120
8819232	83332.Rv1864c	61.8	265
8819660	83332.Rv2277c	61.7	372
8820109	83332.Rv2710	61.5	356
8817514	83332.Rv0184	61.5	221
8819962	83332.Rv2565	61.4	678
8819966	83332.Rv2569c	61.3	502
8819378	83332.Rv2004c	61.3	731
8818809	83332.Rv1447c	61.2	671
8818783	83332.Rv1421	61.2	455
8819526	83332.Rv2149c	61.1	368
8820123	83332.Rv2724c	60.9	582
8817401	83332.Rv0074	60.9	369
8821271	83332.Rv3843c	60.8	357
8820736	83332.Rv3317	60.7	208
8818509	83332.Rv1151c	60.7	371
8819365	83332.Rv1991c	60.6	154
8821343	83332.Rv3915	59.9	488
8820343	83332.Rv2939	59.8	331
8821114	83332.Rv3691	59.8	307
8821008	83332.Rv3586	59.7	463
8817913	83332.Rv0571c	59.5	513
8820116	83332.Rv2717c	59.5	211
8821013	83332.Rv3591c	59.4	487
8820254	83332.Rv2852c	59.4	674
8819374	83332.Rv2000	59.4	685
8818699	83332.Rv1338	59.4	391
8819749	83332.Rv2360c	59.3	200
8820272	83332.Rv2869c	59.3	439
8818772	83332.Rv1410c	59.2	511
8817371	83332.Rv0045c	59.1	360
8818935	83332.Rv1568	59.1	348
8819920	83332.Rv2525c	58.9	269
8819176	83332.Rv1808	58.9	227
8819249	83332.Rv1881c	58.8	230
8817540	83332.Rv0208c	58.8	350
8821263	83332.Rv3835	58.6	462
8821096	83332.Rv3674c	58.6	225
8819014	83332.Rv1646	58.6	55
8817810	83332.Rv0472c	58.3	291
8820202	83332.Rv2801c	58.3	140
8817632	83332.Rv0298	58.3	89
8818378	83332.Rv1025	58.3	182
8820429	83332.Rv3022A	58.2	190
8821209	83332.Rv3781	58.2	362
8818318	83332.Rv0966c	58.2	281
8819091	83332.Rv1722	58.1	626
8820072	83332.Rv2673	58.0	621
8818590	83332.Rv1231c	58.0	178
8820635	83332.Rv3220c	58.0	687
8818356	83332.Rv1003	58.0	301
8819813	83332.Rv2421c	57.9	246
8820186	83332.Rv2786c	57.7	301
8817478	83332.Rv0149	57.2	420
8819291	83332.Rv1922	57.1	354
8818448	83332.Rv1092c	57.0	359
8817644	83332.Rv0310c	57.0	297
8820785	83332.Rv3365c	57.0	956
8820466	83332.Rv3057c	57.0	424
8819274	83332.Rv1905c	56.9	422
8818679	83332.Rv1319c	56.9	457
8821144	83332.Rv3719	56.9	551
8820329	83332.Rv2925c	56.9	422
8820382	83332.Rv2976c	56.8	298
8820686	83332.Rv3268	56.8	174
8819289	83332.Rv1920	56.7	257
8818177	83332.Rv0825c	56.7	332
8819897	83332.Rv2502c	56.7	673
8817402	83332.Rv0075	56.4	516
8820444	83332.Rv3035	56.4	241
8819088	83332.Rv1719	56.0	378
8817741	83332.Rv0406c	55.7	291
8817633	83332.Rv0299	55.5	76
8817534	83332.Rv0202c	55.3	734
8817492	83332.Rv0162c	55.2	540
8820517	83332.Rv3107c	55.1	804
8821225	83332.Rv3797	55.1	735
8820080	83332.Rv2681	54.9	376
8818097	83332.Rv0748	54.8	109
8820353	83332.Rv2948c	54.5	846
8819118	83332.Rv1749c	54.5	181
8819727	83332.Rv2338c	54.4	390
8818682	83332.Rv1322	54.3	75
8820420	83332.Rv3013	54.3	279
8819980	83332.Rv2583c	54.2	812
8817641	83332.Rv0307c	54.2	212
8820497	83332.Rv3088	54.2	444
8820553	83332.Rv3142c	54.2	139
8819369	83332.Rv1995	54.1	376
8820833	83332.Rv3412	54.1	188
8821083	83332.Rv3661	54.0	373
8817752	83332.Rv0417	53.9	203
8817351	83332.Rv0025	53.9	167
8819878	83332.Rv2483c	53.8	626
8819293	83332.Rv1924c	53.8	147
8820502	83332.Rv3093c	53.7	311
8818524	83332.Rv1165	53.6	638
8820450	83332.Rv3041c	53.6	306
8819678	83332.Rv2295	53.6	225
8820355	83332.Rv2950c	53.5	670
8821214	83332.Rv3786c	53.2	419
8820735	83332.Rv3316	53.2	165
8819635	83332.Rv2253	53.1	162
8820918	83332.Rv3497c	53.1	404
8819438	83332.Rv2063A	53.0	114
8820127	83332.Rv2728c	52.8	293
8820917	83332.Rv3496c	52.7	226
8821151	83332.Rv3725	52.5	303
8819795	83332.Rv2403c	52.5	231
8818973	83332.Rv1606	52.4	121
8819380	83332.Rv2006	52.4	1204
8819654	83332.Rv2272	52.3	152
8820193	83332.Rv2793c	52.2	311
8819896	83332.Rv2501c	52.0	675
8819372	83332.Rv1998c	52.0	152
8819417	83332.Rv2043c	51.9	164
8818143	83332.Rv0791c	51.8	477
8819437	83332.Rv2063	51.6	88
8820433	83332.Rv3025c	51.6	286
8819745	83332.Rv2356c	51.5	87
8818326	83332.Rv0974c	51.5	504
8818107	83332.Rv0756c	51.4	269
8819519	83332.Rv2142c	51.4	152
8819968	83332.Rv2571c	51.4	229
8818817	83332.Rv1455	51.2	253
8817634	83332.Rv0300	51.1	76
8818601	83332.Rv1242	51.1	222
8818859	83332.Rv1495	51.1	128
8818958	83332.Rv1591	51.1	270
8820750	83332.Rv3330	50.9	347
8820708	83332.Rv3290c	50.9	452
8819279	83332.Rv1910c	50.9	121
8819230	83332.Rv1862	50.8	366
8817832	83332.Rv0493c	50.8	404
8818553	83332.Rv1194c	50.7	432
8819902	83332.Rv2507	50.6	110
8817835	83332.Rv0496	50.5	345
8818089	83332.Rv0740	50.5	318
8817516	83332.Rv0186	50.4	551
8820913	83332.Rv3492c	50.3	219
8820969	83332.Rv3548c	50.3	300
8820700	83332.Rv3282	50.2	187
8818323	83332.Rv0971c	49.8	278
8817732	83332.Rv0397A	49.7	106
8820633	83332.Rv3218	49.6	364
8819332	83332.Rv1962A	49.6	52
8817463	83332.Rv0134	49.5	325
8819609	83332.Rv2230c	49.5	265
8817436	83332.Rv0107c	49.5	1603
8817877	83332.Rv0535	49.4	207
8817677	83332.Rv0343	49.3	524
8820652	83332.Rv3234c	49.2	261
8817671	83332.Rv0337c	49.2	377
8820363	83332.Rv2958c	49.1	305
8821265	83332.Rv3837c	49.0	249
8819068	83332.Rv1700	49.0	173
8819532	83332.Rv2155c	48.5	567
8817912	83332.Rv0570	48.5	636
8819479	83332.Rv2103c	48.5	127
8818640	83332.Rv1281c	48.5	652
8819359	83332.Rv1987	48.4	240
8817893	83332.Rv0551c	48.4	525
8818169	83332.Rv0817c	48.3	268
8818319	83332.Rv0967	48.3	143
8819426	83332.Rv2052c	48.2	405
8819060	83332.Rv1692	48.1	290
8819166	83332.Rv1798	48.0	748
8820909	83332.Rv3488	47.9	116
8818697	83332.Rv1336	47.8	290
8819630	83332.Rv2249c	47.7	418
8821257	83332.Rv3829c	47.7	478
8818299	83332.Rv0948c	47.5	54
8817993	83332.Rv0646c	47.5	334
8818423	83332.Rv1069c	47.4	550
8818928	83332.Rv1561	47.3	151
8817825	83332.Rv0487	47.1	161
8817369	83332.Rv0043c	47.0	225
8821095	83332.Rv3673c	46.7	219
8819669	83332.Rv2286c	46.7	136
8817360	83332.Rv0034	46.6	149
8818972	83332.Rv1605	46.6	318
8819214	83332.Rv1846c	46.4	89
8819812	83332.Rv2420c	46.4	149
8818076	83332.Rv0727c	46.3	216
8820230	83332.Rv2828c	46.2	270
8820568	83332.Rv3157	46.2	397
8817353	83332.Rv0027	46.2	144
8819144	83332.Rv1774	46.2	374
8820926	83332.Rv3505	45.9	247
8817744	83332.Rv0409	45.8	429
8819269	83332.Rv1900c	45.7	471
8817843	83332.Rv0502	45.6	374
8820752	83332.Rv3332	45.6	419
8817885	83332.Rv0543c	45.5	157
8818546	83332.Rv1187	45.5	425
8817658	83332.Rv0324	45.4	199
8820651	83332.Rv3233c	45.4	143
8820733	83332.Rv3314c	45.3	421
8819731	83332.Rv2342	45.3	115
8818413	83332.Rv1059	45.3	243
8819799	83332.Rv2407	45.2	210
8819081	83332.Rv1712	45.2	179
8818543	83332.Rv1184c	45.1	217
8820998	83332.Rv3576	44.9	162
8821088	83332.Rv3666c	44.9	306
8818213	83332.Rv0861c	44.7	610
8819797	83332.Rv2405	44.6	248
8819242	83332.Rv1874	44.6	278
8819440	83332.Rv2065	44.6	195
8820163	83332.Rv2763c	44.5	106
8820915	83332.Rv3494c	44.5	374
8817683	83332.Rv0349	44.5	172
8820709	83332.Rv3291c	44.4	117
8818531	83332.Rv1172c	44.4	145
8817743	83332.Rv0408	44.3	575
8820782	83332.Rv3362c	44.3	267
8818857	83332.Rv1493	44.2	633
8817879	83332.Rv0537c	44.0	486
8820114	83332.Rv2715	43.9	403
8817397	83332.Rv0070c	43.8	360
8821097	83332.Rv3675	43.8	118
8820717	83332.Rv3299c	43.5	828
8821330	83332.Rv3902c	43.4	230
8818132	83332.Rv0781	43.3	202
8818528	83332.Rv1169c	43.2	50
8819361	83332.Rv1989c	43.0	160
8820680	83332.Rv3262	43.0	532
8820939	83332.Rv3518c	42.6	458
8819222	83332.Rv1854c	42.6	431
8818747	83332.Rv1385	42.5	164
8821067	83332.Rv3645	42.4	434
8818806	83332.Rv1444c	42.4	164
8818648	83332.Rv1289	42.3	230
8818999	83332.Rv1632c	42.3	214
8818478	83332.Rv1121	41.8	517
8819570	83332.Rv2192c	41.8	397
8820015	83332.Rv2616	41.7	210
8819124	83332.Rv1755c	41.5	783
8820152	83332.Rv2752c	41.4	461
8821124	83332.Rv3700c	41.4	345
8819683	83332.Rv2300c	41.3	189
8820036	83332.Rv2637	41.3	166
8818154	83332.Rv0802c	41.3	245
8819312	83332.Rv1943c	41.2	145
8820893	83332.Rv3472	41.2	119
8817687	83332.Rv0353	41.2	116
8820858	83332.Rv3437	41.1	108
8817898	83332.Rv0556	41.0	146
8818744	83332.Rv1382	41.0	129
8820983	83332.Rv3562	41.0	396
8818190	83332.Rv0838	40.9	296
8819468	83332.Rv2092c	40.6	818
8817682	83332.Rv0348	40.6	280
8821248	83332.Rv3820c	40.6	315
8817462	83332.Rv0133	40.5	168
8817651	83332.Rv0317c	40.4	248
8820526	83332.Rv3116	40.4	397
8819252	83332.Rv1884c	40.3	154
8819090	83332.Rv1721c	40.3	79
8820925	83332.Rv3504	40.3	390
8818890	83332.Rv1523	40.3	357
8819297	83332.Rv1928c	40.2	209
8819123	83332.Rv1754c	40.1	425
8820901	83332.Rv3480c	40.0	416
8819278	83332.Rv1909c	39.9	95
8819233	83332.Rv1865c	39.8	319
8817608	83332.Rv0275c	39.8	161
8820070	83332.Rv2671	39.7	300
8820678	83332.Rv3260c	39.6	98
8819614	83332.Rv2234	39.6	114
8818136	83332.Rv0785	39.5	565
8820618	83332.Rv3203	39.5	231
8820820	83332.Rv3399	39.5	422
8819776	83332.Rv2387	39.4	303
8820273	83332.Rv2870c	39.4	343
8817595	83332.Rv0262c	39.3	160
8818575	83332.Rv1216c	39.3	119
8817894	83332.Rv0552	39.2	388
8818357	83332.Rv1004c	39.2	114
8818788	83332.Rv1426c	39.2	286
8819311	83332.Rv1942c	39.1	121
8819764	83332.Rv2375	39.1	120
8819250	83332.Rv1882c	39.1	188
8818102	83332.Rv0752c	38.7	359
8819714	83332.Rv2326c	38.7	616
8819595	83332.Rv2217	38.7	130
8820077	83332.Rv2678c	38.6	269
8820316	83332.Rv2913c	38.6	483
8820980	83332.Rv3559c	38.6	239
8821344	83332.Rv3916c	38.5	213
8820137	83332.Rv2737c	38.4	695
8821247	83332.Rv3819	38.4	102
8818100	83332.Rv0750	38.3	136
8819750	83332.Rv2361c	38.2	171
8820016	83332.Rv2617c	38.0	111
8818224	83332.Rv0872c	38.0	34
8818300	83332.Rv0949	38.0	595
8819363	83332.Rv1990c	38.0	154
8820677	83332.Rv3259	37.9	83
8820253	83332.Rv2851c	37.9	182
8817627	83332.Rv0293c	37.8	346
8819857	83332.Rv2463	37.7	310
8818327	83332.Rv0975c	37.7	230
8819950	83332.Rv2553c	37.7	356
8820330	83332.Rv2926c	37.6	176
8821305	83332.Rv3877	37.6	245
8817699	83332.Rv0365c	37.5	411
8817646	83332.Rv0312	37.5	341
8818466	83332.Rv1110	37.3	260
8820827	83332.Rv3406	37.3	160
8819913	83332.Rv2518c	37.0	231
8817936	83332.Rv0593	36.9	644
8818583	83332.Rv1224	36.9	96
8818475	83332.Rv1118c	36.9	290
8819458	83332.Rv2082	36.9	268
8817821	83332.Rv0483	36.8	222
8819307	83332.Rv1938	36.7	280
8817553	83332.Rv0221	36.7	453
8818923	83332.Rv1556	36.6	159
8818256	83332.Rv0904c	36.4	336
8820226	83332.Rv2825c	36.4	257
8818159	83332.Rv0807	36.4	159
8820815	83332.Rv3395A	36.3	117
8819926	83332.Rv2530c	36.3	84
8818538	83332.Rv1179c	36.2	669
8818937	83332.Rv1570	36.1	166
8819493	83332.Rv2117	36.1	111
8817599	83332.Rv0266c	35.8	715
8819398	83332.Rv2024c	35.7	419
8820920	83332.Rv3499c	35.6	244
8819456	83332.Rv2080	35.5	155
8821284	83332.Rv3856c	35.5	263
8818804	83332.Rv1442	35.4	489
8820160	83332.Rv2760c	35.4	46
8817662	83332.Rv0328	35.3	154
8820944	83332.Rv3523	35.2	322
8820796	83332.Rv3376	35.1	140
8818515	83332.Rv1157c	35.0	83
8820748	83332.Rv3328c	35.0	159
8818801	83332.Rv1439c	34.9	114
8818227	83332.Rv0875c	34.8	155
8820530	83332.Rv3120	34.8	182
8817891	83332.Rv0549c	34.7	117
8819755	83332.Rv2366c	34.7	259
8818219	83332.Rv0867c	34.6	20
8818306	83332.Rv0955	34.5	150
8821346	83332.Rv3918c	34.4	258
8819079	83332.Rv1710	34.4	105
8818023	83332.Rv0676c	34.3	689
8821116	83332.Rv3693	34.2	389
8818729	83332.Rv1367c	34.2	200
8819738	83332.Rv2349c	34.2	823
8819377	83332.Rv2003c	34.1	213
8817819	83332.Rv0481c	33.9	172
8820931	83332.Rv3510c	33.7	211
8818721	83332.Rv1360	33.7	333
8820383	83332.Rv2977c	33.7	271
8817338	83332.Rv0012	33.6	150
8818780	83332.Rv1418	33.5	108
8819259	83332.Rv1890c	33.5	106
8818909	83332.Rv1542c	33.5	61
8821351	83332.Rv3923c	33.5	53
8817533	83332.Rv0201c	33.5	86
8817342	83332.Rv0016c	33.4	430
8819072	83332.Rv1704c	33.4	284
8817739	83332.Rv0404	33.3	368
8820804	83332.Rv3384c	33.1	71
8819184	83332.Rv1816	33.1	197
8818938	83332.Rv1571	32.9	148
8819617	83332.Rv2237	32.8	185
8818586	83332.Rv1227c	32.8	81
8819530	83332.Rv2153c	32.6	276
8820265	83332.Rv2862c	32.5	159
8819602	83332.Rv2223c	32.4	411
8817465	83332.Rv0136	32.4	326
8818379	83332.Rv1026	32.4	169
8818644	83332.Rv1285	32.3	251
8820685	83332.Rv3267	32.2	298
8821326	83332.Rv3898c	32.2	47
8818860	83332.Rv1496	32.2	209
8817941	83332.Rv0598c	32.1	127
8819809	83332.Rv2417c	32.0	191
8818692	83332.Rv1331	32.0	100
8819028	83332.Rv1660	31.9	393
8818541	83332.Rv1182	31.9	262
8821283	83332.Rv3855	31.8	232
8820922	83332.Rv3501c	31.8	151
8818204	83332.Rv0852	31.8	210
8818883	83332.Rv1516c	31.7	267
8818787	83332.Rv1425	31.6	236
8817445	83332.Rv0116c	31.5	65
8820351	83332.Rv2946c	31.5	848
8818373	83332.Rv1020	31.5	713
8819015	83332.Rv1647	31.4	220
8819500	83332.Rv2124c	31.4	778
8817870	83332.Rv0529	31.0	140
8819158	83332.Rv1789	31.0	66
8820904	83332.Rv3483c	30.8	126
8818866	83332.Rv1501	30.8	153
8819949	83332.Rv2552c	30.7	132
8820501	83332.Rv3092c	30.7	146
8820480	83332.Rv3071	30.6	189
8819524	83332.Rv2147c	30.6	130
8821030	83332.Rv3608c	30.6	215
8818514	83332.Rv1156	30.5	101
8818680	83332.Rv1320c	30.4	233
8820443	83332.Rv3034c	30.4	239
8818417	83332.Rv1063c	30.4	216
8819492	83332.Rv2116	30.4	156
8821137	83332.Rv3712	30.3	229
8817750	83332.Rv0415	30.3	203
8820965	83332.Rv3544c	30.3	117
8817786	83332.Rv0451c	30.3	91
8817859	83332.Rv0518	30.2	198
8820252	83332.Rv2850c	30.0	349
8820647	83332.Rv3229c	30.0	224
8821048	83332.Rv3626c	29.9	152
8820139	83332.Rv2739c	29.8	218
8817969	83332.Rv0624	29.8	164
8817511	83332.Rv0181c	29.7	75
8818361	83332.Rv1008	29.6	209
8817924	83332.Rv0582	29.5	37
8817457	83332.Rv0128	29.4	64
8819218	83332.Rv1850	29.4	368
8819348	83332.Rv1977	29.3	273
8819982	83332.Rv2585c	29.3	217
8820986	83332.Rv3565	29.1	209
8819833	83332.Rv2439c	29.1	267
8817450	83332.Rv0121c	28.9	79
8820039	83332.Rv2640c	28.9	49
8819273	83332.Rv1904	28.9	85
8818793	83332.Rv1431	28.9	393
8820391	83332.Rv2985	28.8	228
8817678	83332.Rv0344c	28.8	106
8820171	83332.Rv2771c	28.7	99
8820423	83332.Rv3016	28.7	132
8820903	83332.Rv3482c	28.6	136
8820108	83332.Rv2709	28.6	40
8820496	83332.Rv3087	28.6	357
8818214	83332.Rv0862c	28.5	462
8818121	83332.Rv0770	28.5	205
8817428	83332.Rv0099	28.5	205
8820318	83332.Rv2915c	28.4	212
8820947	83332.Rv3526	28.3	285
8820908	83332.Rv3487c	28.3	195
8820248	83332.Rv2846c	28.3	202
8819008	83332.Rv1640c	28.2	626
8818581	83332.Rv1222	28.2	130
8818523	83332.Rv1164	28.0	262
8818623	83332.Rv1264	28.0	332
8820092	83332.Rv2693c	28.0	100
8819076	83332.Rv1707	27.9	166
8819922	83332.Rv2527	27.9	63
8818848	83332.Rv1485	27.8	166
8817459	83332.Rv0130	27.7	117
8820934	83332.Rv3513c	27.7	332
8820761	83332.Rv3341	27.7	189
8820872	83332.Rv3451	27.7	91
8820104	83332.Rv2705c	27.6	107
8820164	83332.Rv2764c	27.6	146
8819441	83332.Rv2066	27.6	307
8819810	83332.Rv2418c	27.6	148
8818755	83332.Rv1393c	27.5	279
8818470	83332.Rv1114	27.5	72
8818191	83332.Rv0839	27.5	140
8818784	83332.Rv1422	27.5	184
8820749	83332.Rv3329	27.4	257
8819766	83332.Rv2377c	27.4	24
8819080	83332.Rv1711	27.3	165
8821192	83332.Rv3766	27.2	88
8817820	83332.Rv0482	27.2	229
8817386	83332.Rv0060	27.2	298
8818293	83332.Rv0941c	27.1	125
8818451	83332.Rv1095	27.1	256
8818786	83332.Rv1424c	27.0	119
8818231	83332.Rv0879c	26.9	52
8818832	83332.Rv1470	26.9	60
8820648	83332.Rv3230c	26.7	202
8820486	83332.Rv3077	26.7	401
8820514	83332.Rv3104c	26.7	198
8819533	83332.Rv2156c	26.7	264
8818678	83332.Rv1318c	26.6	264
8819257	83332.Rv1888c	26.6	136
8817960	83332.Rv0616A	26.5	37
8818907	83332.Rv1540	26.5	159
8819392	83332.Rv2018	26.5	206
8821053	83332.Rv3631	26.5	126
8820138	83332.Rv2738c	26.4	47
8817692	83332.Rv0358	26.3	86
8820919	83332.Rv3498c	26.3	221
8819235	83332.Rv1867	26.3	267
8817968	83332.Rv0623	26.2	30
8818914	83332.Rv1547	26.1	723
8819925	83332.Rv2530A	26.1	45
8820504	83332.Rv3095	26.1	66
8818375	83332.Rv1022	26.0	123
8818387	83332.Rv1033c	26.0	138
8819525	83332.Rv2148c	25.9	137
8818500	83332.Rv1142c	25.9	124
8819879	83332.Rv2484c	25.8	246
8820996	83332.Rv3574	25.6	133
8819645	83332.Rv2263	25.5	213
8820943	83332.Rv3522	25.4	252
8818288	83332.Rv0936	25.3	100
8820510	83332.Rv3100c	25.3	57
8821252	83332.Rv3824c	25.3	292
8818902	83332.Rv1535	25.2	43
8819732	83332.Rv2343c	25.1	356
8817763	83332.Rv0428c	25.1	208
8819253	83332.Rv1885c	25.1	154
8817446	83332.Rv0117	25.1	145
8819196	83332.Rv1828	25.0	112
8819111	83332.Rv1742	24.9	186
8819465	83332.Rv2089c	24.8	143
8818600	83332.Rv1241	24.7	41
8819508	83332.Rv2132	24.6	48
8820156	83332.Rv2756c	24.5	380
8820632	83332.Rv3217c	24.4	40
8819330	83332.Rv1960c	24.4	36
8818402	83332.Rv1048c	24.4	134
8817355	83332.Rv0029	24.3	205
8818209	83332.Rv0857	24.3	86
8818893	83332.Rv1526c	24.3	262
8819623	83332.Rv2242	24.2	231
8817509	83332.Rv0179c	24.2	206
8820591	83332.Rv3180c	24.1	61
8820646	83332.Rv3228	24.1	141
8820369	83332.Rv2964	24.0	131
8817828	83332.Rv0490	23.9	233
8820088	83332.Rv2689c	23.8	170
8817834	83332.Rv0495c	23.7	183
8819206	83332.Rv1838c	23.6	84
8818681	83332.Rv1321	23.5	94
8821125	83332.Rv3701c	23.4	210
8818464	83332.Rv1108c	23.4	214
8817578	83332.Rv0245	23.3	102
8819395	83332.Rv2021c	23.2	45
8819225	83332.Rv1857	23.2	83
8821207	83332.Rv3779	23.2	276
8819400	83332.Rv2026c	23.2	162
8821039	83332.Rv3617	23.1	198
8817407	83332.Rv0078B	23.1	40
8821001	83332.Rv3579c	23.1	97
8818974	83332.Rv1607	23.1	136
8819889	83332.Rv2494	23.1	96
8819796	83332.Rv2404c	23.0	427
8818672	83332.Rv1312	23.0	92
8819769	83332.Rv2380c	22.9	820
8821174	83332.Rv3748	22.9	73
8817907	83332.Rv0565c	22.8	320
8820275	83332.Rv2872	22.8	50
8818129	83332.Rv0778	22.7	199
8818386	83332.Rv1032c	22.6	520
8819992	83332.Rv2595	22.5	27
8818608	83332.Rv1249c	22.5	83
8818840	83332.Rv1477	22.4	189
8818438	83332.Rv1084	22.2	326
8817928	83332.Rv0586	22.1	116
8819615	83332.Rv2235	22.0	103
8819543	83332.Rv2165c	22.0	166
8821118	83332.Rv3695	21.9	95
8817748	83332.Rv0413	21.9	134
8817881	83332.Rv0539	21.9	85
8821322	83332.Rv3894c	21.9	573
8819053	83332.Rv1685c	21.9	119
8820962	83332.Rv3541c	21.9	94
8819464	83332.Rv2088	21.8	243
8821337	83332.Rv3909	21.8	274
8820256	83332.Rv2854	21.8	166
8818113	83332.Rv0762c	21.7	71
8817674	83332.Rv0340	21.7	43
8820571	83332.Rv3160c	21.7	96
8819177	83332.Rv1809	21.6	102
8819136	83332.Rv1766	21.6	37
8820984	83332.Rv3563	21.6	204
8818849	83332.Rv1486c	21.6	118
8819552	83332.Rv2174	21.6	295
8819993	83332.Rv2596	21.6	45
8819059	83332.Rv1691	21.5	93
8818858	83332.Rv1494	21.5	47
8817972	83332.Rv0627	21.4	70
8821210	83332.Rv3782	21.4	125
8818098	83332.Rv0749	21.3	53
8821028	83332.Rv3606c	21.3	64
8817549	83332.Rv0217c	21.3	101
8817523	83332.Rv0192	21.3	160
8821023	83332.Rv3601c	21.3	16
8818727	83332.Rv1366	21.2	119
8817970	83332.Rv0625c	21.1	68
8819753	83332.Rv2364c	21.0	101
8821315	83332.Rv3887c	21.0	180
8818891	83332.Rv1524	21.0	281
8821099	83332.Rv3677c	20.9	100
8818841	83332.Rv1478	20.9	75
8820076	83332.Rv2677c	20.8	116
8819353	83332.Rv1982A	20.8	34
8818870	83332.Rv1505c	20.7	82
8820599	83332.Rv3188	20.7	54
8820672	83332.Rv3254	20.7	154
8818791	83332.Rv1429	20.7	189
8818505	83332.Rv1147	20.6	97
8820103	83332.Rv2704	20.6	54
8818271	83332.Rv0919	20.5	66
8818711	83332.Rv1350	20.5	121
8818706	83332.Rv1345	20.4	144
8817909	83332.Rv0567	20.3	169
8820665	83332.Rv3247c	20.3	118
8817596	83332.Rv0263c	20.3	127
8818946	83332.Rv1579c	20.3	53
8818116	83332.Rv0765c	20.2	131
8821054	83332.Rv3632	20.2	76
8820317	83332.Rv2914c	20.1	238
8819598	83332.Rv2219A	20.1	44
8817498	83332.Rv0168	20.0	77
8819036	83332.Rv1668c	20.0	144
8817757	83332.Rv0422c	20.0	107
8818342	83332.Rv0989c	20.0	172
8818245	83332.Rv0893c	20.0	392
8820840	83332.Rv3419c	19.9	112
8820094	83332.Rv2695	19.9	88
8820148	83332.Rv2748c	19.8	338
8818440	83332.Rv1086	19.8	118
8817776	83332.Rv0441c	19.7	93
8820341	83332.Rv2937	19.6	119
8819283	83332.Rv1914c	19.5	77
8821092	83332.Rv3670	19.4	150
8819707	83332.Rv2319c	19.3	105
8818605	83332.Rv1246c	19.2	48
8818606	83332.Rv1247c	19.2	42
8820942	83332.Rv3521	19.2	54
8817760	83332.Rv0425c	19.2	555
8820007	83332.Rv2609c	19.1	183
8820432	83332.Rv3024c	19.0	161
8820195	83332.Rv2795c	18.9	135
8817546	83332.Rv0214	18.8	167
8819718	83332.Rv2330c	18.8	66
8819724	83332.Rv2335	18.8	76
8818377	83332.Rv1024	18.8	77
8818289	83332.Rv0937c	18.8	141
8817405	83332.Rv0078	18.7	100
8820468	83332.Rv3059	18.7	212
8819862	83332.Rv2468A	18.7	11
8820876	83332.Rv3455c	18.6	110
8817837	83332.Rv0498	18.6	110
8820143	83332.Rv2743c	18.6	108
8818244	83332.Rv0892	18.5	184
8817931	83332.Rv0589	18.5	470
8817573	83332.Rv0240	18.4	97
8818043	83332.Rv0695	18.4	52
8817426	83332.Rv0097	18.4	103
8817693	83332.Rv0359	18.3	65
8818297	83332.Rv0945	18.3	87
8818458	83332.Rv1102c	18.3	40
8817831	83332.Rv0492c	18.1	198
8818876	83332.Rv1509	18.1	108
8819917	83332.Rv2522c	18.1	145
8818901	83332.Rv1534	18.1	119
8817422	83332.Rv0093c	18.1	115
8817895	83332.Rv0553	18.1	72
8820219	83332.Rv2818c	18.1	197
8819559	83332.Rv2181	18.0	121
8820222	83332.Rv2821c	18.0	81
8819393	83332.Rv2019	17.9	74
8820716	83332.Rv3298c	17.9	96
8820601	83332.Rv3190A	17.9	29
8818075	83332.Rv0726c	17.8	316
8818936	83332.Rv1569	17.8	145
8817589	83332.Rv0256c	17.8	44
8821323	83332.Rv3895c	17.8	217
8820856	83332.Rv3435c	17.7	130
8818519	83332.Rv1160	17.7	63
8819869	83332.Rv2474c	17.6	105
8820975	83332.Rv3554	17.6	294
8820581	83332.Rv3170	17.5	137
8818821	83332.Rv1459c	17.5	274
8818439	83332.Rv1085c	17.5	82
8819480	83332.Rv2104c	17.5	32
8820251	83332.Rv2849c	17.5	98
8819401	83332.Rv2027c	17.4	338
8819911	83332.Rv2516c	17.4	119
8818899	83332.Rv1532c	17.4	52
8819436	83332.Rv2062c	17.4	506
8818157	83332.Rv0805	17.4	67
8819774	83332.Rv2385	17.3	70
8817515	83332.Rv0185	17.1	35
8819921	83332.Rv2526	17.1	35
8818367	83332.Rv1014c	17.1	87
8817564	83332.Rv0232	17.1	77
8819000	83332.Rv1633	17.1	234
8817680	83332.Rv0346c	17.1	196
8819665	83332.Rv2282c	17.0	105
8818650	83332.Rv1290c	17.0	81
8819557	83332.Rv2179c	16.9	59
8820019	83332.Rv2620c	16.9	82
8820667	83332.Rv3249c	16.9	107
8818328	83332.Rv0976c	16.8	221
8817721	83332.Rv0387c	16.8	18
8821300	83332.Rv3872	16.7	24
8820921	83332.Rv3500c	16.5	49
8818489	83332.Rv1132	16.5	216
8819025	83332.Rv1657	16.5	98
8818498	83332.Rv1140	16.4	89
8819217	83332.Rv1849	16.4	42
8819501	83332.Rv2125	16.3	56
8818259	83332.Rv0907	16.2	164
8818041	83332.Rv0693	16.2	99
8817935	83332.Rv0592	16.2	99
8818615	83332.Rv1256c	16.2	86
8817421	83332.Rv0092	16.1	270
8817349	83332.Rv0023	16.1	121
8818728	83332.Rv1366A	16.0	38
8820656	83332.Rv3238c	16.0	85
8817860	83332.Rv0519c	15.8	63
8820676	83332.Rv3258c	15.8	46
8817878	83332.Rv0536	15.8	139
8818037	83332.Rv0690c	15.7	143
8818092	83332.Rv0743c	15.7	71
8821066	83332.Rv3644c	15.7	151
8819366	83332.Rv1992c	15.6	176
8819551	83332.Rv2173	15.6	93
8818006	83332.Rv0659c	15.6	31
8818897	83332.Rv1530	15.6	115
8818549	83332.Rv1190	15.5	67
8819756	83332.Rv2367c	15.5	40
8818580	83332.Rv1221	15.4	112
8817361	83332.Rv0035	15.4	197
8817512	83332.Rv0182c	15.4	130
8819138	83332.Rv1768	15.4	16
8817439	83332.Rv0110	15.3	52
8819247	83332.Rv1879	15.1	94
8817441	83332.Rv0112	15.1	116
8821109	83332.Rv3686c	14.9	20
8821212	83332.Rv3784	14.9	82
8818252	83332.Rv0900	14.9	16
8819105	83332.Rv1736c	14.9	385
8820661	83332.Rv3243c	14.8	93
8819496	83332.Rv2120c	14.8	30
8817938	83332.Rv0595c	14.8	59
8818086	83332.Rv0737	14.8	35
8819989	83332.Rv2592c	14.7	96
8819415	83332.Rv2041c	14.7	157
8818835	83332.Rv1473	14.6	147
8817734	83332.Rv0399c	14.6	125
8820368	83332.Rv2963	14.6	76
8819421	83332.Rv2047c	14.5	266
8820946	83332.Rv3525c	14.5	61
8820567	83332.Rv3156	14.4	199
8818578	83332.Rv1219c	14.3	85
8819518	83332.Rv2142A	14.3	21
8820487	83332.Rv3078	14.2	36
8818618	83332.Rv1259	14.2	85
8819396	83332.Rv2022c	14.1	112
8817391	83332.Rv0064A	14.0	25
8820362	83332.Rv2957	14.0	86
8818275	83332.Rv0923c	14.0	101
8817738	83332.Rv0403c	13.9	36
8820973	83332.Rv3552	13.9	71
8819143	83332.Rv1773c	13.9	83
8820964	83332.Rv3543c	13.8	87
8820747	83332.Rv3327	13.8	156
8821027	83332.Rv3605c	13.8	62
8820663	83332.Rv3245c	13.7	178
8820159	83332.Rv2759c	13.7	30
8820613	83332.Rv3198c	13.6	192
8820547	83332.Rv3136A	13.6	39
8817474	83332.Rv0145	13.6	124
8817976	83332.Rv0631c	13.6	316
8820367	83332.Rv2962c	13.5	161
8819221	83332.Rv1853	13.5	36
8820232	83332.Rv2830c	13.5	32
8818404	83332.Rv1050	13.5	65
8818782	83332.Rv1420	13.4	139
8818220	83332.Rv0868c	13.4	31
8819305	83332.Rv1936	13.4	94
8820000	83332.Rv2602	13.3	54
8819064	83332.Rv1696	13.3	122
8818197	83332.Rv0845	13.3	137
8817673	83332.Rv0339c	13.3	152
8820475	83332.Rv3066	13.3	56
8817468	83332.Rv0139	13.3	95
8818563	83332.Rv1204c	13.2	176
8818335	83332.Rv0982	13.2	156
8819296	83332.Rv1927	13.2	61
8820490	83332.Rv3081	13.2	86
8821313	83332.Rv3885c	13.2	143
8818865	83332.Rv1500	13.1	99
8818532	83332.Rv1173	13.1	290
8819939	83332.Rv2543	13.0	73
8818160	83332.Rv0808	12.9	129
8818919	83332.Rv1552	12.8	175
8819266	83332.Rv1897c	12.8	22
8819056	83332.Rv1688	12.8	55
8819996	83332.Rv2599	12.8	31
8820010	83332.Rv2612c	12.8	75
8817447	83332.Rv0118c	12.8	203
8819777	83332.Rv2388c	12.8	72
8819082	83332.Rv1713	12.7	107
8817930	83332.Rv0588	12.7	71
8819384	83332.Rv2010	12.7	42
8817597	83332.Rv0264c	12.6	54
8818982	83332.Rv1615	12.6	30
8818861	83332.Rv1497	12.5	121
8819713	83332.Rv2325c	12.5	81
8819852	83332.Rv2458	12.5	85
8817329	83332.Rv0003	12.4	98
8818239	83332.Rv0887c	12.4	58
8817850	83332.Rv0509	12.4	170
8819956	83332.Rv2559c	12.4	112
8818363	83332.Rv1010	12.4	107
8820714	83332.Rv3296	12.3	384
8821156	83332.Rv3730c	12.3	133
8820235	83332.Rv2833c	12.3	61
8820492	83332.Rv3083	12.2	174
8818000	83332.Rv0653c	12.2	68
8821264	83332.Rv3836	12.1	30
8821157	83332.Rv3731	12.1	87
8819901	83332.Rv2506	12.0	51
8817432	83332.Rv0103c	12.0	159
8818249	83332.Rv0897c	12.0	142
8821149	83332.Rv3724A	11.9	12
8818512	83332.Rv1154c	11.9	65
8819149	83332.Rv1779c	11.8	140
8817472	83332.Rv0143c	11.8	127
8821184	83332.Rv3758c	11.8	131
8819523	83332.Rv2146c	11.8	40
8819564	83332.Rv2186c	11.7	60
8817558	83332.Rv0226c	11.7	161
8820592	83332.Rv3181c	11.7	35
8819632	83332.Rv2250c	11.7	31
8820805	83332.Rv3385c	11.6	17
8820644	83332.Rv3226c	11.6	88
8819737	83332.Rv2348c	11.6	14
8821154	83332.Rv3728	11.6	225
8819754	83332.Rv2365c	11.6	19
8820303	83332.Rv2900c	11.6	191
8819721	83332.Rv2332	11.6	124
8820819	83332.Rv3398c	11.5	74
8821112	83332.Rv3689	11.5	50
8819772	83332.Rv2383c	11.4	370
8820296	83332.Rv2893	11.4	94
8820726	83332.Rv3308	11.4	129
8820440	83332.Rv3032	11.4	76
8821233	83332.Rv3805c	11.4	179
8819043	83332.Rv1675c	11.4	52
8821211	83332.Rv3783	11.2	96
8818178	83332.Rv0826	11.1	70
8817657	83332.Rv0323c	11.0	41
8820981	83332.Rv3560c	11.0	105
8819234	83332.Rv1866	10.9	220
8820229	83332.Rv2828A	10.9	16
8817720	83332.Rv0386	10.8	260
8819390	83332.Rv2016	10.8	59
8819928	83332.Rv2532c	10.8	21
8820668	83332.Rv3250c	10.8	28
8821108	83332.Rv3685c	10.7	108
8820829	83332.Rv3408	10.6	48
8819119	83332.Rv1750c	10.6	161
8819034	83332.Rv1666c	10.6	75
8819151	83332.Rv1781c	10.6	172
8820704	83332.Rv3286c	10.5	65
8817952	83332.Rv0609	10.5	34
8820575	83332.Rv3164c	10.5	95
8818312	83332.Rv0960	10.4	39
8817467	83332.Rv0138	10.4	28
8820778	83332.Rv3358	10.4	11
8817796	83332.Rv0459	10.4	40
8819055	83332.Rv1687c	10.3	92
8820439	83332.Rv3031	10.3	153
8817609	83332.Rv0276	10.3	53
8818987	83332.Rv1620c	10.3	92
8819191	83332.Rv1823	10.3	52
8818486	83332.Rv1129c	10.1	64
8819460	83332.Rv2084	10.1	106
8819558	83332.Rv2180c	10.1	46
8818642	83332.Rv1283c	10.1	88
8817602	83332.Rv0269c	10.0	110
8819912	83332.Rv2517c	9.94	21
8818971	83332.Rv1604	9.87	40
8818164	83332.Rv0812	9.86	100
8817886	83332.Rv0544c	9.79	37
8819834	83332.Rv2440c	9.72	102
8819298	83332.Rv1929c	9.7	47
8819236	83332.Rv1868	9.7	151
8819788	83332.Rv2397c	9.69	60
8819203	83332.Rv1835c	9.6	114
8819058	83332.Rv1690	9.59	15
8820087	83332.Rv2688c	9.57	58
8817872	83332.Rv0530A	9.52	15
8817620	83332.Rv0286	9.47	34
8819568	83332.Rv2190c	9.46	44
8818018	83332.Rv0671	9.39	72
8817892	83332.Rv0550c	9.39	17
8821245	83332.Rv3817	9.36	70
8817915	83332.Rv0573c	9.3	82
8819029	83332.Rv1661	9.29	450
8818867	83332.Rv1502	9.26	71
8818142	83332.Rv0790c	9.23	41
8820328	83332.Rv2924c	9.2	68
8818612	83332.Rv1253	9.14	115
8820995	83332.Rv3573c	9.11	207
8818596	83332.Rv1237	9.07	43
8820950	83332.Rv3529c	9.0	98
8818930	83332.Rv1563c	8.99	123
8817464	83332.Rv0135c	8.98	61
8817409	83332.Rv0080	8.94	27
8817487	83332.Rv0157A	8.93	23
8820066	83332.Rv2667	8.93	28
8820489	83332.Rv3080c	8.89	223
8820008	83332.Rv2610c	8.87	56
8820146	83332.Rv2746c	8.87	50
8821288	83332.Rv3860	8.83	77
8817719	83332.Rv0385	8.81	45
8820834	83332.Rv3413c	8.81	47
8820471	83332.Rv3062	8.79	85
8817343	83332.Rv0017c	8.79	85
8818355	83332.Rv1002c	8.78	98
8821178	83332.Rv3752c	8.75	35
8818569	83332.Rv1210	8.71	40
8819775	83332.Rv2386c	8.69	73
8821191	83332.Rv3765c	8.66	60
8818260	83332.Rv0908	8.64	122
8818977	83332.Rv1610	8.62	48
8819935	83332.Rv2539c	8.6	53
8818526	83332.Rv1167c	8.57	40
8819371	83332.Rv1997	8.57	176
8819408	83332.Rv2034	8.56	20
8818287	83332.Rv0935	8.52	21
8819185	83332.Rv1817	8.48	95
8820793	83332.Rv3373	8.45	86
8820841	83332.Rv3420c	8.43	38
8819686	83332.Rv2303c	8.43	79
8821243	83332.Rv3815c	8.41	51
8820555	83332.Rv3144c	8.38	24
8817623	83332.Rv0289	8.37	55
8818122	83332.Rv0771	8.37	26
8819154	83332.Rv1785c	8.29	72
8817714	83332.Rv0380c	8.28	33
8820132	83332.Rv2733c	8.27	92
8818119	83332.Rv0768	8.23	81
8820948	83332.Rv3527	8.23	28
8818192	83332.Rv0840c	8.21	43
8818964	83332.Rv1597	8.21	52
8818044	83332.Rv0696	8.2	90
8820643	83332.Rv3225c	8.19	117
8819613	83332.Rv2232	8.15	53
8821126	83332.Rv3702c	8.12	32
8819726	83332.Rv2337c	8.07	64
8818725	83332.Rv1364c	8.03	120
8819354	83332.Rv1982c	8.02	15
8818927	83332.Rv1560	8.02	6
8819096	83332.Rv1727	8.01	20
8817396	83332.Rv0069c	7.98	80
8818992	83332.Rv1625c	7.95	58
8817777	83332.Rv0442c	7.94	11
8820280	83332.Rv2877c	7.87	27
8820786	83332.Rv3366	7.87	18
8820842	83332.Rv3421c	7.84	32
8820584	83332.Rv3173c	7.78	36
8820593	83332.Rv3182	7.75	64
8819264	83332.Rv1895	7.71	46
8820323	83332.Rv2920c	7.71	25
8821132	83332.Rv3707c	7.71	40
8819368	83332.Rv1994c	7.71	31
8818691	83332.Rv1330c	7.69	66
8817411	83332.Rv0082	7.62	20
8820795	83332.Rv3375	7.6	75
8817336	83332.Rv0010c	7.57	24
8819477	83332.Rv2101	7.57	183
8818497	83332.Rv1139c	7.55	33
8819646	83332.Rv2264c	7.55	58
8817537	83332.Rv0205	7.55	34
8817611	83332.Rv0277c	7.51	30
8817660	83332.Rv0326	7.51	22
8817781	83332.Rv0446c	7.45	40
8820902	83332.Rv3481c	7.45	25
8818989	83332.Rv1622c	7.44	41
8818115	83332.Rv0764c	7.43	82
8819850	83332.Rv2456c	7.43	29
8820231	83332.Rv2829c	7.42	18
8818175	83332.Rv0823c	7.4	77
8821139	83332.Rv3714c	7.38	27
8818708	83332.Rv1347c	7.35	33
8818237	83332.Rv0885	7.32	80
8819106	83332.Rv1737c	7.31	40
8819991	83332.Rv2594c	7.28	21
8820027	83332.Rv2628	7.23	25
8820175	83332.Rv2775	7.2	26
8820124	83332.Rv2725c	7.15	81
8819012	83332.Rv1644	7.13	51
8820297	83332.Rv2894c	7.06	42
8820978	83332.Rv3557c	7.06	44
8819712	83332.Rv2324	7.03	20
8819999	83332.Rv2601A	7.01	16
8820531	83332.Rv3121	7.01	37
8819548	83332.Rv2170	6.96	25
8819817	83332.Rv2425c	6.96	78
8817430	83332.Rv0101	6.91	456
8819694	83332.Rv2307c	6.89	47
8817975	83332.Rv0630c	6.88	168
8819210	83332.Rv1842c	6.86	91
8819741	83332.Rv2352c	6.84	15
8820172	83332.Rv2772c	6.83	27
8819757	83332.Rv2368c	6.83	70
8820414	83332.Rv3007c	6.73	20
8819512	83332.Rv2136c	6.66	30
8819790	83332.Rv2399c	6.65	25
8820313	83332.Rv2910c	6.63	30
8820989	83332.Rv3567c	6.61	14
8818506	83332.Rv1148c	6.56	123
8819805	83332.Rv2413c	6.55	68
8819725	83332.Rv2336	6.55	56
8820848	83332.Rv3427c	6.54	40
8819596	83332.Rv2218	6.53	30
8818698	83332.Rv1337	6.51	6
8818767	83332.Rv1405c	6.5	41
8820905	83332.Rv3484	6.49	57
8817847	83332.Rv0506	6.49	31
8818118	83332.Rv0767c	6.48	34
8818589	83332.Rv1230c	6.47	36
8819329	83332.Rv1959c	6.46	15
8819909	83332.Rv2514c	6.44	25
8818174	83332.Rv0822c	6.4	100
8820017	83332.Rv2618	6.38	21
8819495	83332.Rv2119	6.35	26
8819373	83332.Rv1999c	6.35	55
8821275	83332.Rv3847	6.34	21
8819503	83332.Rv2127	6.34	67
8820182	83332.Rv2782c	6.31	94
8820035	83332.Rv2636	6.31	30
8817769	83332.Rv0434	6.3	29
8817413	83332.Rv0084	6.27	14
8821127	83332.Rv3703c	6.27	52
8820310	83332.Rv2907c	6.26	12
8818093	83332.Rv0744c	6.26	29
8818779	83332.Rv1417	6.23	16
8821260	83332.Rv3832c	6.22	20
8818769	83332.Rv1407	6.21	74
8819042	83332.Rv1674c	6.15	40
8821186	83332.Rv3760	6.12	14
8818621	83332.Rv1262c	6.08	20
8817884	83332.Rv0542c	6.07	48
8818822	83332.Rv1460	6.06	26
8820684	83332.Rv3266c	6.05	54
8819837	83332.Rv2443	6.02	42
8818764	83332.Rv1402	6.0	72
8817588	83332.Rv0255c	6.0	84
8817451	83332.Rv0122	5.99	20
8818587	83332.Rv1228	5.98	43
8817869	83332.Rv0528	5.88	59
8820147	83332.Rv2747	5.84	20
8821069	83332.Rv3647c	5.81	30
8819469	83332.Rv2093c	5.8	27
8820378	83332.Rv2972c	5.8	36
8819227	83332.Rv1859	5.8	47
8820157	83332.Rv2757c	5.8	25
8819347	83332.Rv1976c	5.75	22
8819728	83332.Rv2339	5.75	285
8818709	83332.Rv1348	5.71	69
8820952	83332.Rv3531c	5.7	21
8818819	83332.Rv1457c	5.68	30
8820270	83332.Rv2867c	5.67	31
8819699	83332.Rv2311	5.65	8
8820228	83332.Rv2827c	5.61	50
8817934	83332.Rv0591	5.6	188
8820959	83332.Rv3538	5.58	15
8817628	83332.Rv0294	5.56	46
8820970	83332.Rv3549c	5.56	21
8820794	83332.Rv3374	5.53	10
8820089	83332.Rv2690c	5.46	74
8818704	83332.Rv1343c	5.45	20
8818187	83332.Rv0835	5.43	41
8817848	83332.Rv0507	5.43	380
8818310	83332.Rv0959	5.42	65
8819334	83332.Rv1963c	5.33	59
8820042	83332.Rv2643	5.32	37
8820283	83332.Rv2880c	5.3	45
8821047	83332.Rv3625c	5.29	32
8820993	83332.Rv3571	5.26	55
8818988	83332.Rv1621c	5.26	57
8820507	83332.Rv3098A	5.22	5
8817937	83332.Rv0594	5.21	43
8819314	83332.Rv1945	5.17	111
8820224	83332.Rv2823c	5.15	103
8820386	83332.Rv2980	5.14	25
8817429	83332.Rv0100	5.12	9
8820493	83332.Rv3084	5.1	50
8817802	83332.Rv0465c	5.1	65
8818156	83332.Rv0804	5.08	28
8820255	83332.Rv2853	5.06	7
8820743	83332.Rv3324A	4.97	3
8819768	83332.Rv2379c	4.97	186
8817903	83332.Rv0561c	4.91	43
8818435	83332.Rv1081c	4.9	15
8820566	83332.Rv3155	4.89	14
8818584	83332.Rv1225c	4.89	15
8820227	83332.Rv2826c	4.88	16
8818547	83332.Rv1188	4.87	45
8820379	83332.Rv2973c	4.87	62
8820619	83332.Rv3204	4.8	12
8818834	83332.Rv1472	4.8	31
8821250	83332.Rv3822	4.78	30
8819410	83332.Rv2036	4.77	15
8820380	83332.Rv2974c	4.74	60
8820958	83332.Rv3537	4.73	92
8821084	83332.Rv3662c	4.72	32
8817427	83332.Rv0098	4.69	15
8820705	83332.Rv3287c	4.69	17
8820438	83332.Rv3030	4.66	38
8817737	83332.Rv0402c	4.63	81
8817529	83332.Rv0197	4.57	68
8819566	83332.Rv2188c	4.57	40
8819098	83332.Rv1729c	4.57	38
8818511	83332.Rv1153c	4.54	18
8819770	83332.Rv2381c	4.54	106
8819382	83332.Rv2008c	4.53	28
8817663	83332.Rv0329c	4.51	18
8819317	83332.Rv1948c	4.49	9
8821325	83332.Rv3897c	4.47	16
8820485	83332.Rv3076	4.44	33
8817939	83332.Rv0596c	4.44	8
8817876	83332.Rv0534c	4.42	25
8819944	83332.Rv2548	4.42	18
8818677	83332.Rv1317c	4.4	45
8819815	83332.Rv2423	4.37	54
8817940	83332.Rv0597c	4.37	38
8821220	83332.Rv3792	4.36	69
8818384	83332.Rv1030	4.33	66
8820590	83332.Rv3179	4.33	55
8819070	83332.Rv1702c	4.32	58
8819658	83332.Rv2275	4.32	14
8821162	83332.Rv3736	4.31	25
8821122	83332.Rv3698	4.3	30
8820068	83332.Rv2669	4.29	16
8819447	83332.Rv2072c	4.23	34
8820754	83332.Rv3334	4.21	6
8818535	83332.Rv1176c	4.15	15
8819771	83332.Rv2382c	4.13	26
8819062	83332.Rv1694	4.13	22
8819040	83332.Rv1672c	4.11	35
8819114	83332.Rv1745c	4.05	22
8817916	83332.Rv0574c	4.04	32
8820836	83332.Rv3415c	4.03	23
8821085	83332.Rv3663c	3.99	44
8818566	83332.Rv1207	3.99	28
8819562	83332.Rv2184c	3.97	49
8820779	83332.Rv3359	3.93	30
8817700	83332.Rv0366c	3.92	18
8818733	83332.Rv1371	3.89	30
8818991	83332.Rv1624c	3.89	28
8819174	83332.Rv1806	3.85	3
8819419	83332.Rv2045c	3.83	41
8821188	83332.Rv3762c	3.82	51
8819946	83332.Rv2549c	3.81	16
8818496	83332.Rv1138c	3.78	24
8818735	83332.Rv1373	3.76	36
8818576	83332.Rv1217c	3.75	41
8821182	83332.Rv3756c	3.74	15
8817771	83332.Rv0436c	3.72	21
8818631	83332.Rv1272c	3.7	78
8820069	83332.Rv2670c	3.7	31
8818078	83332.Rv0729	3.65	87
8818945	83332.Rv1578c	3.63	10
8820961	83332.Rv3540c	3.58	25
8820826	83332.Rv3405c	3.54	12
8817416	83332.Rv0087	3.49	28
8818416	83332.Rv1062	3.48	18
8820267	83332.Rv2864c	3.47	40
8819638	83332.Rv2256c	3.46	14
8819394	83332.Rv2020c	3.44	8
8819924	83332.Rv2529	3.4	37
8820029	83332.Rv2630	3.38	10
8818228	83332.Rv0876c	3.38	23
8817811	83332.Rv0473	3.37	77
8820894	83332.Rv3473c	3.29	18
8821117	83332.Rv3694c	3.28	25
8818242	83332.Rv0890c	3.25	60
8818943	83332.Rv1576c	3.23	20
8818189	83332.Rv0837c	3.22	23
8820176	83332.Rv2776c	3.2	26
8817824	83332.Rv0486	3.2	36
8820049	83332.Rv2650c	3.17	26
8818542	83332.Rv1183	3.17	66
8820818	83332.Rv3397c	3.17	56
8819099	83332.Rv1730c	3.14	49
8817363	83332.Rv0037c	3.13	22
8818613	83332.Rv1254	3.13	36
8819326	83332.Rv1956	3.13	8
8820695	83332.Rv3277	3.13	20
8820797	83332.Rv3377c	3.1	37
8820133	83332.Rv2734	3.09	20
8819241	83332.Rv1873	3.06	13
8819782	83332.Rv2393	3.05	20
8820945	83332.Rv3524	3.03	15
8818290	83332.Rv0938	3.02	45
8818270	83332.Rv0918	2.99	15
8817882	83332.Rv0540	2.99	16
8818795	83332.Rv1433	2.96	14
8820305	83332.Rv2902c	2.96	14
8817390	83332.Rv0064	2.96	58
8817593	83332.Rv0260c	2.94	30
8820951	83332.Rv3530c	2.93	22
8817833	83332.Rv0494	2.92	14
8817954	83332.Rv0610c	2.91	15
8817550	83332.Rv0218	2.89	51
8819226	83332.Rv1858	2.86	15
8819439	83332.Rv2064	2.83	60
8817917	83332.Rv0575c	2.79	20
8817659	83332.Rv0325	2.79	6
8820400	83332.Rv2994	2.77	24
8818273	83332.Rv0921	2.72	10
8818637	83332.Rv1278	2.7	54
8820798	83332.Rv3378c	2.7	21
8820134	83332.Rv2735c	2.7	17
8817544	83332.Rv0212c	2.67	26
8819255	83332.Rv1887	2.67	12
8818144	83332.Rv0792c	2.64	20
8819209	83332.Rv1841c	2.63	21
8819267	83332.Rv1898	2.62	6
8817974	83332.Rv0629c	2.59	46
8820811	83332.Rv3391	2.59	29
8820494	83332.Rv3085	2.58	32
8818362	83332.Rv1009	2.57	20
8817914	83332.Rv0572c	2.55	6
8820196	83332.Rv2796c	2.55	20
8818340	83332.Rv0987	2.52	33
8819069	83332.Rv1701	2.49	24
8820441	83332.Rv3032A	2.47	12
8820321	83332.Rv2918c	2.46	44
8818276	83332.Rv0924c	2.45	19
8820225	83332.Rv2824c	2.45	20
8818267	83332.Rv0915c	2.43	8
8821011	83332.Rv3589	2.42	24
8817384	83332.Rv0058	2.36	46
8819087	83332.Rv1718	2.35	21
8820938	83332.Rv3517	2.33	16
8819093	83332.Rv1724c	2.33	8
8820824	83332.Rv3403c	2.33	32
8818221	83332.Rv0869c	2.33	16
8817552	83332.Rv0220	2.32	18
8817963	83332.Rv0618	2.31	8
8818282	83332.Rv0930	2.3	6
8817419	83332.Rv0090	2.29	15
8818238	83332.Rv0886	2.28	40
8819364	83332.Rv1991A	2.28	6
8817435	83332.Rv0106	2.26	15
8818480	83332.Rv1123c	2.25	12
8820464	83332.Rv3055	2.23	8
8818953	83332.Rv1586c	2.2	23
8819013	83332.Rv1645c	2.2	28
8820009	83332.Rv2611c	2.15	22
8818877	83332.Rv1510	2.15	20
8820197	83332.Rv2797c	2.13	14
8817755	83332.Rv0420c	2.06	8
8818567	83332.Rv1208	2.05	14
8817823	83332.Rv0485	2.05	15
8819032	83332.Rv1664	2.05	28
8820126	83332.Rv2727c	2.04	16
8821007	83332.Rv3585	2.03	18
8821261	83332.Rv3833	2.03	14
8818868	83332.Rv1503c	1.99	8
8819179	83332.Rv1811	1.99	8
8820201	83332.Rv2801A	1.95	4
8817377	83332.Rv0051	1.91	26
8817791	83332.Rv0456A	1.91	9
8821190	83332.Rv3764c	1.88	15
8821057	83332.Rv3635	1.87	21
8820177	83332.Rv2777c	1.85	14
8819304	83332.Rv1935c	1.85	12
8818522	83332.Rv1163	1.85	12
8818341	83332.Rv0988	1.84	18
8820122	83332.Rv2723	1.8	15
8820106	83332.Rv2707	1.79	6
8821155	83332.Rv3729	1.79	33
8820221	83332.Rv2820c	1.77	8
8820670	83332.Rv3252c	1.76	16
8818887	83332.Rv1520	1.76	32
8817645	83332.Rv0311	1.75	15
8819616	83332.Rv2236c	1.74	12
8820843	83332.Rv3422c	1.73	6
8821161	83332.Rv3735	1.71	8
8818610	83332.Rv1251c	1.66	30
8819706	83332.Rv2318	1.66	24
8819670	83332.Rv2287	1.64	28
8818548	83332.Rv1189	1.63	14
8818882	83332.Rv1515c	1.63	16
8818077	83332.Rv0728c	1.62	15
8820835	83332.Rv3414c	1.62	16
8819903	83332.Rv2508c	1.62	15
8818571	83332.Rv1212c	1.61	14
8818504	83332.Rv1146	1.59	22
8818830	83332.Rv1468c	1.58	4
8817547	83332.Rv0215c	1.58	14
8819484	83332.Rv2108	1.56	10
8819883	83332.Rv2488c	1.55	82
8817709	83332.Rv0375c	1.55	12
8819759	83332.Rv2370c	1.54	10
8819282	83332.Rv1913	1.53	8
8820428	83332.Rv3020c	1.5	12
8820347	83332.Rv2943	1.47	18
8820731	83332.Rv3312c	1.46	12
8818135	83332.Rv0784	1.45	6
8820462	83332.Rv3053c	1.43	3
8818636	83332.Rv1277	1.43	17
8821312	83332.Rv3884c	1.42	14
8818932	83332.Rv1565c	1.36	28
8819092	83332.Rv1723	1.35	8
8818710	83332.Rv1349	1.35	12
8818084	83332.Rv0735	1.26	6
8820135	83332.Rv2736c	1.26	6
8818382	83332.Rv1028c	1.25	18
8818419	83332.Rv1065	1.25	5
8819767	83332.Rv2378c	1.24	39
8821153	83332.Rv3727	1.22	26
8820813	83332.Rv3393	1.21	7
8820245	83332.Rv2843	1.2	6
8820755	83332.Rv3335c	1.2	12
8818837	83332.Rv1474c	1.19	6
8818855	83332.Rv1491c	1.15	6
8820250	83332.Rv2848c	1.12	15
8821016	83332.Rv3594	1.1	7
8820287	83332.Rv2884	1.09	16
8818952	83332.Rv1585c	1.09	3
8818632	83332.Rv1273c	1.07	10
8818630	83332.Rv1271c	1.07	4
8819910	83332.Rv2515c	1.06	12
8819030	83332.Rv1662	1.05	58
8819659	83332.Rv2276	1.04	8
8817536	83332.Rv0204c	1.02	12
8817347	83332.Rv0021c	1.02	6
8820971	83332.Rv3550	1.01	19
8818235	83332.Rv0883c	1.01	5
8820781	83332.Rv3361c	1.01	8
8819531	83332.Rv2154c	1.01	10
8819866	83332.Rv2471	1.0	10
8820576	83332.Rv3165c	0.975	6
8817995	83332.Rv0648	0.969	25
8820999	83332.Rv3577	0.955	6
8817495	83332.Rv0165c	0.95	4
8819900	83332.Rv2505c	0.948	9
8818585	83332.Rv1226c	0.943	6
8817710	83332.Rv0376c	0.932	9
8819399	83332.Rv2025c	0.911	9
8817838	83332.Rv0499	0.909	6
8817606	83332.Rv0273c	0.903	6
8819829	83332.Rv2436	0.89	7
8820320	83332.Rv2917	0.878	10
8821347	83332.Rv3919c	0.846	3
8818158	83332.Rv0806c	0.829	6
8819202	83332.Rv1834	0.822	3
8817585	83332.Rv0252	0.81	18
8818200	83332.Rv0848	0.792	6
8820602	83332.Rv3190c	0.781	5
8817858	83332.Rv0517	0.776	6
8819407	83332.Rv2033c	0.76	6
8820773	83332.Rv3353c	0.748	14
8817932	83332.Rv0590	0.725	6
8819722	83332.Rv2333c	0.713	38
8817740	83332.Rv0405	0.71	18
8817569	83332.Rv0236c	0.706	81
8820780	83332.Rv3360	0.705	3
8818929	83332.Rv1562c	0.695	12
8817394	83332.Rv0067c	0.693	47
8818179	83332.Rv0827c	0.67	3
8818388	83332.Rv1034c	0.657	10
8820469	83332.Rv3060c	0.617	7
8821071	83332.Rv3649	0.582	12
8819907	83332.Rv2512c	0.566	40
8820525	83332.Rv3115	0.566	40
8818401	83332.Rv1047	0.566	40
8818558	83332.Rv1199c	0.566	40
8820431	83332.Rv3023c	0.566	40
8820234	83332.Rv2832c	0.531	4
8818609	83332.Rv1250	0.487	6
8821061	83332.Rv3639c	0.453	5
8820972	83332.Rv3551	0.446	3
8818738	83332.Rv1376	0.446	31
8819147	83332.Rv1777	0.417	25
8818918	83332.Rv1551	0.411	6
8819541	83332.Rv2163c	0.394	6
8818904	83332.Rv1537	0.383	3
8820014	83332.Rv2615c	0.379	44
8818815	83332.Rv1453	0.369	6
8818333	83332.Rv0980c	0.367	44
8818330	83332.Rv0978c	0.351	44
8818484	83332.Rv1127c	0.305	3
8820161	83332.Rv2761c	0.299	3
8821251	83332.Rv3823c	0.268	12
8819459	83332.Rv2083	0.232	44
8818690	83332.Rv1329c	0.212	3
8818794	83332.Rv1432	0.192	3
8818889	83332.Rv1522c	0.178	6
8818365	83332.Rv1012	0.059	3
8820586	83332.Rv3175	0.039	44
8818126	83332.Rv0775	0.036	10
8820871	83332.Rv3450c	0.033	6
8819816	83332.Rv2424c	0.03	10
8818477	83332.Rv1120c	0.03	12
8820415	83332.Rv3008	0.028	3
8819168	83332.Rv1800	0.016	3
8819773	83332.Rv2384	0.014	10
8819050	83332.Rv1682	0.013	12
