#id: 2359286395
#name: H.pylori - Whole organism, SC (Müller,j_proteomics,2013)
#score: 10.28
#weight:  10%
#description: abundance based on Spectral counting, Interaction consistency score: 10.28, Coverage: 93
#organ: WHOLE_ORGANISM
#integrated: false
#coverage: 93
#link: http://www.ncbi.nlm.nih.gov/pubmed/23665149
#publication_year: 2013
#filename: 85962-Helicobacter_pylori_SC_biomart_27551_E__5reps.txt
#
#internal_id	string_external_id	abundance	raw_spectral_count
8921787	85962.C694_00045	28666	26147
8921788	85962.C694_00050	26514	1922
8923344	85962.C694_08100	25545	10084
8921848	85962.C694_00350	18553	13259
8921849	85962.C694_00355	14595	4477
8922931	85962.C694_05995	13835	3707
8923018	85962.C694_06430	13039	513
8923061	85962.C694_06645	11352	2832
8921977	85962.C694_00995	8990	41
8923370	85962.C694_08240	8870	4067
8923236	85962.C694_07550	8123	1108
8922024	85962.C694_01230	7937	2368
8923072	85962.C694_06700	7623	33
8921903	85962.C694_00625	7378	438
8922980	85962.C694_06240	7367	6538
8922338	85962.C694_02900	7352	225
8922472	85962.C694_03600	7245	1777
8923081	85962.C694_06745	7105	234
8922969	85962.C694_06185	7045	746
8921886	85962.C694_00540	6831	6167
8921852	85962.C694_00370	6743	145
8922471	85962.C694_03595	6522	6658
8923067	85962.C694_06675	6285	555
8922643	85962.C694_04480	6193	5354
8923089	85962.C694_06785	5927	910
8923082	85962.C694_06750	5786	1126
8922970	85962.C694_06190	5587	689
8922948	85962.C694_06080	5388	6759
8922077	85962.C694_01495	5306	497
8921803	85962.C694_00125	5251	3216
8922470	85962.C694_03590	5154	7128
8921801	85962.C694_00115	4960	5608
8923083	85962.C694_06755	4902	187
8923084	85962.C694_06760	4852	584
8922086	85962.C694_01540	4842	1953
8922974	85962.C694_06210	4799	1235
8922267	85962.C694_02525	4681	309
8922921	85962.C694_05945	4649	355
8922168	85962.C694_01980	4622	1550
8922004	85962.C694_01130	4500	2868
8921953	85962.C694_00875	4335	2166
8923013	85962.C694_06405	4331	496
8922490	85962.C694_03700	4259	554
8922492	85962.C694_03710	4018	878
8923087	85962.C694_06775	4015	594
8923076	85962.C694_06720	3983	497
8922593	85962.C694_04225	3939	2333
8923094	85962.C694_06810	3925	1169
8922877	85962.C694_05715	3861	1290
8922917	85962.C694_05925	3775	577
8922289	85962.C694_02645	3735	828
8922681	85962.C694_04695	3725	2508
8923276	85962.C694_07750	3675	1374
8921952	85962.C694_00870	3670	1462
8921860	85962.C694_00410	3658	633
8921859	85962.C694_00405	3620	601
8922592	85962.C694_04220	3617	1115
8922100	85962.C694_01610	3607	1778
8923060	85962.C694_06640	3599	1164
8922659	85962.C694_04575	3565	777
8922337	85962.C694_02895	3492	969
8922807	85962.C694_05365	3473	1882
8922682	85962.C694_04700	3427	1027
8922888	85962.C694_05770	3400	3183
8922167	85962.C694_01975	3325	1712
8923335	85962.C694_08055	3276	2149
8923071	85962.C694_06695	3237	691
8922565	85962.C694_04085	3221	1408
8922325	85962.C694_02825	3210	6171
8923234	85962.C694_07540	3208	730
8921975	85962.C694_00985	3197	498
8922668	85962.C694_04620	3137	1123
8923086	85962.C694_06770	3117	348
8923069	85962.C694_06685	3115	885
8923085	85962.C694_06765	3061	218
8922837	85962.C694_05515	3040	655
8922408	85962.C694_03260	3040	1087
8923090	85962.C694_06790	2982	525
8922374	85962.C694_03080	2962	1201
8923092	85962.C694_06800	2959	336
8923091	85962.C694_06795	2945	1325
8922548	85962.C694_04000	2909	4098
8922975	85962.C694_06215	2881	1013
8922346	85962.C694_02940	2878	2506
8923088	85962.C694_06780	2832	813
8922944	85962.C694_06060	2721	993
8922491	85962.C694_03705	2694	142
8922545	85962.C694_03985	2682	148
8922191	85962.C694_02095	2573	1295
8922328	85962.C694_02850	2569	270
8922368	85962.C694_03050	2464	718
8923225	85962.C694_07495	2451	58
8922398	85962.C694_03210	2391	422
8922448	85962.C694_03470	2350	1234
8922725	85962.C694_04915	2335	955
8923079	85962.C694_06735	2326	801
8922078	85962.C694_01500	2315	272
8922479	85962.C694_03635	2302	1051
8923343	85962.C694_08095	2194	1847
8922808	85962.C694_05370	2164	488
8923070	85962.C694_06690	2121	225
8922873	85962.C694_05695	2110	1361
8922810	85962.C694_05380	2101	207
8922075	85962.C694_01485	2066	1135
8923030	85962.C694_06490	2062	409
8922968	85962.C694_06180	2050	3139
8922999	85962.C694_06335	2023	253
8923331	85962.C694_08035	1989	292
8922431	85962.C694_03375	1987	556
8921843	85962.C694_00325	1985	662
8921902	85962.C694_00620	1982	125
8922045	85962.C694_01335	1982	2356
8922262	85962.C694_02500	1933	1854
8921932	85962.C694_00770	1924	1188
8923078	85962.C694_06730	1915	309
8922976	85962.C694_06220	1908	474
8923093	85962.C694_06805	1900	528
8921982	85962.C694_01020	1887	300
8922973	85962.C694_06205	1886	322
8922563	85962.C694_04075	1867	1201
8922383	85962.C694_03125	1863	951
8923342	85962.C694_08090	1860	1568
8921904	85962.C694_00630	1853	1088
8923334	85962.C694_08050	1851	1051
8922367	85962.C694_03045	1837	922
8922295	85962.C694_02675	1835	285
8922377	85962.C694_03095	1830	1685
8922902	85962.C694_05840	1825	1851
8922867	85962.C694_05665	1824	794
8923100	85962.C694_06840	1805	1046
8921887	85962.C694_00545	1785	599
8923020	85962.C694_06440	1749	503
8921931	85962.C694_00765	1741	1205
8922971	85962.C694_06195	1725	8630
8923080	85962.C694_06740	1723	398
8922340	85962.C694_02910	1700	182
8922155	85962.C694_01915	1686	592
8922049	85962.C694_01355	1680	228
8921906	85962.C694_00640	1669	833
8923120	85962.C694_06940	1666	1501
8922177	85962.C694_02025	1660	1555
8922011	85962.C694_01165	1649	894
8922904	85962.C694_05850	1640	1642
8921969	85962.C694_00955	1636	2235
8922878	85962.C694_05720	1631	416
8923125	85962.C694_06965	1630	1073
8922693	85962.C694_04755	1629	157
8922598	85962.C694_04250	1549	1342
8922661	85962.C694_04585	1547	129
8922334	85962.C694_02880	1537	924
8921907	85962.C694_00645	1525	22
8923152	85962.C694_07100	1521	439
8921954	85962.C694_00880	1518	456
8921989	85962.C694_01055	1515	1787
8922880	85962.C694_05730	1506	668
8921802	85962.C694_00120	1502	1146
8923077	85962.C694_06725	1482	317
8922261	85962.C694_02495	1480	887
8921912	85962.C694_00670	1472	518
8922546	85962.C694_03990	1464	651
8923174	85962.C694_07210	1461	349
8923095	85962.C694_06815	1452	289
8922091	85962.C694_01565	1450	750
8923044	85962.C694_06560	1450	7
8923068	85962.C694_06680	1442	947
8922254	85962.C694_02460	1441	1428
8922552	85962.C694_04020	1431	358
8922002	85962.C694_01120	1427	124
8921998	85962.C694_01100	1425	451
8923247	85962.C694_07605	1423	819
8922391	85962.C694_03175	1422	300
8922286	85962.C694_02630	1415	1509
8922001	85962.C694_01115	1414	964
8922634	85962.C694_04435	1400	385
8921882	85962.C694_00520	1393	376
8922879	85962.C694_05725	1383	1101
8923239	85962.C694_07565	1373	1065
8922427	85962.C694_03355	1369	1150
8922000	85962.C694_01110	1360	1184
8923115	85962.C694_06915	1356	165
8921781	85962.C694_00015	1351	798
8922170	85962.C694_01990	1319	1685
8922843	85962.C694_05545	1314	284
8923219	85962.C694_07465	1313	428
8923224	85962.C694_07490	1311	220
8921905	85962.C694_00635	1307	281
8921942	85962.C694_00820	1284	353
8923320	85962.C694_07980	1283	264
8922099	85962.C694_01605	1280	2660
8921990	85962.C694_01060	1268	522
8922979	85962.C694_06235	1246	54
8922149	85962.C694_01885	1246	302
8923345	85962.C694_08105	1242	605
8922934	85962.C694_06010	1231	804
8922244	85962.C694_02410	1218	1203
8923363	85962.C694_08195	1211	651
8921873	85962.C694_00475	1209	409
8922960	85962.C694_06140	1175	469
8922788	85962.C694_05270	1168	1031
8921961	85962.C694_00915	1160	340
8923178	85962.C694_07230	1158	764
8922169	85962.C694_01985	1153	220
8923019	85962.C694_06435	1145	387
8921974	85962.C694_00980	1142	928
8921914	85962.C694_00680	1141	802
8923151	85962.C694_07095	1136	514
8922323	85962.C694_02815	1117	241
8921962	85962.C694_00920	1117	496
8922467	85962.C694_03565	1105	378
8922797	85962.C694_05315	1104	258
8922595	85962.C694_04235	1101	177
8921968	85962.C694_00950	1089	651
8922276	85962.C694_02570	1078	990
8921985	85962.C694_01035	1058	678
8922394	85962.C694_03190	1058	1193
8922664	85962.C694_04600	1029	2237
8922604	85962.C694_04280	1027	149
8921862	85962.C694_00420	1026	851
8922549	85962.C694_04005	1022	163
8923292	85962.C694_07830	1022	1822
8923281	85962.C694_07775	1018	832
8922009	85962.C694_01155	988	902
8923073	85962.C694_06705	984	72
8922163	85962.C694_01955	979	135
8921819	85962.C694_00205	976	428
8921901	85962.C694_00615	976	263
8922449	85962.C694_03475	975	642
8922784	85962.C694_05250	970	431
8922896	85962.C694_05810	960	274
8922577	85962.C694_04145	957	267
8922366	85962.C694_03040	949	827
8922943	85962.C694_06055	933	495
8922385	85962.C694_03135	925	496
8921831	85962.C694_00265	923	2326
8923113	85962.C694_06905	904	195
8923322	85962.C694_07990	903	252
8922034	85962.C694_01280	902	810
8922105	85962.C694_01635	900	367
8922815	85962.C694_05405	898	1313
8923016	85962.C694_06420	893	2297
8923041	85962.C694_06545	887	1551
8922724	85962.C694_04910	874	433
8921875	85962.C694_00485	867	1291
8921872	85962.C694_00470	862	480
8922601	85962.C694_04265	848	539
8922903	85962.C694_05845	845	381
8922466	85962.C694_03560	844	236
8922175	85962.C694_02015	843	1072
8922455	85962.C694_03505	840	1375
8923200	85962.C694_07360	839	157
8921922	85962.C694_00720	830	423
8921924	85962.C694_00730	829	311
8921913	85962.C694_00675	828	298
8922747	85962.C694_05035	827	676
8922015	85962.C694_01185	822	591
8921780	85962.C694_00010	816	238
8923162	85962.C694_07150	816	448
8923272	85962.C694_07730	800	119
8922839	85962.C694_05525	798	998
8921938	85962.C694_00800	791	537
8922282	85962.C694_02610	789	524
8923205	85962.C694_07395	783	1258
8922404	85962.C694_03240	781	406
8921946	85962.C694_00840	780	454
8922241	85962.C694_02395	778	13
8922410	85962.C694_03270	772	889
8922409	85962.C694_03265	771	337
8923199	85962.C694_07355	769	1471
8922782	85962.C694_05240	767	624
8923012	85962.C694_06400	764	1359
8921811	85962.C694_00165	756	166
8922290	85962.C694_02650	756	299
8922465	85962.C694_03555	749	611
8923232	85962.C694_07530	743	499
8921796	85962.C694_00090	742	447
8922028	85962.C694_01250	742	728
8922365	85962.C694_03035	740	149
8922670	85962.C694_04630	738	144
8921866	85962.C694_00440	735	476
8922920	85962.C694_05940	731	200
8923246	85962.C694_07600	729	425
8922906	85962.C694_05860	729	287
8922320	85962.C694_02800	728	232
8921915	85962.C694_00685	724	401
8922625	85962.C694_04390	724	271
8921978	85962.C694_01000	724	548
8922188	85962.C694_02080	715	201
8922148	85962.C694_01880	706	514
8922118	85962.C694_01710	698	38
8922828	85962.C694_05470	698	241
8922314	85962.C694_02770	695	532
8923027	85962.C694_06475	694	288
8921972	85962.C694_00970	693	398
8922627	85962.C694_04400	693	444
8922348	85962.C694_02950	691	245
8922977	85962.C694_06225	687	267
8922150	85962.C694_01890	685	238
8922816	85962.C694_05410	684	84
8922138	85962.C694_01825	681	535
8923110	85962.C694_06890	679	465
8922395	85962.C694_03195	673	282
8922813	85962.C694_05395	673	236
8922637	85962.C694_04450	673	135
8921973	85962.C694_00975	672	254
8921898	85962.C694_00600	665	1054
8922113	85962.C694_01675	664	320
8922562	85962.C694_04070	663	288
8922806	85962.C694_05360	662	216
8922553	85962.C694_04025	662	237
8922554	85962.C694_04030	660	1149
8921874	85962.C694_00480	659	711
8922895	85962.C694_05805	655	427
8922892	85962.C694_05790	653	72
8922087	85962.C694_01545	649	522
8922799	85962.C694_05325	643	186
8923156	85962.C694_07120	642	1009
8922743	85962.C694_05015	638	103
8923109	85962.C694_06885	638	242
8922336	85962.C694_02890	632	158
8922818	85962.C694_05420	632	1044
8922967	85962.C694_06175	631	472
8922432	85962.C694_03380	630	435
8922158	85962.C694_01930	628	544
8923149	85962.C694_07085	626	426
8922955	85962.C694_06115	619	319
8922995	85962.C694_06315	617	171
8922721	85962.C694_04895	613	254
8922699	85962.C694_04785	609	312
8922599	85962.C694_04255	605	324
8921971	85962.C694_00965	605	297
8922636	85962.C694_04445	602	136
8922196	85962.C694_02120	599	435
8921858	85962.C694_00400	593	1060
8921960	85962.C694_00910	592	483
8922922	85962.C694_05950	592	544
8923287	85962.C694_07805	589	535
8921900	85962.C694_00610	589	718
8923150	85962.C694_07090	587	607
8922869	85962.C694_05675	580	577
8922901	85962.C694_05835	580	107
8922012	85962.C694_01170	575	169
8923050	85962.C694_06590	571	590
8921791	85962.C694_00065	568	420
8922621	85962.C694_04370	567	660
8922964	85962.C694_06160	564	616
8922714	85962.C694_04860	563	138
8921884	85962.C694_00530	562	214
8921807	85962.C694_00145	558	133
8923318	85962.C694_07970	558	319
8922868	85962.C694_05670	556	244
8922437	85962.C694_03405	555	442
8921910	85962.C694_00660	550	505
8922298	85962.C694_02690	544	467
8921940	85962.C694_00810	544	332
8922991	85962.C694_06295	541	428
8922036	85962.C694_01290	539	352
8923037	85962.C694_06525	537	312
8922494	85962.C694_03720	535	398
8922424	85962.C694_03340	532	267
8923303	85962.C694_07895	531	134
8922729	85962.C694_04935	531	216
8922905	85962.C694_05855	530	203
8922435	85962.C694_03395	530	492
8923177	85962.C694_07225	530	413
8922748	85962.C694_05040	530	401
8923305	85962.C694_07905	527	309
8922048	85962.C694_01350	522	530
8922271	85962.C694_02545	519	48
8922542	85962.C694_03970	513	417
8923043	85962.C694_06555	511	247
8922421	85962.C694_03325	510	376
8922345	85962.C694_02935	510	414
8922872	85962.C694_05690	508	321
8922530	85962.C694_03910	507	523
8923099	85962.C694_06835	503	61
8922794	85962.C694_05300	502	250
8922197	85962.C694_02125	502	679
8922331	85962.C694_02865	502	260
8921959	85962.C694_00905	499	424
8922128	85962.C694_01770	499	607
8922697	85962.C694_04775	498	137
8921844	85962.C694_00330	496	275
8922713	85962.C694_04855	495	373
8922783	85962.C694_05245	494	322
8923248	85962.C694_07610	492	760
8922403	85962.C694_03235	492	369
8921842	85962.C694_00320	492	258
8922243	85962.C694_02405	490	159
8923241	85962.C694_07575	487	242
8922246	85962.C694_02420	484	254
8923327	85962.C694_08015	482	784
8921979	85962.C694_01005	475	362
8922082	85962.C694_01520	469	274
8922029	85962.C694_01255	468	355
8921804	85962.C694_00130	468	133
8922521	85962.C694_03865	467	90
8922392	85962.C694_03180	466	641
8922572	85962.C694_04120	465	327
8923121	85962.C694_06945	464	322
8922081	85962.C694_01515	463	88
8921783	85962.C694_00025	460	194
8922189	85962.C694_02085	454	494
8922310	85962.C694_02750	453	9
8923309	85962.C694_07925	452	139
8922570	85962.C694_04110	451	212
8922007	85962.C694_01145	446	1203
8923117	85962.C694_06925	446	1203
8923036	85962.C694_06520	446	155
8922626	85962.C694_04395	445	522
8922050	85962.C694_01360	443	383
8922655	85962.C694_04540	440	443
8923307	85962.C694_07915	440	7
8923355	85962.C694_08155	437	250
8922242	85962.C694_02400	437	569
8922513	85962.C694_03815	435	350
8923039	85962.C694_06535	433	51
8922950	85962.C694_06090	433	239
8923275	85962.C694_07745	432	303
8922583	85962.C694_04175	432	108
8922384	85962.C694_03130	430	469
8923261	85962.C694_07675	429	47
8921864	85962.C694_00430	429	498
8922322	85962.C694_02810	424	185
8922605	85962.C694_04290	423	116
8922628	85962.C694_04405	422	162
8922516	85962.C694_03840	420	313
8922018	85962.C694_01200	418	439
8922618	85962.C694_04355	417	565
8922240	85962.C694_02390	416	249
8922090	85962.C694_01560	416	226
8922438	85962.C694_03410	415	250
8922302	85962.C694_02710	412	185
8921857	85962.C694_00395	410	16
8922454	85962.C694_03500	406	289
8922772	85962.C694_05170	405	253
8922790	85962.C694_05280	404	224
8922858	85962.C694_05620	404	453
8922663	85962.C694_04595	401	132
8922064	85962.C694_01430	401	266
8922434	85962.C694_03390	400	238
8923101	85962.C694_06845	399	71
8922180	85962.C694_02040	397	654
8922250	85962.C694_02440	397	398
8922581	85962.C694_04165	397	160
8923212	85962.C694_07430	396	263
8922909	85962.C694_05875	395	223
8922559	85962.C694_04055	395	552
8922174	85962.C694_02010	395	485
8922688	85962.C694_04730	394	873
8923038	85962.C694_06530	393	414
8922352	85962.C694_02970	392	206
8921790	85962.C694_00060	392	240
8922183	85962.C694_02055	392	98
8921845	85962.C694_00335	392	120
8922142	85962.C694_01845	390	266
8922482	85962.C694_03650	389	178
8922631	85962.C694_04420	389	355
8922754	85962.C694_05070	389	233
8922543	85962.C694_03975	385	280
8922291	85962.C694_02655	384	340
8923259	85962.C694_07665	382	313
8922277	85962.C694_02575	381	665
8922309	85962.C694_02745	379	174
8922951	85962.C694_06095	378	389
8922327	85962.C694_02845	378	353
8922257	85962.C694_02475	377	172
8923340	85962.C694_08080	376	91
8922178	85962.C694_02030	375	205
8922567	85962.C694_04095	375	174
8921818	85962.C694_00200	372	290
8922746	85962.C694_05030	372	250
8922633	85962.C694_04430	372	123
8921992	85962.C694_01070	369	398
8922181	85962.C694_02045	368	199
8923107	85962.C694_06875	366	212
8921879	85962.C694_00505	366	534
8922870	85962.C694_05680	364	275
8922083	85962.C694_01525	363	184
8922533	85962.C694_03925	362	264
8923009	85962.C694_06385	362	282
8922763	85962.C694_05125	361	47
8923237	85962.C694_07555	360	167
8922353	85962.C694_02975	359	243
8923116	85962.C694_06920	358	169
8922475	85962.C694_03615	357	606
8923233	85962.C694_07535	354	42
8922160	85962.C694_01940	353	137
8922656	85962.C694_04560	353	152
8922622	85962.C694_04375	352	200
8922923	85962.C694_05955	351	671
8922433	85962.C694_03385	350	662
8923062	85962.C694_06650	349	143
8921851	85962.C694_00365	349	251
8923235	85962.C694_07545	347	113
8922483	85962.C694_03655	346	492
8922185	85962.C694_02065	344	131
8922908	85962.C694_05870	344	213
8922047	85962.C694_01345	342	222
8922819	85962.C694_05425	342	28
8922544	85962.C694_03980	341	503
8922056	85962.C694_01390	339	351
8922407	85962.C694_03255	338	519
8922104	85962.C694_01630	336	373
8922017	85962.C694_01195	336	181
8922096	85962.C694_01590	336	67
8923074	85962.C694_06710	335	103
8921893	85962.C694_00575	335	436
8923184	85962.C694_07270	334	245
8922420	85962.C694_03320	334	168
8922506	85962.C694_03780	333	226
8922141	85962.C694_01840	330	89
8922963	85962.C694_06155	329	212
8923274	85962.C694_07740	328	326
8922812	85962.C694_05390	328	232
8922590	85962.C694_04210	328	261
8922742	85962.C694_05010	328	425
8923134	85962.C694_07010	326	97
8921997	85962.C694_01095	325	222
8923252	85962.C694_07630	325	85
8923031	85962.C694_06495	324	143
8922201	85962.C694_02145	324	226
8921784	85962.C694_00030	323	236
8922013	85962.C694_01175	321	265
8921927	85962.C694_00745	321	176
8923352	85962.C694_08140	320	192
8922505	85962.C694_03775	319	115
8922894	85962.C694_05800	318	196
8922444	85962.C694_03440	317	303
8922283	85962.C694_02615	317	346
8922561	85962.C694_04065	316	145
8922307	85962.C694_02735	314	210
8923306	85962.C694_07910	312	341
8922079	85962.C694_01505	311	295
8922928	85962.C694_05980	311	129
8922397	85962.C694_03205	309	81
8923333	85962.C694_08045	308	586
8923206	85962.C694_07400	305	154
8922305	85962.C694_02725	304	331
8922304	85962.C694_02720	303	707
8922987	85962.C694_06275	300	344
8921970	85962.C694_00960	299	133
8922417	85962.C694_03305	298	153
8923330	85962.C694_08030	297	365
8922853	85962.C694_05595	297	285
8922293	85962.C694_02665	296	215
8921810	85962.C694_00160	296	100
8922021	85962.C694_01215	295	197
8921880	85962.C694_00510	295	145
8922773	85962.C694_05185	295	66
8921809	85962.C694_00155	294	367
8922311	85962.C694_02755	293	118
8922333	85962.C694_02875	292	188
8923311	85962.C694_07935	291	371
8923312	85962.C694_07940	290	129
8923254	85962.C694_07640	289	172
8923026	85962.C694_06470	289	369
8922741	85962.C694_05005	288	447
8922771	85962.C694_05165	288	38
8922112	85962.C694_01670	288	213
8923135	85962.C694_07015	287	116
8923262	85962.C694_07680	286	178
8922247	85962.C694_02425	286	146
8922804	85962.C694_05350	285	120
8922992	85962.C694_06300	285	144
8923010	85962.C694_06390	284	199
8922566	85962.C694_04090	283	103
8922701	85962.C694_04795	282	59
8923242	85962.C694_07580	281	124
8922035	85962.C694_01285	281	242
8922927	85962.C694_05975	279	307
8921865	85962.C694_00435	279	139
8922132	85962.C694_01790	275	146
8923240	85962.C694_07570	273	142
8921881	85962.C694_00515	273	175
8923267	85962.C694_07705	273	179
8922341	85962.C694_02915	271	110
8922876	85962.C694_05710	270	138
8922321	85962.C694_02805	270	439
8922202	85962.C694_02150	270	371
8922608	85962.C694_04305	270	219
8922994	85962.C694_06310	269	563
8923008	85962.C694_06380	269	133
8922926	85962.C694_05970	268	304
8923051	85962.C694_06595	268	40
8922719	85962.C694_04885	268	152
8923131	85962.C694_06995	265	159
8922059	85962.C694_01405	264	257
8922759	85962.C694_05095	263	31
8921921	85962.C694_00715	263	140
8922849	85962.C694_05575	263	267
8922478	85962.C694_03630	262	539
8922061	85962.C694_01415	262	181
8922284	85962.C694_02620	262	155
8923338	85962.C694_08070	261	45
8922660	85962.C694_04580	261	35
8921958	85962.C694_00900	261	156
8922114	85962.C694_01680	260	50
8922731	85962.C694_04945	260	120
8922464	85962.C694_03550	259	165
8922268	85962.C694_02530	257	116
8922330	85962.C694_02860	255	160
8923348	85962.C694_08120	254	108
8922936	85962.C694_06020	254	287
8922871	85962.C694_05685	254	147
8922137	85962.C694_01815	253	306
8922065	85962.C694_01435	252	289
8921980	85962.C694_01010	252	62
8922802	85962.C694_05340	252	136
8922390	85962.C694_03170	252	139
8922462	85962.C694_03540	252	450
8922386	85962.C694_03140	250	465
8921939	85962.C694_00805	249	125
8921817	85962.C694_00195	249	289
8923228	85962.C694_07510	247	251
8921863	85962.C694_00425	245	224
8923223	85962.C694_07485	245	61
8921797	85962.C694_00095	244	170
8922632	85962.C694_04425	244	111
8922620	85962.C694_04365	243	185
8922171	85962.C694_01995	243	166
8922488	85962.C694_03690	243	261
8922416	85962.C694_03300	242	139
8922859	85962.C694_05625	242	393
8922103	85962.C694_01625	242	117
8923191	85962.C694_07305	241	48
8923238	85962.C694_07560	241	658
8922907	85962.C694_05865	241	86
8921836	85962.C694_00290	241	83
8922084	85962.C694_01530	240	142
8923001	85962.C694_06345	239	217
8922986	85962.C694_06270	239	27
8923192	85962.C694_07310	238	52
8922019	85962.C694_01205	236	27
8923163	85962.C694_07155	236	109
8922600	85962.C694_04260	234	81
8923155	85962.C694_07115	234	89
8922912	85962.C694_05890	234	258
8921925	85962.C694_00735	233	35
8922023	85962.C694_01225	233	51
8921935	85962.C694_00785	233	90
8922653	85962.C694_04530	232	264
8922840	85962.C694_05530	232	25
8923220	85962.C694_07470	232	37
8922133	85962.C694_01795	231	305
8922350	85962.C694_02960	231	82
8922186	85962.C694_02070	230	397
8922280	85962.C694_02600	230	226
8922393	85962.C694_03185	230	173
8922606	85962.C694_04295	230	102
8922071	85962.C694_01465	228	195
8921991	85962.C694_01065	227	182
8923119	85962.C694_06935	227	104
8922463	85962.C694_03545	227	259
8921856	85962.C694_00390	227	142
8922402	85962.C694_03230	226	142
8922131	85962.C694_01785	224	129
8921908	85962.C694_00650	224	202
8922833	85962.C694_05495	224	76
8923126	85962.C694_06970	223	149
8921996	85962.C694_01090	223	117
8922854	85962.C694_05600	223	141
8922985	85962.C694_06265	223	69
8922569	85962.C694_04105	223	31
8922301	85962.C694_02705	222	172
8921821	85962.C694_00215	222	104
8922886	85962.C694_05760	221	102
8922780	85962.C694_05230	220	331
8923372	85962.C694_08250	220	47
8923053	85962.C694_06605	219	153
8921945	85962.C694_00835	218	210
8922152	85962.C694_01900	218	100
8921947	85962.C694_00845	217	135
8923289	85962.C694_07815	216	67
8922966	85962.C694_06170	216	38
8922603	85962.C694_04275	213	180
8922057	85962.C694_01395	212	65
8922363	85962.C694_03025	212	499
8923260	85962.C694_07670	211	90
8923295	85962.C694_07845	211	174
8922401	85962.C694_03225	211	211
8922686	85962.C694_04720	210	5
8923023	85962.C694_06455	210	117
8923124	85962.C694_06960	209	177
8922134	85962.C694_01800	209	287
8922130	85962.C694_01780	209	260
8922739	85962.C694_04995	208	149
8922558	85962.C694_04050	208	165
8922800	85962.C694_05330	208	120
8923142	85962.C694_07050	208	170
8922594	85962.C694_04230	207	139
8923193	85962.C694_07315	206	122
8921840	85962.C694_00310	206	52
8923268	85962.C694_07710	206	215
8922770	85962.C694_05160	205	112
8922587	85962.C694_04195	205	63
8922502	85962.C694_03760	204	223
8923203	85962.C694_07385	204	139
8922929	85962.C694_05985	203	110
8922820	85962.C694_05430	203	102
8923297	85962.C694_07855	203	549
8922101	85962.C694_01615	203	257
8922221	85962.C694_02260	202	30
8922058	85962.C694_01400	202	57
8922795	85962.C694_05305	200	44
8921883	85962.C694_00525	200	106
8922899	85962.C694_05825	199	36
8922144	85962.C694_01860	199	44
8923132	85962.C694_07000	198	145
8923161	85962.C694_07145	198	21
8922372	85962.C694_03070	198	151
8922900	85962.C694_05830	197	57
8921853	85962.C694_00375	197	119
8922781	85962.C694_05235	197	137
8922359	85962.C694_03005	196	118
8922710	85962.C694_04840	196	111
8923349	85962.C694_08125	196	85
8923000	85962.C694_06340	195	59
8923133	85962.C694_07005	194	120
8922389	85962.C694_03165	194	21
8922375	85962.C694_03085	193	275
8922173	85962.C694_02005	193	95
8923198	85962.C694_07350	193	121
8921861	85962.C694_00415	192	3
8921823	85962.C694_00225	192	150
8922527	85962.C694_03895	192	151
8922010	85962.C694_01160	192	108
8922300	85962.C694_02700	191	271
8921894	85962.C694_00580	191	115
8921948	85962.C694_00850	191	135
8921928	85962.C694_00750	191	95
8921993	85962.C694_01075	191	83
8922547	85962.C694_03995	190	85
8922097	85962.C694_01595	190	96
8922829	85962.C694_05475	190	160
8922266	85962.C694_02520	189	143
8923357	85962.C694_08165	188	163
8921889	85962.C694_00555	187	92
8922500	85962.C694_03750	186	108
8921955	85962.C694_00885	185	147
8921877	85962.C694_00495	184	117
8921943	85962.C694_00825	182	53
8922690	85962.C694_04740	182	138
8923257	85962.C694_07655	181	269
8922723	85962.C694_04905	181	75
8922229	85962.C694_02335	181	9
8923204	85962.C694_07390	181	121
8922129	85962.C694_01775	179	38
8922913	85962.C694_05895	179	134
8922827	85962.C694_05465	179	84
8923179	85962.C694_07235	178	331
8922764	85962.C694_05130	178	121
8923264	85962.C694_07690	177	78
8922179	85962.C694_02035	176	171
8922115	85962.C694_01685	176	125
8922662	85962.C694_04590	176	26
8921835	85962.C694_00285	175	280
8922814	85962.C694_05400	175	112
8923052	85962.C694_06600	175	105
8921911	85962.C694_00665	175	29
8923364	85962.C694_08200	174	143
8922085	85962.C694_01535	173	97
8921896	85962.C694_00590	173	151
8923011	85962.C694_06395	172	63
8922874	85962.C694_05700	172	172
8923040	85962.C694_06540	172	115
8921937	85962.C694_00795	172	96
8922613	85962.C694_04330	172	60
8922652	85962.C694_04525	171	89
8922860	85962.C694_05630	171	313
8922477	85962.C694_03625	171	149
8923176	85962.C694_07220	170	107
8922089	85962.C694_01555	170	9
8923356	85962.C694_08160	169	21
8922487	85962.C694_03685	169	21
8922635	85962.C694_04440	169	102
8923210	85962.C694_07420	168	346
8923222	85962.C694_07480	168	46
8923243	85962.C694_07585	167	82
8922102	85962.C694_01620	167	21
8922883	85962.C694_05745	166	204
8921793	85962.C694_00075	165	4
8921899	85962.C694_00605	165	15
8921785	85962.C694_00035	164	10
8923123	85962.C694_06955	164	93
8922532	85962.C694_03920	163	57
8922156	85962.C694_01920	163	251
8922184	85962.C694_02060	162	195
8922826	85962.C694_05460	162	100
8922508	85962.C694_03790	161	150
8923245	85962.C694_07595	161	70
8921897	85962.C694_00595	161	150
8923288	85962.C694_07810	161	175
8922358	85962.C694_03000	159	69
8922054	85962.C694_01380	159	70
8922897	85962.C694_05815	159	161
8923157	85962.C694_07125	159	94
8922166	85962.C694_01970	158	90
8923055	85962.C694_06615	158	117
8922982	85962.C694_06250	158	84
8922458	85962.C694_03520	157	130
8922537	85962.C694_03945	157	95
8923168	85962.C694_07180	157	38
8923308	85962.C694_07920	155	165
8922832	85962.C694_05490	154	115
8922702	85962.C694_04800	154	56
8923211	85962.C694_07425	153	67
8922518	85962.C694_03850	153	78
8921786	85962.C694_00040	153	455
8923277	85962.C694_07755	153	81
8922740	85962.C694_05000	152	142
8922020	85962.C694_01210	152	99
8923195	85962.C694_07335	151	83
8923059	85962.C694_06635	150	93
8922609	85962.C694_04310	150	117
8921976	85962.C694_00990	149	26
8922801	85962.C694_05335	149	88
8923294	85962.C694_07840	149	135
8922576	85962.C694_04140	148	18
8923042	85962.C694_06550	148	81
8923138	85962.C694_07030	148	200
8922381	85962.C694_03115	147	68
8922732	85962.C694_04950	147	108
8921941	85962.C694_00815	147	86
8922473	85962.C694_03605	146	116
8922630	85962.C694_04415	146	82
8923047	85962.C694_06575	146	48
8922911	85962.C694_05885	146	85
8922281	85962.C694_02605	145	70
8922498	85962.C694_03740	145	111
8921812	85962.C694_00170	144	67
8922080	85962.C694_01510	144	51
8922817	85962.C694_05415	144	28
8922111	85962.C694_01665	143	91
8921822	85962.C694_00220	143	170
8923170	85962.C694_07190	143	100
8922676	85962.C694_04670	143	78
8922361	85962.C694_03015	143	59
8921930	85962.C694_00760	142	107
8922939	85962.C694_06035	141	129
8922364	85962.C694_03030	141	97
8922823	85962.C694_05445	141	44
8922106	85962.C694_01640	141	95
8923229	85962.C694_07515	140	93
8922639	85962.C694_04460	140	73
8923325	85962.C694_08005	140	90
8922067	85962.C694_01445	139	167
8922805	85962.C694_05355	139	139
8922842	85962.C694_05540	139	177
8922695	85962.C694_04765	139	117
8922199	85962.C694_02135	139	77
8922993	85962.C694_06305	138	78
8923354	85962.C694_08150	137	82
8923273	85962.C694_07735	136	72
8922996	85962.C694_06320	136	61
8922270	85962.C694_02540	136	111
8922413	85962.C694_03285	136	126
8922053	85962.C694_01375	135	47
8923153	85962.C694_07105	135	31
8922319	85962.C694_02795	135	30
8922326	85962.C694_02840	135	59
8921841	85962.C694_00315	134	215
8922349	85962.C694_02955	134	21
8922881	85962.C694_05735	133	144
8921944	85962.C694_00830	133	18
8922026	85962.C694_01240	133	22
8922108	85962.C694_01650	133	73
8923057	85962.C694_06625	132	178
8922066	85962.C694_01440	132	125
8922441	85962.C694_03425	132	79
8922376	85962.C694_03090	132	100
8923201	85962.C694_07365	131	62
8922315	85962.C694_02775	131	76
8922195	85962.C694_02115	131	198
8922063	85962.C694_01425	131	151
8922162	85962.C694_01950	130	74
8923351	85962.C694_08135	130	48
8922925	85962.C694_05965	129	110
8922251	85962.C694_02445	129	190
8922692	85962.C694_04750	129	190
8923058	85962.C694_06630	129	167
8922851	85962.C694_05585	129	45
8922093	85962.C694_01575	128	67
8922965	85962.C694_06165	127	111
8922644	85962.C694_04485	127	238
8922857	85962.C694_05615	127	77
8922560	85962.C694_04060	127	152
8922263	85962.C694_02505	127	109
8922329	85962.C694_02855	127	91
8922062	85962.C694_01420	126	93
8923253	85962.C694_07635	126	39
8923321	85962.C694_07985	126	280
8921805	85962.C694_00135	126	61
8922555	85962.C694_04035	126	100
8922825	85962.C694_05455	125	91
8922890	85962.C694_05780	125	27
8922306	85962.C694_02730	124	103
8922582	85962.C694_04170	124	64
8922961	85962.C694_06145	123	164
8922510	85962.C694_03800	123	132
8922342	85962.C694_02920	122	81
8922480	85962.C694_03640	122	65
8923054	85962.C694_06610	121	133
8923310	85962.C694_07930	121	22
8921833	85962.C694_00275	121	38
8923164	85962.C694_07160	121	76
8921895	85962.C694_00585	121	164
8921806	85962.C694_00140	120	135
8922683	85962.C694_04705	120	154
8922769	85962.C694_05155	120	6
8923183	85962.C694_07255	119	11
8923359	85962.C694_08175	118	87
8922426	85962.C694_03350	118	117
8923323	85962.C694_07995	117	60
8923269	85962.C694_07715	117	66
8923022	85962.C694_06450	117	157
8922273	85962.C694_02555	116	44
8922847	85962.C694_05565	115	86
8922789	85962.C694_05275	115	95
8922159	85962.C694_01935	114	58
8923230	85962.C694_07520	113	112
8921832	85962.C694_00270	113	14
8922119	85962.C694_01715	113	40
8922525	85962.C694_03885	113	35
8922509	85962.C694_03795	113	38
8922524	85962.C694_03880	112	18
8923139	85962.C694_07035	112	107
8922445	85962.C694_03445	112	108
8922918	85962.C694_05930	112	27
8922550	85962.C694_04010	112	141
8922154	85962.C694_01910	112	75
8922736	85962.C694_04980	112	27
8922945	85962.C694_06065	111	72
8923171	85962.C694_07195	111	123
8922157	85962.C694_01925	111	214
8922399	85962.C694_03215	111	159
8922040	85962.C694_01310	111	105
8922517	85962.C694_03845	110	135
8922735	85962.C694_04975	110	112
8922031	85962.C694_01265	110	133
8922578	85962.C694_04150	110	41
8921837	85962.C694_00295	110	22
8922038	85962.C694_01300	110	31
8922400	85962.C694_03220	108	30
8923319	85962.C694_07975	108	114
8923256	85962.C694_07650	108	53
8922429	85962.C694_03365	107	213
8922278	85962.C694_02590	107	12
8922845	85962.C694_05555	107	102
8922073	85962.C694_01475	107	66
8922610	85962.C694_04315	106	54
8922362	85962.C694_03020	104	16
8923035	85962.C694_06515	104	24
8921964	85962.C694_00930	104	9
8921868	85962.C694_00450	104	50
8922055	85962.C694_01385	103	31
8922481	85962.C694_03645	103	16
8922522	85962.C694_03870	103	181
8921878	85962.C694_00500	103	48
8922369	85962.C694_03055	102	214
8922253	85962.C694_02455	102	55
8922733	85962.C694_04955	102	25
8922294	85962.C694_02670	102	51
8922696	85962.C694_04770	101	56
8922014	85962.C694_01180	101	46
8923114	85962.C694_06910	101	32
8922411	85962.C694_03275	101	68
8922164	85962.C694_01960	100	20
8922616	85962.C694_04345	100	43
8922428	85962.C694_03360	100	33
8922910	85962.C694_05880	99.6	63
8923371	85962.C694_08245	99.3	45
8922440	85962.C694_03420	99.3	21
8921779	85962.C694_00005	98.8	33
8922430	85962.C694_03370	98.7	37
8922504	85962.C694_03770	98.7	93
8922574	85962.C694_04130	98.6	42
8923144	85962.C694_07060	98.5	64
8921789	85962.C694_00055	98.4	123
8922856	85962.C694_05610	98.3	27
8922539	85962.C694_03955	97.8	45
8922687	85962.C694_04725	97.0	23
8922666	85962.C694_04610	96.8	80
8922698	85962.C694_04780	96.3	70
8923172	85962.C694_07200	96.2	49
8922519	85962.C694_03855	96.1	58
8923329	85962.C694_08025	96.1	90
8922423	85962.C694_03335	95.9	113
8923258	85962.C694_07660	95.8	182
8922218	85962.C694_02245	95.8	5
8921839	85962.C694_00305	95.6	19
8922443	85962.C694_03435	95.3	41
8922862	85962.C694_05640	95.2	45
8922439	85962.C694_03415	95.0	82
8922515	85962.C694_03835	94.9	62
8923197	85962.C694_07345	94.7	103
8923045	85962.C694_06565	94.2	20
8922139	85962.C694_01830	93.9	44
8922051	85962.C694_01365	93.6	43
8922575	85962.C694_04135	93.4	163
8923298	85962.C694_07860	93.4	7
8921871	85962.C694_00465	93.0	38
8922370	85962.C694_03060	92.6	123
8923025	85962.C694_06465	92.1	31
8923181	85962.C694_07245	91.8	194
8921983	85962.C694_01025	91.4	127
8923285	85962.C694_07795	90.9	82
8921876	85962.C694_00490	90.8	80
8922981	85962.C694_06245	90.5	104
8921867	85962.C694_00445	90.3	67
8923251	85962.C694_07625	90.3	35
8923024	85962.C694_06460	90.0	44
8922898	85962.C694_05820	89.3	57
8922988	85962.C694_06280	88.3	39
8923075	85962.C694_06715	88.2	92
8923141	85962.C694_07045	88.1	37
8922025	85962.C694_01235	87.9	75
8921829	85962.C694_00255	86.6	153
8922919	85962.C694_05935	86.5	43
8922292	85962.C694_02660	86.1	51
8921838	85962.C694_00300	86.1	80
8922798	85962.C694_05320	85.1	35
8922822	85962.C694_05440	84.2	45
8921967	85962.C694_00945	83.9	89
8923332	85962.C694_08040	83.8	52
8921794	85962.C694_00080	83.3	149
8922003	85962.C694_01125	82.9	85
8922198	85962.C694_02130	82.6	59
8922852	85962.C694_05590	82.6	107
8922511	85962.C694_03805	82.5	25
8923284	85962.C694_07790	82.4	31
8922357	85962.C694_02995	81.5	76
8922396	85962.C694_03200	81.2	49
8922571	85962.C694_04115	81.2	34
8922272	85962.C694_02550	81.1	29
8922457	85962.C694_03515	81.0	19
8923148	85962.C694_07080	80.8	35
8922611	85962.C694_04320	80.1	41
8922866	85962.C694_05660	79.7	4
8921795	85962.C694_00085	79.5	72
8922446	85962.C694_03460	79.5	154
8922821	85962.C694_05435	79.4	15
8922658	85962.C694_04570	79.3	59
8922136	85962.C694_01810	79.2	54
8922216	85962.C694_02235	78.9	116
8923147	85962.C694_07075	78.7	132
8923127	85962.C694_06975	78.6	63
8922052	85962.C694_01370	78.2	49
8923361	85962.C694_08185	77.5	39
8922694	85962.C694_04760	77.2	38
8923056	85962.C694_06620	77.1	33
8922503	85962.C694_03765	77.0	86
8922568	85962.C694_04100	76.8	27
8922043	85962.C694_01325	76.8	24
8922830	85962.C694_05480	76.8	28
8922442	85962.C694_03430	76.0	67
8922617	85962.C694_04350	76.0	18
8922110	85962.C694_01660	75.5	60
8922998	85962.C694_06330	75.1	61
8922415	85962.C694_03295	74.2	11
8922835	85962.C694_05505	74.2	27
8923034	85962.C694_06510	74.1	30
8922116	85962.C694_01690	73.9	22
8922588	85962.C694_04200	73.5	18
8922260	85962.C694_02490	73.5	51
8922838	85962.C694_05520	73.3	50
8922193	85962.C694_02105	73.1	40
8922811	85962.C694_05385	73.0	91
8923175	85962.C694_07215	72.8	43
8922589	85962.C694_04205	72.6	72
8922072	85962.C694_01470	72.6	13
8922354	85962.C694_02980	72.4	123
8922107	85962.C694_01645	72.1	27
8922755	85962.C694_05075	71.9	5
8921933	85962.C694_00775	71.4	14
8922703	85962.C694_04805	71.1	39
8922983	85962.C694_06255	70.8	51
8922962	85962.C694_06150	70.5	56
8921888	85962.C694_00550	70.4	42
8923226	85962.C694_07500	70.3	19
8922486	85962.C694_03680	69.8	44
8922649	85962.C694_04510	69.6	4
8922032	85962.C694_01270	69.4	19
8923290	85962.C694_07820	69.1	18
8922730	85962.C694_04940	68.8	51
8922126	85962.C694_01760	68.8	36
8922689	85962.C694_04735	68.8	29
8922678	85962.C694_04680	68.3	24
8922016	85962.C694_01190	68.0	24
8922796	85962.C694_05310	67.9	63
8922200	85962.C694_02140	67.5	15
8922068	85962.C694_01450	67.0	34
8922614	85962.C694_04335	66.8	108
8922412	85962.C694_03280	66.6	33
8922777	85962.C694_05215	66.5	27
8921965	85962.C694_00935	66.5	4
8922728	85962.C694_04930	66.0	67
8923140	85962.C694_07040	65.9	60
8922520	85962.C694_03860	65.8	40
8923302	85962.C694_07890	65.8	114
8922030	85962.C694_01260	65.7	16
8922607	85962.C694_04300	65.6	89
8922456	85962.C694_03510	65.6	28
8922711	85962.C694_04845	65.5	43
8922704	85962.C694_04810	65.3	23
8921892	85962.C694_00570	65.2	106
8922485	85962.C694_03675	65.0	65
8923221	85962.C694_07475	65.0	40
8922484	85962.C694_03660	65.0	58
8921834	85962.C694_00280	64.6	29
8922172	85962.C694_02000	64.5	40
8923096	85962.C694_06820	64.5	50
8922347	85962.C694_02945	64.1	12
8923180	85962.C694_07240	64.0	28
8921869	85962.C694_00455	63.9	8
8922708	85962.C694_04830	63.9	13
8923244	85962.C694_07590	63.3	64
8922380	85962.C694_03110	63.2	98
8922591	85962.C694_04215	63.1	19
8922039	85962.C694_01305	62.8	36
8921815	85962.C694_00185	62.6	35
8923066	85962.C694_06670	62.0	44
8923004	85962.C694_06360	61.9	40
8922507	85962.C694_03785	61.6	4
8922497	85962.C694_03735	61.4	47
8922984	85962.C694_06260	60.6	27
8922952	85962.C694_06100	60.4	40
8922803	85962.C694_05345	60.3	15
8922165	85962.C694_01965	60.2	90
8922538	85962.C694_03950	60.2	21
8922382	85962.C694_03120	60.1	23
8922239	85962.C694_02385	60.0	85
8922720	85962.C694_04890	59.6	24
8923049	85962.C694_06585	59.5	122
8923339	85962.C694_08075	59.4	15
8922850	85962.C694_05580	59.3	24
8921870	85962.C694_00460	59.2	17
8923250	85962.C694_07620	59.2	57
8922573	85962.C694_04125	59.0	40
8922224	85962.C694_02300	58.8	110
8923194	85962.C694_07320	58.8	64
8922027	85962.C694_01245	58.7	34
8922792	85962.C694_05290	58.6	26
8922745	85962.C694_05025	58.5	58
8922534	85962.C694_03930	58.4	43
8922990	85962.C694_06290	58.1	9
8923270	85962.C694_07720	58.0	22
8923130	85962.C694_06990	57.8	83
8923048	85962.C694_06580	57.6	31
8922275	85962.C694_02565	57.2	37
8923337	85962.C694_08065	57.1	6
8922738	85962.C694_04990	57.1	121
8923324	85962.C694_08000	56.9	49
8921828	85962.C694_00250	56.9	43
8922501	85962.C694_03755	56.8	12
8923231	85962.C694_07525	56.7	95
8922378	85962.C694_03100	56.7	51
8922586	85962.C694_04190	56.2	85
8922824	85962.C694_05450	56.1	52
8923136	85962.C694_07020	55.9	36
8922344	85962.C694_02930	55.1	23
8922647	85962.C694_04500	55.0	15
8923350	85962.C694_08130	54.5	22
8923271	85962.C694_07725	53.8	35
8923028	85962.C694_06480	53.6	33
8922645	85962.C694_04490	53.2	21
8923021	85962.C694_06445	53.1	38
8922793	85962.C694_05295	52.9	56
8922223	85962.C694_02270	52.9	43
8922580	85962.C694_04160	52.8	31
8922088	85962.C694_01550	52.4	13
8922712	85962.C694_04850	52.3	50
8922418	85962.C694_03310	52.1	48
8923365	85962.C694_08205	52.0	45
8922060	85962.C694_01410	52.0	44
8921956	85962.C694_00890	51.9	25
8922942	85962.C694_06050	51.7	33
8923296	85962.C694_07850	51.7	11
8922765	85962.C694_05135	51.4	41
8922041	85962.C694_01315	51.4	37
8923108	85962.C694_06880	51.4	41
8923003	85962.C694_06355	51.2	25
8922493	85962.C694_03715	51.1	146
8922109	85962.C694_01655	50.7	22
8922220	85962.C694_02255	50.6	54
8923145	85962.C694_07065	50.4	45
8922161	85962.C694_01945	50.4	20
8922360	85962.C694_03010	50.3	14
8922135	85962.C694_01805	50.2	28
8923326	85962.C694_08010	50.2	27
8922235	85962.C694_02365	50.0	31
8922288	85962.C694_02640	50.0	61
8922233	85962.C694_02355	49.8	19
8922499	85962.C694_03745	49.7	26
8923189	85962.C694_07295	49.6	96
8922204	85962.C694_02160	49.6	96
8922556	85962.C694_04040	49.2	60
8922207	85962.C694_02175	49.1	14
8922140	85962.C694_01835	49.0	23
8923216	85962.C694_07450	48.7	11
8923263	85962.C694_07685	48.7	22
8922722	85962.C694_04900	48.2	27
8922891	85962.C694_05785	48.1	26
8922308	85962.C694_02740	47.8	15
8922707	85962.C694_04825	47.5	25
8922124	85962.C694_01750	47.4	7
8922734	85962.C694_04960	47.0	35
8922252	85962.C694_02450	46.5	52
8923336	85962.C694_08060	46.5	69
8922727	85962.C694_04925	46.1	29
8922848	85962.C694_05570	45.9	16
8922037	85962.C694_01295	45.9	12
8922602	85962.C694_04270	45.6	33
8921825	85962.C694_00235	45.2	19
8923249	85962.C694_07615	45.2	33
8922640	85962.C694_04465	44.9	8
8922685	85962.C694_04715	44.8	21
8922222	85962.C694_02265	44.5	19
8923111	85962.C694_06895	44.5	27
8922074	85962.C694_01480	44.5	51
8922127	85962.C694_01765	44.3	48
8923279	85962.C694_07765	44.1	29
8923029	85962.C694_06485	43.9	13
8923286	85962.C694_07800	43.5	33
8922930	85962.C694_05990	43.5	11
8921916	85962.C694_00690	43.4	39
8922496	85962.C694_03730	43.0	142
8922461	85962.C694_03535	43.0	8
8922844	85962.C694_05550	42.8	17
8922667	85962.C694_04615	42.3	7
8923353	85962.C694_08145	42.3	28
8921798	85962.C694_00100	41.9	20
8922584	85962.C694_04180	41.8	21
8922675	85962.C694_04665	41.7	46
8922551	85962.C694_04015	41.0	52
8922255	85962.C694_02465	40.9	18
8922474	85962.C694_03610	40.9	16
8922541	85962.C694_03965	40.9	34
8921813	85962.C694_00175	40.8	18
8923143	85962.C694_07055	40.0	22
8922238	85962.C694_02380	39.7	82
8922766	85962.C694_05140	39.7	46
8922317	85962.C694_02785	39.5	27
8921917	85962.C694_00695	39.4	33
8923002	85962.C694_06350	39.3	21
8922597	85962.C694_04245	39.2	16
8923227	85962.C694_07505	38.7	11
8923304	85962.C694_07900	38.4	29
8921963	85962.C694_00925	38.4	42
8923266	85962.C694_07700	38.4	18
8922450	85962.C694_03480	38.4	67
8921957	85962.C694_00895	38.3	37
8922700	85962.C694_04790	38.2	18
8922691	85962.C694_04745	38.0	143
8922989	85962.C694_06285	37.8	75
8922776	85962.C694_05210	37.7	29
8922194	85962.C694_02110	37.7	29
8922092	85962.C694_01570	37.7	11
8922762	85962.C694_05110	37.6	17
8923146	85962.C694_07070	37.4	19
8922044	85962.C694_01330	37.3	16
8922648	85962.C694_04505	37.0	10
8922579	85962.C694_04155	36.9	7
8922642	85962.C694_04475	36.6	20
8922875	85962.C694_05705	36.5	34
8923098	85962.C694_06830	36.5	18
8922452	85962.C694_03490	36.5	18
8923182	85962.C694_07250	36.4	61
8922217	85962.C694_02240	36.1	62
8922205	85962.C694_02165	35.9	32
8923103	85962.C694_06855	35.6	60
8922612	85962.C694_04325	35.5	13
8922937	85962.C694_06025	35.4	40
8923299	85962.C694_07875	35.4	70
8921816	85962.C694_00190	34.9	31
8922143	85962.C694_01855	34.8	31
8922387	85962.C694_03145	34.6	16
8922069	85962.C694_01455	34.1	16
8922339	85962.C694_02905	34.0	49
8922564	85962.C694_04080	33.7	22
8922523	85962.C694_03875	33.4	13
8921885	85962.C694_00535	33.2	12
8921830	85962.C694_00260	33.2	31
8921934	85962.C694_00780	33.0	15
8922042	85962.C694_01320	32.8	11
8922775	85962.C694_05195	32.7	10
8922531	85962.C694_03915	32.5	13
8922231	85962.C694_02345	32.4	59
8922836	85962.C694_05510	32.2	11
8923215	85962.C694_07445	32.1	24
8923166	85962.C694_07170	32.1	11
8923358	85962.C694_08170	32.0	16
8923282	85962.C694_07780	32.0	11
8922356	85962.C694_02990	32.0	29
8922758	85962.C694_05090	31.6	16
8922215	85962.C694_02230	31.5	26
8922316	85962.C694_02780	31.2	20
8922677	85962.C694_04675	31.1	48
8923122	85962.C694_06950	31.0	16
8922495	85962.C694_03725	31.0	16
8921909	85962.C694_00655	30.9	17
8922615	85962.C694_04340	30.8	3
8923360	85962.C694_08180	30.8	10
8922638	85962.C694_04455	30.8	58
8923314	85962.C694_07950	30.8	137
8922761	85962.C694_05105	30.8	137
8922679	85962.C694_04685	30.6	22
8922957	85962.C694_06125	30.4	23
8922884	85962.C694_05750	30.3	22
8923213	85962.C694_07435	30.2	6
8921999	85962.C694_01105	30.2	10
8922274	85962.C694_02560	30.1	11
8923097	85962.C694_06825	29.8	16
8922279	85962.C694_02595	29.7	11
8923006	85962.C694_06370	29.6	11
8923046	85962.C694_06570	29.5	34
8922151	85962.C694_01895	29.5	52
8922318	85962.C694_02790	29.4	11
8922214	85962.C694_02225	29.3	137
8922767	85962.C694_05145	29.3	137
8922864	85962.C694_05650	29.3	137
8922332	85962.C694_02870	29.3	3
8923283	85962.C694_07785	29.1	47
8923188	85962.C694_07290	28.8	27
8922237	85962.C694_02375	28.8	32
8922932	85962.C694_06000	28.7	11
8921855	85962.C694_00385	28.7	32
8923214	85962.C694_07440	28.5	15
8923169	85962.C694_07185	28.5	6
8922831	85962.C694_05485	28.5	10
8922211	85962.C694_02195	28.5	16
8923112	85962.C694_06900	28.3	13
8923007	85962.C694_06375	28.2	23
8923218	85962.C694_07460	28.2	11
8923366	85962.C694_08210	28.0	6
8922680	85962.C694_04690	27.6	41
8923167	85962.C694_07175	27.3	5
8922249	85962.C694_02435	26.7	22
8922123	85962.C694_01735	26.4	13
8923346	85962.C694_08110	25.9	33
8922476	85962.C694_03620	25.8	5
8922885	85962.C694_05755	25.7	88
8922264	85962.C694_02510	25.7	88
8922785	85962.C694_05255	25.6	5
8922351	85962.C694_02965	25.3	17
8922585	85962.C694_04185	25.3	6
8923104	85962.C694_06860	25.3	60
8922076	85962.C694_01490	25.1	49
8921808	85962.C694_00150	24.9	4
8922451	85962.C694_03485	24.9	18
8922146	85962.C694_01870	24.9	11
8923265	85962.C694_07695	24.7	14
8921918	85962.C694_00700	24.5	17
8921988	85962.C694_01050	24.5	26
8921824	85962.C694_00230	24.4	14
8922120	85962.C694_01720	24.3	9
8921854	85962.C694_00380	24.2	5
8922889	85962.C694_05775	24.1	21
8922213	85962.C694_02220	24.1	24
8923315	85962.C694_07955	24.1	24
8922768	85962.C694_05150	24.1	24
8922760	85962.C694_05100	24.1	24
8922865	85962.C694_05655	24.1	24
8922225	85962.C694_02305	23.9	12
8923159	85962.C694_07135	23.9	7
8922809	85962.C694_05375	23.9	25
8921800	85962.C694_00110	23.7	1
8922176	85962.C694_02020	23.7	11
8922125	85962.C694_01755	23.6	8
8922671	85962.C694_04635	23.4	9
8922536	85962.C694_03940	23.1	1
8922299	85962.C694_02695	23.0	11
8922997	85962.C694_06325	22.9	4
8922709	85962.C694_04835	22.4	13
8922447	85962.C694_03465	22.4	23
8921891	85962.C694_00565	22.4	30
8922684	85962.C694_04710	22.2	28
8923102	85962.C694_06850	21.9	19
8923291	85962.C694_07825	21.7	5
8922855	85962.C694_05605	21.7	4
8922624	85962.C694_04385	21.6	21
8923129	85962.C694_06985	21.6	13
8922265	85962.C694_02515	21.5	21
8922425	85962.C694_03345	21.1	5
8921984	85962.C694_01030	21.0	3
8922285	85962.C694_02625	20.0	1
8922623	85962.C694_04380	19.8	26
8922946	85962.C694_06070	19.7	14
8922121	85962.C694_01725	19.7	3
8923185	85962.C694_07275	19.5	11
8922535	85962.C694_03935	19.3	11
8922846	85962.C694_05560	19.0	6
8922672	85962.C694_04640	18.7	10
8922422	85962.C694_03330	18.6	4
8922674	85962.C694_04660	18.1	11
8923005	85962.C694_06365	18.0	7
8923160	85962.C694_07140	17.7	10
8922145	85962.C694_01865	17.6	7
8922786	85962.C694_05260	17.5	5
8922210	85962.C694_02190	17.1	10
8922861	85962.C694_05635	16.7	20
8921936	85962.C694_00790	16.6	16
8921923	85962.C694_00725	16.6	3
8923190	85962.C694_07300	16.4	26
8922203	85962.C694_02155	16.4	26
8922557	85962.C694_04045	16.3	2
8921929	85962.C694_00755	16.3	5
8922371	85962.C694_03065	16.2	1
8922726	85962.C694_04920	16.1	11
8922245	85962.C694_02415	15.9	22
8921799	85962.C694_00105	15.7	18
8922646	85962.C694_04495	15.5	2
8922940	85962.C694_06040	15.1	9
8921814	85962.C694_00180	15.0	8
8922528	85962.C694_03900	14.8	5
8922388	85962.C694_03160	14.6	6
8922070	85962.C694_01460	14.5	61
8922219	85962.C694_02250	14.5	4
8922008	85962.C694_01150	14.4	6
8922834	85962.C694_05500	14.3	4
8922956	85962.C694_06120	14.0	15
8923317	85962.C694_07965	13.8	6
8923278	85962.C694_07760	13.5	11
8922006	85962.C694_01140	13.2	7
8922212	85962.C694_02200	13.0	6
8922209	85962.C694_02185	12.4	2
8921827	85962.C694_00245	12.0	12
8921995	85962.C694_01085	11.8	10
8922540	85962.C694_03960	11.7	5
8922716	85962.C694_04870	11.7	10
8923137	85962.C694_07025	11.7	11
8923187	85962.C694_07285	11.7	36
8922206	85962.C694_02170	11.7	36
8923032	85962.C694_06500	11.7	4
8922227	85962.C694_02325	11.6	5
8922914	85962.C694_05900	11.4	4
8923063	85962.C694_06655	11.2	1
8922924	85962.C694_05960	11.1	3
8922706	85962.C694_04820	11.0	8
8922941	85962.C694_06045	11.0	4
8922529	85962.C694_03905	10.8	12
8922269	85962.C694_02535	10.8	5
8922414	85962.C694_03290	10.7	3
8922954	85962.C694_06110	10.3	8
8922841	85962.C694_05535	10.0	4
8922933	85962.C694_06005	9.71	2
8922419	85962.C694_03315	9.58	1
8922046	85962.C694_01340	9.37	3
8922094	85962.C694_01580	9.07	2
8923065	85962.C694_06665	9.06	7
8922787	85962.C694_05265	8.95	7
8922958	85962.C694_06130	8.92	7
8922882	85962.C694_05740	8.76	12
8923105	85962.C694_06865	8.49	3
8922935	85962.C694_06015	8.07	6
8922489	85962.C694_03695	7.76	4
8921850	85962.C694_00360	7.56	3
8923118	85962.C694_06930	7.29	2
8922514	85962.C694_03820	7.28	5
8921950	85962.C694_00860	7.11	2
8923362	85962.C694_08190	7.11	6
8922750	85962.C694_05050	6.75	2
8923208	85962.C694_07410	6.49	2
8921890	85962.C694_00560	6.36	1
8922654	85962.C694_04535	6.34	5
8922122	85962.C694_01730	6.02	1
8921994	85962.C694_01080	5.77	2
8921949	85962.C694_00855	5.46	2
8922022	85962.C694_01220	5.28	1
8923064	85962.C694_06660	5.11	2
8922248	85962.C694_02430	4.45	3
8921966	85962.C694_00940	4.41	1
8922629	85962.C694_04410	4.15	1
8922405	85962.C694_03245	3.62	3
8921782	85962.C694_00020	3.5	2
8922619	85962.C694_04360	3.43	3
8922468	85962.C694_03570	3.18	2
8923158	85962.C694_07130	3.1	2
8923347	85962.C694_08115	3.03	1
8922657	85962.C694_04565	3.02	2
8922230	85962.C694_02340	2.55	1
8922343	85962.C694_02925	2.4	1
8922355	85962.C694_02985	2.34	1
8922863	85962.C694_05645	1.9	1
8923341	85962.C694_08085	1.78	1
8922460	85962.C694_03530	1.19	1
8923301	85962.C694_07885	0.957	2
