#id: 3096148586
#name: S.typhimurium - Whole organism, SC (Adkins,mcp,2006)
#score: 11.45
#weight:  10%
#description: abundance based on Spectral counting, Interaction consistency score: 11.45, Coverage: 56
#organ: WHOLE_ORGANISM
#integrated: false
#coverage: 56
#link: http://www.ncbi.nlm.nih.gov/pubmed/16684765
#publication_year: 2006
#filename: 99287-SalmonellaTyphimurium_PRIDE.txt
#
#internal_id	string_external_id	abundance	raw_spectral_count
60268830	99287.STM4170	22596	4354
60265951	99287.STM1191	20109	2236
60268812	99287.STM4152	14357	3984
60265237	99287.STM0451	13558	1817
60268121	99287.STM3427	13252	795
60268806	99287.STM4146	11125	30269
60268139	99287.STM3445	11125	30269
60269045	99287.STM4393	10684	887
60268985	99287.STM4330	10225	17304
60268123	99287.STM3429	8235	2071
60264838	99287.STM0043	8219	827
60266454	99287.STM1705	8180	806
60268417	99287.STM3727	7927	814
60268129	99287.STM3435	7695	1902
60268110	99287.STM3416	7586	3501
60269046	99287.STM4394	7367	3144
60268141	99287.STM3447	7179	2217
60268112	99287.STM3418	7154	1661
60268003	99287.STM3303	6478	969
60268059	99287.STM3359	6430	6068
60268118	99287.STM3424	6097	1241
60266046	99287.STM1290	6051	5485
60268127	99287.STM3433	6047	1410
60268810	99287.STM4150	5970	4441
60267986	99287.STM3283	5882	988
60268120	99287.STM3426	5814	1206
60265598	99287.STM0831	5570	3064
60267914	99287.STM3209	5529	336
60266500	99287.STM1751	5292	1609
60268418	99287.STM3728	5203	643
60266092	99287.STM1336	5093	470
60265202	99287.STM0417	5091	1525
60265853	99287.STM1090	5070	1060
60265746	99287.STM0981	5019	8262
60265012	99287.STM0217	4833	4076
60266555	99287.STM1809	4800	580
60268116	99287.STM3422	4728	440
60268128	99287.STM3434	4691	2150
60265006	99287.STM0211	4684	1114
60265396	99287.STM0614	4534	2510
60266401	99287.STM1652	4529	1876
60267393	99287.STM2673	4446	1237
60269208	99287.STM4561	4416	2692
60267663	99287.STM2952	4402	6079
60269066	99287.STM4414	4370	1342
60267156	99287.STM2431	4358	974
60268122	99287.STM3428	4354	1976
60267000	99287.STM2267	4339	5625
60266958	99287.STM2224	4319	1125
60268984	99287.STM4329	4217	1433
60268045	99287.STM3345	4207	1360
60267396	99287.STM2676	4115	680
60268135	99287.STM3441	4093	1190
60266321	99287.STM1572	4036	5023
60268140	99287.STM3446	3927	8569
60264949	99287.STM0154	3920	5458
60265747	99287.STM0982	3906	619
60268282	99287.STM3591	3862	1549
60268108	99287.STM3414	3672	722
60265998	99287.STM1238	3672	3859
60265834	99287.STM1070	3670	4098
60268126	99287.STM3432	3531	612
60268133	99287.STM3439	3523	1748
60268555	99287.STM3865	3522	5826
60268559	99287.STM3869	3485	2061
60265011	99287.STM0216	3481	2541
60268130	99287.STM3436	3472	1062
60269043	99287.STM4391	3432	1646
60265411	99287.STM0629	3417	625
60268111	99287.STM3417	3265	1130
60265512	99287.STM0737	3259	3361
60268896	99287.STM4240	3131	246
60265020	99287.STM0225	3113	1016
60265187	99287.STM0402	3058	2489
60267775	99287.STM3069	3041	3981
60268131	99287.STM3437	2981	1865
60269109	99287.STM4458	2942	1115
60264807	99287.STM0012	2935	6198
60265233	99287.STM0447	2851	4107
60267760	99287.STM3054	2800	688
60268044	99287.STM3344	2772	597
60268134	99287.STM3440	2704	1748
60266095	99287.STM1339	2682	496
60265541	99287.STM0772	2621	2082
60268580	99287.STM3898	2612	556
60268117	99287.STM3423	2588	1647
60268193	99287.STM3500	2553	5072
60266481	99287.STM1732	2514	1818
60266561	99287.STM1815	2512	1567
60266702	99287.STM1959	2511	7997
60268119	99287.STM3425	2491	1714
60265273	99287.STM0488	2490	1313
60268811	99287.STM4151	2487	1082
60268760	99287.STM4088	2426	581
60267158	99287.STM2433	2383	1281
60268132	99287.STM3438	2375	489
60267515	99287.STM2799	2373	919
60265513	99287.STM0738	2332	3006
60265809	99287.STM1044	2287	665
60267774	99287.STM3068	2249	2251
60268142	99287.STM3448	2221	465
60268530	99287.STM3839	2188	40
60265390	99287.STM0608	2177	1508
60267488	99287.STM2771	2123	7152
60266008	99287.STM1251	2110	1411
60268557	99287.STM3867	2097	3281
60268115	99287.STM3421	2094	840
60266132	99287.STM1377	2070	839
60265883	99287.STM1121	2064	383
60264802	99287.STM0007	2036	2175
60266794	99287.STM2059	2009	292
60268109	99287.STM3415	1967	2386
60267251	99287.STM2526	1933	925
60265505	99287.STM0730	1900	3258
60268753	99287.STM4081	1898	1461
60266314	99287.STM1565	1895	253
60267920	99287.STM3216	1866	3851
60267280	99287.STM2555	1861	1782
60268021	99287.STM3321	1852	320
60265991	99287.STM1231	1824	1555
60265321	99287.STM0536	1821	608
60265014	99287.STM0219	1764	593
60267371	99287.STM2646	1763	572
60264947	99287.STM0152	1756	4604
60266666	99287.STM1919	1744	4379
60268431	99287.STM3741	1721	462
60265956	99287.STM1196	1716	313
60268981	99287.STM4326	1701	2573
60266583	99287.STM1837	1675	497
60266430	99287.STM1682	1663	1087
60266825	99287.STM2090	1626	1581
60267595	99287.STM2884	1626	2289
60266198	99287.STM1445	1603	760
60267511	99287.STM2795	1586	719
60266184	99287.STM1431	1584	1261
60268556	99287.STM3866	1583	1397
60268727	99287.STM4055	1574	830
60266316	99287.STM1567	1570	1712
60264953	99287.STM0158	1560	4692
60268666	99287.STM3995	1558	241
60266263	99287.STM1513	1546	434
60265509	99287.STM0734	1510	3849
60266477	99287.STM1728	1484	412
60265529	99287.STM0759	1479	260
60268004	99287.STM3304	1467	511
60267216	99287.STM2491	1443	755
60266541	99287.STM1795	1389	2175
60267584	99287.STM2873	1386	405
60268370	99287.STM3680	1384	2072
60268391	99287.STM3701	1383	504
60267043	99287.STM2311	1374	533
60265251	99287.STM0465	1369	731
60269245	99287.STM4598	1362	757
60267881	99287.STM3176	1360	220
60266478	99287.STM1729	1313	631
60268813	99287.STM4153	1300	5381
60268379	99287.STM3689	1299	178
60266438	99287.STM1690	1298	610
60265220	99287.STM0435	1287	770
60266204	99287.STM1451	1267	867
60267537	99287.STM2826	1265	176
60268750	99287.STM4078	1262	1373
60265511	99287.STM0736	1246	4008
60269016	99287.STM4364	1239	1188
60268147	99287.STM3453	1238	851
60266663	99287.STM1916	1237	538
60267812	99287.STM3106	1212	1607
60268597	99287.STM3915	1205	441
60266090	99287.STM1334	1199	413
60268125	99287.STM3431	1192	325
60267385	99287.STM2665	1183	432
60268598	99287.STM3917	1182	1762
60267069	99287.STM2337	1181	1604
60265272	99287.STM0487	1169	2292
60266576	99287.STM1830	1165	1363
60265447	99287.STM0665	1162	1292
60264981	99287.STM0186	1147	443
60267170	99287.STM2445	1146	725
60267046	99287.STM2314	1140	1383
60267985	99287.STM3282	1139	2272
60267606	99287.STM2895	1127	619
60266005	99287.STM1246	1117	787
60267782	99287.STM3076	1111	2403
60265514	99287.STM0739	1110	1427
60265191	99287.STM0406	1108	344
60266188	99287.STM1435	1097	145
60265144	99287.STM0359	1095	42
60269217	99287.STM4570	1095	1066
60264948	99287.STM0153	1093	2474
60267933	99287.STM3229	1090	367
60267746	99287.STM3040	1082	1758
60268814	99287.STM4154	1064	4769
60268809	99287.STM4149	1062	610
60269183	99287.STM4533	1051	3448
60266662	99287.STM1915	1045	820
60265763	99287.STM0998	1037	1166
60266816	99287.STM2081	1036	1608
60268554	99287.STM3864	1035	475
60267155	99287.STM2430	1031	1114
60265510	99287.STM0735	1019	865
60265468	99287.STM0693	1019	534
60266562	99287.STM1816	1015	366
60269091	99287.STM4439	1014	331
60268758	99287.STM4086	1013	1923
60266064	99287.STM1308	1005	469
60268149	99287.STM3455	1004	356
60268808	99287.STM4148	990	545
60267381	99287.STM2660	986	2840
60268124	99287.STM3430	983	375
60265738	99287.STM0973	975	2608
60265168	99287.STM0383	967	257
60265926	99287.STM1165	963	732
60267989	99287.STM3286	948	2283
60267157	99287.STM2432	939	1783
60266681	99287.STM1935	938	706
60267190	99287.STM2465	936	245
60266449	99287.STM1700	935	848
60267110	99287.STM2378	932	1372
60269162	99287.STM4512	924	1132
60266105	99287.STM1349	920	2077
60267070	99287.STM2338	920	2291
60266518	99287.STM1772	918	916
60266152	99287.STM1397	913	264
60267401	99287.STM2681	907	502
60265881	99287.STM1118	899	211
60268644	99287.STM3968	895	902
60266312	99287.STM1563	894	436
60268000	99287.STM3299	894	408
60267220	99287.STM2495	893	265
60265719	99287.STM0953	892	206
60265524	99287.STM0749	892	646
60265023	99287.STM0228	886	332
60265004	99287.STM0209	872	1080
60265765	99287.STM1000	871	1309
60265270	99287.STM0485	870	250
60265955	99287.STM1195	869	862
60265022	99287.STM0227	865	467
60266526	99287.STM1780	844	1005
60266089	99287.STM1333	828	1390
60265600	99287.STM0833	828	521
60265209	99287.STM0424	827	242
60268997	99287.STM4342	823	636
60269228	99287.STM4581	819	1679
60265854	99287.STM1091	815	1707
60266133	99287.STM1378	812	1282
60265103	99287.STM0316	810	1191
60266635	99287.STM1888	808	1212
60266410	99287.STM1661	805	676
60265473	99287.STM0698	789	1677
60267885	99287.STM3180	783	67
60265742	99287.STM0977	782	713
60267223	99287.STM2498	779	582
60268159	99287.STM3466	778	621
60266495	99287.STM1746	778	1531
60266668	99287.STM1921	777	1805
60267769	99287.STM3063	775	374
60268763	99287.STM4091	767	1070
60268680	99287.STM4009	764	1129
60265027	99287.STM0232	761	892
60268268	99287.STM3577	759	2171
60268039	99287.STM3339	758	750
60267990	99287.STM3287	746	1351
60268749	99287.STM4077	743	912
60265198	99287.STM0413	740	825
60268074	99287.STM3374	739	703
60267014	99287.STM2282	737	962
60268768	99287.STM4096	736	144
60268080	99287.STM3380	736	1173
60266925	99287.STM2190	733	869
60267098	99287.STM2366	722	616
60268400	99287.STM3710	719	1021
60266631	99287.STM1884	714	331
60266066	99287.STM1310	714	588
60266875	99287.STM2141	712	707
60265238	99287.STM0452	710	1367
60265880	99287.STM1117	709	1070
60265729	99287.STM0963	708	916
60269018	99287.STM4366	703	1062
60266067	99287.STM1311	703	310
60264928	99287.STM0133	695	1107
60269015	99287.STM4363	695	780
60266219	99287.STM1468	693	1510
60267197	99287.STM2472	690	1698
60265200	99287.STM0415	689	215
60266664	99287.STM1917	683	768
60266193	99287.STM1440	681	307
60268345	99287.STM3655	680	1718
60266498	99287.STM1749	678	2488
60267596	99287.STM2885	678	1436
60266220	99287.STM1469	675	1103
60266228	99287.STM1478	675	734
60267916	99287.STM3211	665	820
60264965	99287.STM0170	660	353
60265831	99287.STM1067	656	256
60268393	99287.STM3703	656	335
60267759	99287.STM3053	650	2048
60268912	99287.STM4256	648	506
60267055	99287.STM2323	646	1703
60268975	99287.STM4319	643	543
60265236	99287.STM0450	642	1600
60265639	99287.STM0872	642	138
60268399	99287.STM3709	640	741
60267236	99287.STM2511	640	952
60265882	99287.STM1119	637	472
60268574	99287.STM3884	635	579
60265098	99287.STM0310	631	408
60268998	99287.STM4343	628	1550
60265724	99287.STM0958	627	687
60269067	99287.STM4415	626	649
60267817	99287.STM3111	626	192
60265008	99287.STM0213	626	778
60266197	99287.STM1444	626	306
60268678	99287.STM4007	622	1172
60267921	99287.STM3217	621	1722
60267761	99287.STM3055	616	876
60265261	99287.STM0476	609	738
60266480	99287.STM1731	608	386
60265629	99287.STM0862	603	302
60267771	99287.STM3065	602	239
60266464	99287.STM1715	601	197
60267997	99287.STM3296	601	1551
60265597	99287.STM0830	599	528
60266461	99287.STM1712	599	1579
60267843	99287.STM3138	598	696
60265946	99287.STM1185	597	1786
60267932	99287.STM3228	592	148
60267286	99287.STM2561	591	217
60268558	99287.STM3868	591	393
60268195	99287.STM3502	589	485
60268649	99287.STM3973	582	178
60268174	99287.STM3481	582	628
60268048	99287.STM3348	579	664
60268376	99287.STM3686	578	693
60266622	99287.STM1875	575	82
60265039	99287.STM0245	574	536
60265965	99287.STM1205	572	229
60267056	99287.STM2324	572	931
60267664	99287.STM2953	570	1012
60267518	99287.STM2802	568	183
60265036	99287.STM0242	566	1127
60267692	99287.STM2983	566	132
60269055	99287.STM4403	561	1142
60266667	99287.STM1920	560	392
60268079	99287.STM3379	558	211
60266093	99287.STM1337	558	609
60268989	99287.STM4334	558	264
60268180	99287.STM3487	556	336
60268230	99287.STM3539	555	583
60266261	99287.STM1511	552	393
60269128	99287.STM4477	545	842
60265970	99287.STM1210	544	357
60267271	99287.STM2546	540	460
60265515	99287.STM0740	535	1089
60265151	99287.STM0366	533	180
60266356	99287.STM1607	527	354
60266042	99287.STM1286	526	511
60264931	99287.STM0136	525	1584
60268888	99287.STM4232	525	300
60268839	99287.STM4183	524	931
60268877	99287.STM4221	524	1154
60267901	99287.STM3196	523	122
60268540	99287.STM3850	523	266
60268285	99287.STM3594	519	1264
60268761	99287.STM4089	518	336
60266773	99287.STM2038	518	157
60266131	99287.STM1376	515	412
60267235	99287.STM2510	514	1020
60266588	99287.STM1842	514	381
60268047	99287.STM3347	511	313
60267258	99287.STM2533	511	455
60268991	99287.STM4336	511	118
60267538	99287.STM2827	503	1523
60265360	99287.STM0578	501	410
60266217	99287.STM1466	498	907
60266479	99287.STM1730	497	417
60265932	99287.STM1171	497	243
60265229	99287.STM0443	495	617
60269169	99287.STM4519	495	852
60265235	99287.STM0449	495	736
60267533	99287.STM2817	493	351
60266202	99287.STM1449	493	813
60267010	99287.STM2278	492	597
60267796	99287.STM3090	487	684
60265013	99287.STM0218	487	451
60266648	99287.STM1901	481	1092
60269216	99287.STM4569	479	896
60267397	99287.STM2677	479	593
60265954	99287.STM1194	478	459
60267144	99287.STM2415	477	759
60265231	99287.STM0445	477	284
60267198	99287.STM2473	472	538
60265104	99287.STM0317	472	222
60268288	99287.STM3597	471	805
60268731	99287.STM4059	469	307
60268042	99287.STM3342	468	334
60268736	99287.STM4064	467	572
60265469	99287.STM0694	466	312
60267593	99287.STM2882	465	1194
60265429	99287.STM0647	464	207
60265731	99287.STM0965	464	546
60266247	99287.STM1497	464	546
60268931	99287.STM4275	462	1114
60268551	99287.STM3861	461	972
60268037	99287.STM3337	459	344
60267200	99287.STM2475	458	143
60267213	99287.STM2488	457	490
60267502	99287.STM2786	453	463
60267540	99287.STM2829	451	596
60267058	99287.STM2326	451	1248
60266827	99287.STM2092	449	303
60268338	99287.STM3647	447	247
60265658	99287.STM0892	441	293
60265992	99287.STM1232	440	543
60268271	99287.STM3580	440	465
60268176	99287.STM3483	436	373
60266186	99287.STM1433	429	263
60268764	99287.STM4092	429	176
60267214	99287.STM2489	421	399
60267609	99287.STM2898	419	790
60265461	99287.STM0686	419	696
60265418	99287.STM0636	419	170
60267891	99287.STM3186	417	975
60269126	99287.STM4475	416	1337
60265486	99287.STM0711	414	430
60266516	99287.STM1770	412	48
60268905	99287.STM4249	412	330
60269089	99287.STM4437	411	179
60268552	99287.STM3862	411	641
60266375	99287.STM1626	410	1072
60266052	99287.STM1296	408	302
60266466	99287.STM1717	407	310
60269214	99287.STM4567	404	374
60268850	99287.STM4194	403	49
60265444	99287.STM0662	401	178
60265459	99287.STM0684	401	436
60266179	99287.STM1426	400	272
60266082	99287.STM1326	400	494
60265322	99287.STM0537	400	560
60265234	99287.STM0448	399	371
60265695	99287.STM0928	398	463
60268392	99287.STM3702	397	135
60266578	99287.STM1832	397	467
60268575	99287.STM3885	397	331
60267869	99287.STM3164	395	493
60266530	99287.STM1784	395	591
60268613	99287.STM3936	394	629
60265398	99287.STM0616	393	183
60266084	99287.STM1328	388	281
60267248	99287.STM2523	385	583
60268840	99287.STM4184	384	749
60267009	99287.STM2277	383	1181
60267002	99287.STM2270	383	293
60264887	99287.STM0092	382	585
60267585	99287.STM2874	382	461
60267086	99287.STM2354	382	391
60265033	99287.STM0238	380	135
60267814	99287.STM3108	379	151
60266501	99287.STM1752	378	429
60268022	99287.STM3322	376	257
60267988	99287.STM3285	375	123
60267053	99287.STM2321	373	181
60266826	99287.STM2091	373	475
60267754	99287.STM3048	369	372
60266229	99287.STM1479	368	582
60268945	99287.STM4289	368	76
60265957	99287.STM1197	367	599
60268218	99287.STM3526	367	681
60266505	99287.STM1756	366	271
60269020	99287.STM4368	365	1048
60267951	99287.STM3248	365	393
60268023	99287.STM3323	365	293
60266592	99287.STM1846	363	236
60266774	99287.STM2039	362	278
60267004	99287.STM2272	361	897
60265875	99287.STM1112	361	299
60265842	99287.STM1078	360	191
60267597	99287.STM2886	360	263
60265171	99287.STM0386	359	220
60265886	99287.STM1124	358	1571
60264841	99287.STM0046	356	1108
60267970	99287.STM3267	354	319
60267031	99287.STM2299	351	798
60269190	99287.STM4540	350	396
60265203	99287.STM0418	349	148
60268533	99287.STM3842	349	601
60266513	99287.STM1767	349	161
60268292	99287.STM3601	348	245
60266529	99287.STM1783	348	200
60264966	99287.STM0171	346	301
60267245	99287.STM2520	346	470
60265419	99287.STM0637	345	534
60267587	99287.STM2876	344	725
60267212	99287.STM2487	344	339
60268526	99287.STM3835	342	1038
60268019	99287.STM3319	342	314
60266780	99287.STM2045	342	152
60267801	99287.STM3095	340	378
60268375	99287.STM3685	339	811
60265228	99287.STM0442	339	390
60267999	99287.STM3298	338	77
60266215	99287.STM1462	338	438
60267862	99287.STM3157	336	387
60269118	99287.STM4467	336	560
60267303	99287.STM2578	336	312
60266041	99287.STM1285	334	703
60267261	99287.STM2536	331	553
60265730	99287.STM0964	330	1288
60268670	99287.STM3999	329	1094
60265981	99287.STM1221	328	269
60265777	99287.STM1012	326	310
60267353	99287.STM2628	326	310
60266094	99287.STM1338	325	879
60267443	99287.STM2726	325	329
60267975	99287.STM3272	324	159
60268612	99287.STM3935	323	408
60266033	99287.STM1277	322	104
60266230	99287.STM1480	322	373
60265430	99287.STM0648	321	880
60266633	99287.STM1886	321	689
60268846	99287.STM4190	320	197
60266396	99287.STM1647	320	294
60268885	99287.STM4229	320	470
60268547	99287.STM3857	319	423
60265472	99287.STM0697	319	262
60265543	99287.STM0774	317	327
60267268	99287.STM2543	317	560
60267572	99287.STM2861	317	367
60267368	99287.STM2643	317	501
60265821	99287.STM1057	317	890
60267753	99287.STM3047	316	53
60268008	99287.STM3308	315	48
60265938	99287.STM1177	315	321
60266218	99287.STM1467	315	415
60264799	99287.STM0004	313	549
60268796	99287.STM4126	311	572
60267747	99287.STM3041	311	289
60266315	99287.STM1566	310	741
60265268	99287.STM0483	310	242
60266707	99287.STM1964	308	197
60266656	99287.STM1909	307	733
60268384	99287.STM3694	307	545
60265545	99287.STM0776	307	381
60267207	99287.STM2482	306	153
60265725	99287.STM0959	306	284
60265523	99287.STM0748	306	443
60266697	99287.STM1954	306	286
60268734	99287.STM4062	304	462
60265595	99287.STM0828	301	324
60265630	99287.STM0863	300	481
60266387	99287.STM1638	299	166
60265687	99287.STM0920	299	182
60266389	99287.STM1640	298	218
60267269	99287.STM2544	298	146
60267972	99287.STM3269	297	179
60267134	99287.STM2403	297	298
60264808	99287.STM0013	296	368
60265030	99287.STM0235	296	154
60268500	99287.STM3809	296	218
60266469	99287.STM1720	295	234
60267768	99287.STM3062	295	398
60267640	99287.STM2929	294	119
60268780	99287.STM4108	294	269
60266646	99287.STM1899	291	240
60264800	99287.STM0005	291	227
60267306	99287.STM2581	291	242
60268914	99287.STM4258	290	474
60268585	99287.STM3903	290	296
60266856	99287.STM2121	289	140
60266058	99287.STM1302	288	326
60265604	99287.STM0837	287	304
60268543	99287.STM3853	287	194
60265571	99287.STM0803	286	218
60267784	99287.STM3078	286	348
60265019	99287.STM0224	285	922
60267384	99287.STM2663	283	306
60265471	99287.STM0696	282	190
60265911	99287.STM1150	281	459
60267582	99287.STM2871	280	354
60266720	99287.STM1977	280	101
60267057	99287.STM2325	280	179
60267247	99287.STM2522	278	499
60267249	99287.STM2524	278	232
60268660	99287.STM3984	278	486
60266074	99287.STM1318	276	679
60268425	99287.STM3735	276	212
60268778	99287.STM4106	276	624
60266992	99287.STM2259	276	733
60266549	99287.STM1803	274	459
60264936	99287.STM0141	274	324
60266889	99287.STM2155	274	701
60267171	99287.STM2446	273	281
60268751	99287.STM4079	273	121
60267246	99287.STM2521	272	159
60268248	99287.STM3557	272	470
60269090	99287.STM4438	271	560
60265153	99287.STM0368	271	255
60268035	99287.STM3335	271	163
60266623	99287.STM1876	271	28
60265530	99287.STM0760	270	347
60267102	99287.STM2370	270	339
60268705	99287.STM4034	269	341
60269049	99287.STM4397	268	240
60268322	99287.STM3630	267	462
60267636	99287.STM2925	267	225
60268948	99287.STM4292	267	215
60268104	99287.STM3410	266	118
60267900	99287.STM3195	266	236
60265759	99287.STM0994	265	1315
60267060	99287.STM2328	265	188
60267857	99287.STM3152	265	1348
60267073	99287.STM2341	264	307
60264915	99287.STM0120	264	235
60267307	99287.STM2582	263	330
60269003	99287.STM4348	263	270
60266601	99287.STM1855	263	218
60265455	99287.STM0680	262	569
60267244	99287.STM2519	262	330
60265280	99287.STM0495	260	163
60267507	99287.STM2791	260	435
60266189	99287.STM1436	259	336
60268398	99287.STM3708	258	318
60268591	99287.STM3909	257	508
60269153	99287.STM4503	256	199
60265656	99287.STM0890	254	243
60268374	99287.STM3684	252	210
60265415	99287.STM0633	252	285
60266833	99287.STM2098	252	307
60266902	99287.STM2167	252	682
60266670	99287.STM1923	252	156
60266777	99287.STM2042	252	107
60266696	99287.STM1953	250	211
60267995	99287.STM3294	249	360
60268415	99287.STM3725	248	137
60267199	99287.STM2474	247	645
60268430	99287.STM3740	246	200
60267708	99287.STM3001	244	149
60268137	99287.STM3443	244	193
60266338	99287.STM1589	244	273
60266568	99287.STM1822	243	35
60265555	99287.STM0786	243	300
60267072	99287.STM2340	243	336
60269215	99287.STM4568	243	373
60267792	99287.STM3086	242	488
60265286	99287.STM0501	242	315
60267602	99287.STM2891	242	187
60267066	99287.STM2334	241	187
60265953	99287.STM1193	241	281
60266746	99287.STM2009	240	277
60267679	99287.STM2969	240	527
60268165	99287.STM3472	239	152
60265206	99287.STM0421	239	266
60269056	99287.STM4404	238	192
60268179	99287.STM3486	237	326
60265929	99287.STM1168	237	190
60268178	99287.STM3485	237	291
60265896	99287.STM1135	236	276
60268771	99287.STM4099	236	112
60267030	99287.STM2298	234	343
60265840	99287.STM1076	234	109
60268204	99287.STM3511	233	203
60266045	99287.STM1289	232	282
60266510	99287.STM1764	232	1224
60267153	99287.STM2428	231	180
60268781	99287.STM4109	231	199
60268697	99287.STM4026	231	175
60265982	99287.STM1222	231	250
60264888	99287.STM0093	230	817
60268791	99287.STM4120	230	316
60264924	99287.STM0129	229	328
60266465	99287.STM1716	228	253
60265914	99287.STM1153	228	58
60265010	99287.STM0215	225	182
60266475	99287.STM1726	225	255
60264859	99287.STM0064	225	192
60266703	99287.STM1960	224	388
60268659	99287.STM3983	224	694
60265924	99287.STM1163	223	296
60267855	99287.STM3150	223	352
60268915	99287.STM4259	222	390
60267101	99287.STM2369	222	215
60268018	99287.STM3318	221	70
60268511	99287.STM3820	221	402
60265987	99287.STM1227	221	323
60268146	99287.STM3452	220	115
60268243	99287.STM3552	220	132
60265764	99287.STM0999	220	581
60268027	99287.STM3327	219	171
60267809	99287.STM3103	218	139
60267766	99287.STM3060	218	103
60264877	99287.STM0082	217	99
60268790	99287.STM4119	215	656
60267764	99287.STM3058	215	434
60266718	99287.STM1975	214	146
60267840	99287.STM3135	214	334
60265002	99287.STM0207	213	256
60266253	99287.STM1503	213	90
60265157	99287.STM0372	213	231
60267860	99287.STM3155	213	117
60267209	99287.STM2484	212	47
60267029	99287.STM2297	212	317
60268986	99287.STM4331	212	66
60265921	99287.STM1160	211	321
60268011	99287.STM3311	211	170
60266832	99287.STM2097	211	244
60265945	99287.STM1184	210	314
60268215	99287.STM3523	210	216
60268452	99287.STM3763	209	432
60266192	99287.STM1439	208	165
60268893	99287.STM4237	208	152
60266713	99287.STM1970	208	245
60266524	99287.STM1778	207	178
60267905	99287.STM3200	207	352
60268210	99287.STM3517	207	44
60266829	99287.STM2094	207	205
60266509	99287.STM1763	206	359
60265192	99287.STM0407	206	483
60266216	99287.STM1463	205	260
60266572	99287.STM1826	204	282
60264999	99287.STM0204	204	121
60264960	99287.STM0165	204	222
60266560	99287.STM1814	203	150
60268100	99287.STM3406	203	186
60264803	99287.STM0008	203	138
60267589	99287.STM2878	202	384
60265897	99287.STM1136	201	230
60264997	99287.STM0202	201	305
60268262	99287.STM3571	201	335
60267656	99287.STM2945	200	311
60267529	99287.STM2813	200	131
60265548	99287.STM0779	200	188
60267078	99287.STM2346	200	118
60265712	99287.STM0945	199	534
60268643	99287.STM3967	199	180
60266348	99287.STM1599	199	221
60268085	99287.STM3385	198	59
60268522	99287.STM3831	198	235
60267373	99287.STM2648	198	197
60268654	99287.STM3978	197	268
60268420	99287.STM3730	197	304
60267872	99287.STM3167	197	96
60267884	99287.STM3179	197	152
60265830	99287.STM1066	196	26
60268197	99287.STM3504	195	468
60268646	99287.STM3970	195	199
60266122	99287.STM1367	194	72
60265391	99287.STM0609	194	369
60268615	99287.STM3938	194	264
60266047	99287.STM1291	193	133
60265435	99287.STM0653	193	133
60266814	99287.STM2079	192	244
60267143	99287.STM2414	192	63
60266038	99287.STM1282	191	89
60265177	99287.STM0392	191	213
60266945	99287.STM2211	191	120
60268157	99287.STM3464	191	187
60268340	99287.STM3649	191	51
60266888	99287.STM2154	191	268
60265522	99287.STM0747	191	180
60265112	99287.STM0327	190	70
60265399	99287.STM0617	190	155
60267852	99287.STM3147	190	378
60265762	99287.STM0997	189	119
60265327	99287.STM0542	189	113
60268600	99287.STM3919	188	222
60266831	99287.STM2096	187	147
60265420	99287.STM0638	187	140
60266460	99287.STM1711	187	105
60268472	99287.STM3783	186	57
60266463	99287.STM1714	185	458
60268010	99287.STM3310	185	133
60266714	99287.STM1971	184	115
60268592	99287.STM3910	184	90
60268622	99287.STM3946	184	50
60267594	99287.STM2883	183	238
60266674	99287.STM1927	183	121
60268901	99287.STM4245	182	275
60265833	99287.STM1069	182	76
60268795	99287.STM4125	181	225
60266055	99287.STM1299	181	315
60266456	99287.STM1707	181	123
60266796	99287.STM2061	181	79
60267075	99287.STM2343	181	58
60264946	99287.STM0151	180	84
60266451	99287.STM1702	179	426
60267059	99287.STM2327	179	195
60267026	99287.STM2294	179	82
60267967	99287.STM3264	179	410
60269068	99287.STM4416	179	283
60267395	99287.STM2675	178	161
60267308	99287.STM2583	178	374
60268346	99287.STM3656	178	241
60268744	99287.STM4072	177	392
60265758	99287.STM0993	177	137
60268424	99287.STM3734	176	141
60266420	99287.STM1672	176	263
60265452	99287.STM0670	176	334
60265969	99287.STM1209	175	212
60267870	99287.STM3165	175	184
60266924	99287.STM2189	174	319
60268002	99287.STM3301	174	225
60267730	99287.STM3023	174	51
60269116	99287.STM4465	173	222
60268015	99287.STM3315	173	185
60268596	99287.STM3914	173	320
60268190	99287.STM3497	171	37
60265460	99287.STM0685	171	359
60266805	99287.STM2070	171	177
60265319	99287.STM0534	171	94
60266130	99287.STM1375	171	158
60268009	99287.STM3309	170	73
60268891	99287.STM4235	170	533
60268095	99287.STM3401	170	195
60268261	99287.STM3570	170	131
60266476	99287.STM1727	169	180
60267508	99287.STM2792	168	299
60264918	99287.STM0123	168	257
60267674	99287.STM2963	168	96
60267583	99287.STM2872	168	89
60267842	99287.STM3137	168	350
60268836	99287.STM4176	168	317
60266830	99287.STM2095	167	220
60267892	99287.STM3187	167	108
60268068	99287.STM3368	166	223
60265108	99287.STM0321	166	215
60268007	99287.STM3307	166	286
60267123	99287.STM2391	166	247
60266259	99287.STM1509	166	34
60267629	99287.STM2918	165	196
60268674	99287.STM4003	165	90
60265250	99287.STM0464	165	147
60269207	99287.STM4560	165	310
60268675	99287.STM4004	164	283
60265165	99287.STM0380	163	239
60264913	99287.STM0118	163	201
60267336	99287.STM2610	162	85
60266719	99287.STM1976	162	208
60268663	99287.STM3987	162	105
60267525	99287.STM2809	162	150
60267813	99287.STM3107	161	128
60267611	99287.STM2900	161	129
60266053	99287.STM1297	161	215
60267039	99287.STM2307	161	162
60264935	99287.STM0140	161	127
60266775	99287.STM2040	160	293
60267383	99287.STM2662	160	140
60266806	99287.STM2071	160	143
60266741	99287.STM2001	160	62
60265301	99287.STM0516	160	161
60266929	99287.STM2194	159	103
60267067	99287.STM2335	159	120
60264976	99287.STM0181	158	178
60269146	99287.STM4496	157	610
60266799	99287.STM2064	157	147
60265735	99287.STM0970	157	148
60265289	99287.STM0504	157	195
60267671	99287.STM2960	157	301
60265753	99287.STM0988	157	147
60266146	99287.STM1391	156	122
60265554	99287.STM0785	156	229
60266628	99287.STM1881	156	60
60268655	99287.STM3979	156	116
60268528	99287.STM3837	155	207
60267387	99287.STM2667	155	194
60267952	99287.STM3249	155	88
60265701	99287.STM0934	155	176
60265458	99287.STM0683	154	276
60266078	99287.STM1322	154	167
60264862	99287.STM0067	154	598
60266857	99287.STM2122	154	107
60266559	99287.STM1813	154	69
60267580	99287.STM2869	153	156
60266928	99287.STM2193	153	124
60266712	99287.STM1969	153	279
60268093	99287.STM3399	153	127
60265105	99287.STM0318	152	266
60267008	99287.STM2276	151	126
60266694	99287.STM1951	151	100
60268041	99287.STM3341	151	92
60266961	99287.STM2227	150	65
60266080	99287.STM1324	150	187
60267442	99287.STM2724	150	311
60266960	99287.STM2226	150	224
60267854	99287.STM3149	150	205
60268956	99287.STM4300	149	407
60267776	99287.STM3070	149	159
60266593	99287.STM1847	149	141
60268154	99287.STM3461	149	43
60267607	99287.STM2896	148	218
60267290	99287.STM2565	148	707
60266704	99287.STM1961	148	54
60269175	99287.STM4525	148	349
60266499	99287.STM1750	148	106
60269069	99287.STM4417	148	134
60267496	99287.STM2780	148	195
60265449	99287.STM0667	148	106
60266201	99287.STM1448	148	116
60267097	99287.STM2365	148	165
60267142	99287.STM2413	148	42
60264882	99287.STM0087	148	68
60268387	99287.STM3697	147	216
60266900	99287.STM2165	147	182
60268227	99287.STM3536	147	266
60268287	99287.STM3596	147	178
60266492	99287.STM1743	146	214
60268394	99287.STM3704	146	279
60267260	99287.STM2535	146	82
60267601	99287.STM2890	146	98
60268586	99287.STM3904	146	271
60266591	99287.STM1845	145	299
60266571	99287.STM1825	145	72
60266376	99287.STM1627	145	218
60265389	99287.STM0607	144	116
60265978	99287.STM1218	143	133
60268005	99287.STM3305	143	168
60266698	99287.STM1955	143	80
60266565	99287.STM1819	143	131
60265516	99287.STM0741	143	141
60265260	99287.STM0475	142	574
60266918	99287.STM2183	142	140
60267749	99287.STM3043	142	85
60265641	99287.STM0874	141	112
60267389	99287.STM2669	141	137
60266776	99287.STM2041	141	81
60265613	99287.STM0846	141	238
60266800	99287.STM2065	141	403
60268303	99287.STM3612	141	210
60268187	99287.STM3494	140	105
60264961	99287.STM0166	139	160
60268843	99287.STM4187	139	186
60267124	99287.STM2392	139	145
60266427	99287.STM1679	138	269
60266701	99287.STM1958	137	236
60266059	99287.STM1303	137	182
60266462	99287.STM1713	137	175
60266252	99287.STM1502	137	100
60267183	99287.STM2458	137	192
60268076	99287.STM3376	137	205
60268028	99287.STM3328	136	377
60267527	99287.STM2811	136	153
60267667	99287.STM2956	136	406
60269105	99287.STM4453	136	267
60267790	99287.STM3084	136	118
60264958	99287.STM0163	135	157
60265967	99287.STM1207	135	123
60266203	99287.STM1450	135	134
60266346	99287.STM1597	135	261
60267620	99287.STM2909	134	403
60265042	99287.STM0248	134	76
60268561	99287.STM3871	134	83
60268421	99287.STM3731	134	93
60268567	99287.STM3877	134	138
60266638	99287.STM1891	133	149
60265989	99287.STM1229	133	143
60267917	99287.STM3212	133	68
60266764	99287.STM2029	133	121
60269117	99287.STM4466	133	120
60267841	99287.STM3136	133	270
60268150	99287.STM3456	133	23
60268101	99287.STM3407	133	167
60268309	99287.STM3618	133	346
60265893	99287.STM1131	133	90
60269014	99287.STM4362	132	217
60269120	99287.STM4469	132	178
60265963	99287.STM1203	131	187
60268672	99287.STM4001	131	142
60265994	99287.STM1234	131	169
60267815	99287.STM3109	130	124
60267305	99287.STM2580	130	131
60266048	99287.STM1292	130	46
60266183	99287.STM1430	129	186
60265716	99287.STM0950	129	115
60267219	99287.STM2494	129	205
60269006	99287.STM4351	129	146
60265525	99287.STM0750	129	100
60268278	99287.STM3587	128	149
60265190	99287.STM0405	128	182
60264891	99287.STM0096	128	447
60269140	99287.STM4490	128	126
60268800	99287.STM4130	128	369
60265552	99287.STM0783	128	138
60267116	99287.STM2384	127	139
60266870	99287.STM2136	127	205
60268275	99287.STM3584	127	65
60265542	99287.STM0773	127	208
60268707	99287.STM4036	127	150
60266759	99287.STM2024	127	135
60264846	99287.STM0051	127	131
60266692	99287.STM1949	127	53
60266542	99287.STM1796	126	241
60267079	99287.STM2347	126	90
60265616	99287.STM0849	126	204
60265456	99287.STM0681	126	157
60265710	99287.STM0943	125	51
60266151	99287.STM1396	124	46
60268413	99287.STM3723	124	142
60267628	99287.STM2917	124	139
60267117	99287.STM2385	124	81
60266768	99287.STM2033	123	119
60269004	99287.STM4349	123	148
60264843	99287.STM0048	123	82
60265443	99287.STM0661	123	126
60268757	99287.STM4085	123	134
60268848	99287.STM4192	122	56
60268699	99287.STM4028	122	59
60267405	99287.STM2685	122	41
60268668	99287.STM3997	122	135
60265895	99287.STM1133	122	187
60268040	99287.STM3340	122	139
60269005	99287.STM4350	122	88
60267908	99287.STM3203	122	106
60268225	99287.STM3534	122	326
60265232	99287.STM0446	121	55
60267549	99287.STM2838	121	131
60267126	99287.STM2395	121	149
60266665	99287.STM1918	121	133
60265745	99287.STM0980	120	123
60267966	99287.STM3263	120	130
60268825	99287.STM4165	120	78
60266357	99287.STM1608	120	67
60268096	99287.STM3402	120	74
60267137	99287.STM2406	120	150
60269060	99287.STM4408	120	96
60265722	99287.STM0956	119	166
60269111	99287.STM4460	119	145
60268980	99287.STM4325	119	273
60268191	99287.STM3498	119	164
60265155	99287.STM0370	119	233
60268804	99287.STM4139	118	123
60264959	99287.STM0164	118	130
60267064	99287.STM2332	118	67
60265109	99287.STM0322	118	218
60268226	99287.STM3535	117	220
60266558	99287.STM1812	117	86
60268638	99287.STM3962	117	108
60266675	99287.STM1928	116	140
60268390	99287.STM3700	116	209
60266906	99287.STM2171	116	82
60267806	99287.STM3100	116	110
60268835	99287.STM4175	116	125
60267837	99287.STM3132	116	110
60266154	99287.STM1399	116	80
60268423	99287.STM3733	115	89
60267181	99287.STM2456	115	83
60267662	99287.STM2951	115	101
60265752	99287.STM0987	115	34
60265822	99287.STM1058	114	167
60267224	99287.STM2499	114	131
60268036	99287.STM3336	114	125
60267083	99287.STM2351	114	103
60268289	99287.STM3598	113	91
60266699	99287.STM1956	113	103
60265788	99287.STM1023	113	47
60266453	99287.STM1704	113	102
60267879	99287.STM3174	113	289
60268337	99287.STM3646	113	133
60264921	99287.STM0126	113	150
60264925	99287.STM0130	113	145
60265560	99287.STM0792	113	87
60264919	99287.STM0124	113	181
60267063	99287.STM2331	112	151
60266522	99287.STM1776	112	152
60265208	99287.STM0423	112	98
60268700	99287.STM4029	112	140
60268494	99287.STM3802	112	164
60266762	99287.STM2027	111	99
60266166	99287.STM1411	111	115
60267845	99287.STM3140	111	98
60264979	99287.STM0184	111	183
60265258	99287.STM0473	111	17
60264975	99287.STM0180	111	54
60266136	99287.STM1381	110	100
60267625	99287.STM2914	110	119
60266344	99287.STM1595	110	233
60268999	99287.STM4344	110	132
60266913	99287.STM2178	110	99
60266002	99287.STM1242	110	63
60266921	99287.STM2186	110	168
60269180	99287.STM4530	110	176
60265521	99287.STM0746	110	34
60268286	99287.STM3595	109	167
60265590	99287.STM0822	109	149
60266468	99287.STM1719	108	98
60265749	99287.STM0984	108	202
60266815	99287.STM2080	108	173
60265550	99287.STM0781	108	112
60266812	99287.STM2077	108	100
60265508	99287.STM0733	108	109
60264955	99287.STM0160	107	44
60266642	99287.STM1895	107	24
60267641	99287.STM2930	107	106
60268947	99287.STM4291	107	125
60267122	99287.STM2390	107	56
60267681	99287.STM2971	106	164
60267603	99287.STM2892	106	127
60268602	99287.STM3921	106	149
60266818	99287.STM2083	106	219
60265520	99287.STM0745	106	84
60264927	99287.STM0132	106	154
60267263	99287.STM2538	106	64
60267756	99287.STM3050	106	63
60266901	99287.STM2166	106	318
60267566	99287.STM2855	105	130
60267939	99287.STM3235	105	99
60267718	99287.STM3011	105	121
60268161	99287.STM3468	105	179
60265032	99287.STM0237	105	56
60269230	99287.STM4583	104	41
60268827	99287.STM4167	104	118
60267174	99287.STM2449	104	79
60266979	99287.STM2246	104	93
60266551	99287.STM1805	104	115
60268175	99287.STM3482	104	82
60268031	99287.STM3331	104	149
60265619	99287.STM0852	104	171
60265960	99287.STM1200	104	65
60267270	99287.STM2545	104	115
60268563	99287.STM3873	103	66
60264861	99287.STM0066	103	174
60265826	99287.STM1062	103	197
60266999	99287.STM2266	103	137
60265274	99287.STM0489	103	105
60265487	99287.STM0712	103	50
60267152	99287.STM2427	103	255
60268793	99287.STM4122	103	59
60266431	99287.STM1683	102	202
60266726	99287.STM1984	102	27
60268907	99287.STM4251	102	41
60265574	99287.STM0806	102	67
60268304	99287.STM3613	101	162
60266938	99287.STM2203	101	93
60266289	99287.STM1539	101	100
60266143	99287.STM1388	101	7
60266288	99287.STM1538	101	262
60265193	99287.STM0408	101	105
60266515	99287.STM1769	100	47
60264934	99287.STM0139	100	111
60265865	99287.STM1102	100	122
60265844	99287.STM1080	100	135
60266669	99287.STM1922	100	138
60267996	99287.STM3295	99.9	123
60265451	99287.STM0669	99.5	115
60265898	99287.STM1137	99.4	61
60266809	99287.STM2074	99.2	93
60267534	99287.STM2818	98.6	198
60265424	99287.STM0642	98.5	42
60266290	99287.STM1540	98.5	148
60269232	99287.STM4585	98.4	107
60265783	99287.STM1018	98.2	46
60268601	99287.STM3920	98.1	114
60265154	99287.STM0369	98.0	174
60265940	99287.STM1179	98.0	74
60267208	99287.STM2483	97.9	119
60267861	99287.STM3156	97.9	52
60266050	99287.STM1294	97.7	117
60265097	99287.STM0309	97.1	316
60268837	99287.STM4181	97.1	28
60267226	99287.STM2501	97.0	253
60265976	99287.STM1216	96.9	397
60266882	99287.STM2148	96.8	45
60268626	99287.STM3950	96.8	86
60266086	99287.STM1330	96.8	126
60265737	99287.STM0972	96.8	135
60266807	99287.STM2072	96.7	100
60265586	99287.STM0818	96.6	123
60268745	99287.STM4073	96.3	136
60266819	99287.STM2084	96.3	106
60268389	99287.STM3699	96.3	116
60267347	99287.STM2622	96.3	46
60266810	99287.STM2075	96.2	78
60266590	99287.STM1844	96.2	76
60267264	99287.STM2539	96.0	244
60265885	99287.STM1123	96.0	91
60267605	99287.STM2894	95.8	183
60265095	99287.STM0307	95.8	48
60266751	99287.STM2016	95.7	173
60267994	99287.STM3293	95.6	58
60265944	99287.STM1183	94.6	198
60268620	99287.STM3943	94.2	42
60265210	99287.STM0425	93.9	126
60269233	99287.STM4586	93.5	67
60266097	99287.STM1341	93.3	79
60267465	99287.STM2748	93.3	41
60267715	99287.STM3008	93.2	119
60264907	99287.STM0112	93.2	84
60266684	99287.STM1938	93.1	86
60265463	99287.STM0688	92.8	51
60266956	99287.STM2222	92.5	70
60268973	99287.STM4317	92.5	31
60267714	99287.STM3007	91.8	19
60269021	99287.STM4369	91.7	117
60265950	99287.STM1190	91.7	61
60268291	99287.STM3600	91.6	54
60269234	99287.STM4587	91.3	55
60266187	99287.STM1434	91.3	59
60269008	99287.STM4356	91.1	140
60268910	99287.STM4254	91.0	275
60267094	99287.STM2362	90.9	188
60268604	99287.STM3923	90.9	38
60267937	99287.STM3233	90.3	99
60267783	99287.STM3077	90.3	84
60268789	99287.STM4118	90.3	195
60268889	99287.STM4233	90.2	59
60268534	99287.STM3843	90.2	155
60268849	99287.STM4193	90.2	58
60266680	99287.STM1934	90.0	66
60265605	99287.STM0838	89.8	178
60267267	99287.STM2542	89.7	78
60265887	99287.STM1125	89.5	184
60268544	99287.STM3854	89.4	75
60267998	99287.STM3297	89.4	68
60267372	99287.STM2647	89.4	82
60268034	99287.STM3334	89.3	118
60267082	99287.STM2350	89.1	73
60265311	99287.STM0526	89.0	72
60268606	99287.STM3925	88.9	121
60267637	99287.STM2926	88.9	71
60265974	99287.STM1214	88.7	35
60265049	99287.STM0261	88.5	102
60265269	99287.STM0484	88.1	165
60265971	99287.STM1211	87.9	165
60268236	99287.STM3545	87.2	119
60265169	99287.STM0384	86.9	41
60265423	99287.STM0641	86.8	47
60267874	99287.STM3169	86.6	75
60268529	99287.STM3838	86.4	139
60265182	99287.STM0397	86.3	94
60268977	99287.STM4322	86.2	64
60265743	99287.STM0978	86.2	172
60265912	99287.STM1151	86.1	298
60264977	99287.STM0182	86.1	64
60268164	99287.STM3471	85.8	15
60267044	99287.STM2312	85.7	46
60265947	99287.STM1187	85.7	77
60268412	99287.STM3722	85.3	89
60265318	99287.STM0533	85.1	101
60265196	99287.STM0411	84.9	37
60267983	99287.STM3280	84.4	164
60265727	99287.STM0961	84.3	81
60267390	99287.STM2670	84.2	123
60268942	99287.STM4286	83.9	114
60268531	99287.STM3840	83.8	27
60266265	99287.STM1515	83.8	46
60267382	99287.STM2661	83.6	89
60265476	99287.STM0701	83.4	238
60267639	99287.STM2928	83.3	105
60266051	99287.STM1295	83.2	150
60268336	99287.STM3645	83.1	82
60266828	99287.STM2093	82.9	122
60265918	99287.STM1157	82.7	83
60269189	99287.STM4539	82.7	104
60269179	99287.STM4529	82.6	24
60265544	99287.STM0775	82.6	121
60268904	99287.STM4248	82.5	125
60266147	99287.STM1392	82.5	266
60266343	99287.STM1594	82.3	269
60268752	99287.STM4080	82.1	81
60267536	99287.STM2820	82.1	59
60265351	99287.STM0569	81.7	115
60266652	99287.STM1905	81.6	100
60268207	99287.STM3514	81.5	234
60266374	99287.STM1625	81.2	117
60268401	99287.STM3711	80.7	111
60266627	99287.STM1880	80.6	84
60266006	99287.STM1249	80.6	32
60265043	99287.STM0255	80.4	101
60267678	99287.STM2968	80.2	63
60266214	99287.STM1461	80.1	17
60265559	99287.STM0791	80.1	186
60265204	99287.STM0419	80.1	83
60266467	99287.STM1718	80.0	79
60265142	99287.STM0357	79.8	196
60268521	99287.STM3830	79.5	41
60268716	99287.STM4044	79.1	95
60266303	99287.STM1554	79.1	156
60267120	99287.STM2388	79.0	190
60268158	99287.STM3465	78.5	38
60266570	99287.STM1824	78.2	114
60268794	99287.STM4123	78.1	140
60269225	99287.STM4578	77.9	98
60266715	99287.STM1972	77.6	151
60267514	99287.STM2798	77.6	35
60268301	99287.STM3610	77.6	158
60265825	99287.STM1061	77.3	180
60264985	99287.STM0190	77.3	209
60267193	99287.STM2468	77.2	59
60265990	99287.STM1230	76.8	142
60268016	99287.STM3316	76.7	65
60266167	99287.STM1412	76.4	60
60268343	99287.STM3652	76.3	14
60269186	99287.STM4536	76.2	37
60266936	99287.STM2201	76.0	80
60266373	99287.STM1624	75.7	114
60265702	99287.STM0935	75.4	150
60265038	99287.STM0244	75.1	50
60266491	99287.STM1742	75.0	107
60266060	99287.STM1304	74.8	82
60266239	99287.STM1489	74.4	36
60267694	99287.STM2985	74.2	48
60269191	99287.STM4541	74.1	168
60268739	99287.STM4067	73.7	84
60265908	99287.STM1147	73.5	63
60264923	99287.STM0128	73.5	117
60268633	99287.STM3957	73.4	81
60268996	99287.STM4341	73.4	53
60266922	99287.STM2187	73.4	94
60266429	99287.STM1681	73.2	56
60267800	99287.STM3094	73.0	72
60265290	99287.STM0505	73.0	103
60268170	99287.STM3477	73.0	106
60265284	99287.STM0499	73.0	42
60267859	99287.STM3154	72.9	53
60266409	99287.STM1660	72.7	38
60267463	99287.STM2746	72.6	120
60267377	99287.STM2652	72.3	121
60266811	99287.STM2076	72.3	61
60266437	99287.STM1689	72.2	29
60268658	99287.STM3982	72.2	177
60268444	99287.STM3755	71.9	72
60267497	99287.STM2781	71.6	95
60269227	99287.STM4580	71.5	118
60265708	99287.STM0941	71.3	76
60268746	99287.STM4074	71.3	154
60267954	99287.STM3251	71.2	80
60268899	99287.STM4243	71.1	99
60268333	99287.STM3642	70.2	44
60267182	99287.STM2457	70.1	78
60265178	99287.STM0393	69.5	53
60268438	99287.STM3748	69.5	124
60265657	99287.STM0891	69.5	44
60266546	99287.STM1800	69.4	62
60265937	99287.STM1176	69.3	52
60269192	99287.STM4542	69.2	28
60265207	99287.STM0422	69.2	141
60268234	99287.STM3543	69.2	83
60266114	99287.STM1358	69.2	64
60267015	99287.STM2283	69.0	130
60265201	99287.STM0416	68.9	114
60265189	99287.STM0404	68.8	69
60267627	99287.STM2916	68.8	75
60267984	99287.STM3281	68.6	82
60268153	99287.STM3459	68.5	134
60267665	99287.STM2954	68.4	81
60268378	99287.STM3688	68.4	12
60266801	99287.STM2066	68.4	216
60268311	99287.STM3620	68.4	66
60269149	99287.STM4499	68.1	58
60266104	99287.STM1348	68.0	76
60268267	99287.STM3576	68.0	152
60264906	99287.STM0111	68.0	91
60265096	99287.STM0308	68.0	88
60267505	99287.STM2789	67.9	93
60264967	99287.STM0172	67.9	71
60264963	99287.STM0168	67.6	94
60269127	99287.STM4476	67.5	34
60268756	99287.STM4084	67.5	64
60265572	99287.STM0804	67.4	34
60266068	99287.STM1312	67.4	21
60269009	99287.STM4357	67.0	61
60265410	99287.STM0628	66.9	47
60268305	99287.STM3614	66.9	85
60268404	99287.STM3714	66.8	62
60266407	99287.STM1658	66.8	41
60268696	99287.STM4025	66.7	85
60266299	99287.STM1549	66.4	39
60268224	99287.STM3533	66.3	82
60268765	99287.STM4093	66.3	91
60268648	99287.STM3972	66.3	119
60267913	99287.STM3208	66.1	66
60266824	99287.STM2089	65.9	94
60265891	99287.STM1129	65.9	68
60265271	99287.STM0486	65.5	51
60267455	99287.STM2738	65.3	46
60265962	99287.STM1202	65.2	87
60267287	99287.STM2562	65.2	105
60268229	99287.STM3538	65.1	162
60265653	99287.STM0887	65.0	78
60266548	99287.STM1802	64.6	102
60266180	99287.STM1427	64.4	102
60266070	99287.STM1314	64.3	35
60266311	99287.STM1562	64.3	60
60268571	99287.STM3881	63.9	53
60265697	99287.STM0930	63.6	41
60268414	99287.STM3724	63.4	87
60266965	99287.STM2232	63.3	121
60266155	99287.STM1400	63.1	99
60268372	99287.STM3682	63.0	152
60266802	99287.STM2067	62.4	125
60267172	99287.STM2447	62.4	43
60268070	99287.STM3370	62.4	134
60265276	99287.STM0491	62.3	105
60265828	99287.STM1064	62.3	98
60264797	99287.STM0002	62.3	211
60267987	99287.STM3284	62.2	52
60267364	99287.STM2639	62.2	48
60267626	99287.STM2915	61.6	64
60265602	99287.STM0835	61.6	39
60267087	99287.STM2355	61.3	67
60264929	99287.STM0134	61.2	71
60267677	99287.STM2967	61.1	59
60268587	99287.STM3905	61.1	128
60267180	99287.STM2455	61.1	33
60269110	99287.STM4459	61.0	49
60268970	99287.STM4314	61.0	19
60267211	99287.STM2486	61.0	57
60265337	99287.STM0552	60.8	35
60268650	99287.STM3974	60.8	50
60267893	99287.STM3188	60.8	102
60265382	99287.STM0600	60.6	114
60268077	99287.STM3377	60.5	76
60266989	99287.STM2256	60.3	33
60266170	99287.STM1415	59.5	128
60265829	99287.STM1065	59.3	48
60266342	99287.STM1593	59.3	123
60267403	99287.STM2683	59.2	53
60267992	99287.STM3290	59.1	114
60267907	99287.STM3202	59.0	110
60267501	99287.STM2785	59.0	31
60266750	99287.STM2015	58.9	89
60266341	99287.STM1592	58.9	19
60267658	99287.STM2947	58.6	112
60268902	99287.STM4246	58.6	105
60265698	99287.STM0931	58.5	61
60267802	99287.STM3096	58.3	53
60266120	99287.STM1365	58.3	215
60268186	99287.STM3493	58.2	175
60266434	99287.STM1686	58.2	24
60268906	99287.STM4250	58.0	53
60267642	99287.STM2931	58.0	28
60267188	99287.STM2463	57.9	78
60269061	99287.STM4409	57.7	122
60266813	99287.STM2078	57.7	53
60269203	99287.STM4556	57.3	96
60269057	99287.STM4405	57.2	37
60264844	99287.STM0049	57.2	62
60267866	99287.STM3161	57.1	70
60265287	99287.STM0502	57.1	37
60265312	99287.STM0527	57.0	104
60268188	99287.STM3495	56.9	91
60266424	99287.STM1676	56.9	79
60267685	99287.STM2976	56.9	155
60268628	99287.STM3952	56.7	85
60265925	99287.STM1164	56.6	44
60265993	99287.STM1233	56.5	44
60269062	99287.STM4410	56.3	239
60266782	99287.STM2047	56.2	56
60267133	99287.STM2402	56.1	82
60266012	99287.STM1255	55.9	113
60267709	99287.STM3002	55.9	59
60265021	99287.STM0226	55.9	48
60265099	99287.STM0311	55.6	43
60269131	99287.STM4480	55.6	65
60266705	99287.STM1962	55.5	31
60266711	99287.STM1968	55.5	22
60265728	99287.STM0962	55.4	93
60266262	99287.STM1512	55.4	155
60265219	99287.STM0434	55.3	67
60265557	99287.STM0788	55.3	81
60266620	99287.STM1873	55.3	35
60269155	99287.STM4505	55.1	32
60265832	99287.STM1068	54.9	104
60268256	99287.STM3565	54.9	33
60267394	99287.STM2674	54.8	57
60266904	99287.STM2169	54.8	14
60264883	99287.STM0088	54.8	54
60268728	99287.STM4056	54.7	67
60266472	99287.STM1723	54.5	75
60268829	99287.STM4169	54.3	58
60267697	99287.STM2988	54.0	65
60268422	99287.STM3732	53.9	35
60267019	99287.STM2287	53.8	58
60265241	99287.STM0455	53.8	64
60265949	99287.STM1189	53.8	60
60268730	99287.STM4058	53.5	88
60268876	99287.STM4220	53.4	107
60267672	99287.STM2961	53.4	92
60268962	99287.STM4306	53.3	27
60268260	99287.STM3569	53.3	71
60265414	99287.STM0632	53.2	14
60267100	99287.STM2368	53.0	51
60266061	99287.STM1305	52.9	82
60269229	99287.STM4582	52.9	116
60267062	99287.STM2330	52.9	54
60267296	99287.STM2571	52.8	59
60264840	99287.STM0045	52.7	72
60267374	99287.STM2649	52.6	34
60267922	99287.STM3218	52.6	73
60266941	99287.STM2206	52.5	80
60265566	99287.STM0798	52.5	101
60268480	99287.STM3791	52.4	68
60264885	99287.STM0090	52.3	78
60265757	99287.STM0992	52.2	100
60267363	99287.STM2638	52.2	55
60266983	99287.STM2250	52.2	92
60268506	99287.STM3815	52.2	92
60265488	99287.STM0713	52.2	54
60265756	99287.STM0991	52.1	33
60265283	99287.STM0498	52.1	102
60266025	99287.STM1269	52.1	33
60266371	99287.STM1622	52.1	130
60266636	99287.STM1889	51.9	59
60268485	99287.STM3796	51.3	105
60267365	99287.STM2640	51.3	28
60267770	99287.STM3064	51.3	38
60264865	99287.STM0070	51.1	39
60268114	99287.STM3420	51.0	75
60266939	99287.STM2204	51.0	103
60268406	99287.STM3716	51.0	28
60266634	99287.STM1887	50.8	85
60265041	99287.STM0247	50.7	66
60265453	99287.STM0671	50.6	78
60268244	99287.STM3553	50.6	43
60265003	99287.STM0208	50.3	71
60268773	99287.STM4101	50.1	200
60269144	99287.STM4494	49.9	80
60265397	99287.STM0615	49.6	96
60266874	99287.STM2140	49.6	46
60266686	99287.STM1940	49.4	115
60266347	99287.STM1598	49.2	75
60268242	99287.STM3551	49.2	139
60268315	99287.STM3624	49.1	80
60267878	99287.STM3173	49.0	54
60268030	99287.STM3330	48.7	248
60268280	99287.STM3589	48.6	63
60266225	99287.STM1475	48.6	60
60268451	99287.STM3762	48.5	23
60267969	99287.STM3266	48.5	48
60266432	99287.STM1684	48.4	56
60269177	99287.STM4527	48.3	41
60266493	99287.STM1744	48.3	20
60268103	99287.STM3409	48.2	94
60268844	99287.STM4188	48.2	245
60265754	99287.STM0989	48.2	58
60264889	99287.STM0094	48.0	67
60267886	99287.STM3181	47.8	119
60266603	99287.STM1857	47.8	23
60268949	99287.STM4293	47.7	91
60265279	99287.STM0494	47.7	107
60264964	99287.STM0169	47.6	107
60265291	99287.STM0506	47.5	67
60268295	99287.STM3604	47.5	79
60268351	99287.STM3661	47.5	79
60268754	99287.STM4082	47.4	22
60269150	99287.STM4500	47.2	110
60268828	99287.STM4168	47.0	30
60266208	99287.STM1455	47.0	52
60268357	99287.STM3667	47.0	43
60269223	99287.STM4576	46.9	69
60266455	99287.STM1706	46.9	14
60265569	99287.STM0801	46.8	49
60268886	99287.STM4230	46.8	62
60265556	99287.STM0787	46.7	72
60267237	99287.STM2512	46.6	80
60269032	99287.STM4380	46.6	51
60268482	99287.STM3793	46.6	65
60267581	99287.STM2870	46.5	50
60267021	99287.STM2289	46.5	25
60265218	99287.STM0433	46.5	34
60268463	99287.STM3774	46.4	22
60266291	99287.STM1541	46.4	38
60265143	99287.STM0358	46.4	158
60265457	99287.STM0682	46.3	92
60268994	99287.STM4339	46.3	35
60267799	99287.STM3093	46.2	43
60266544	99287.STM1798	46.2	52
60267696	99287.STM2987	46.1	43
60267284	99287.STM2559	46.1	136
60268897	99287.STM4241	46.1	29
60268396	99287.STM3706	46.0	58
60266062	99287.STM1306	46.0	75
60265254	99287.STM0469	46.0	19
60267169	99287.STM2444	45.8	64
60266786	99287.STM2051	45.8	72
60266199	99287.STM1446	45.7	55
60269059	99287.STM4407	45.7	77
60266912	99287.STM2177	45.5	41
60267548	99287.STM2837	45.5	44
60269137	99287.STM4486	45.5	68
60269012	99287.STM4360	45.4	45
60268803	99287.STM4138	45.4	52
60269145	99287.STM4495	45.3	187
60266380	99287.STM1631	45.3	94
60268177	99287.STM3484	45.2	39
60268432	99287.STM3742	45.1	141
60267748	99287.STM3042	45.0	91
60266855	99287.STM2120	44.9	134
60266337	99287.STM1588	44.9	42
60268411	99287.STM3721	44.8	39
60266307	99287.STM1558	44.5	136
60268603	99287.STM3922	44.5	56
60268206	99287.STM3513	44.5	100
60266525	99287.STM1779	44.5	40
60265664	99287.STM0898	44.3	44
60266866	99287.STM2131	44.3	38
60266382	99287.STM1633	44.3	47
60268623	99287.STM3947	44.2	31
60269174	99287.STM4524	44.2	79
60268564	99287.STM3874	44.2	96
60269199	99287.STM4549	44.2	38
60265864	99287.STM1101	44.2	64
60268258	99287.STM3567	44.2	56
60266508	99287.STM1762	44.1	47
60265933	99287.STM1172	44.1	11
60266641	99287.STM1894	44.0	59
60268013	99287.STM3313	44.0	47
60267542	99287.STM2831	43.8	67
60265588	99287.STM0820	43.5	68
60268499	99287.STM3808	43.5	26
60268342	99287.STM3651	43.5	22
60268799	99287.STM4129	43.4	68
60269031	99287.STM4379	43.3	34
60266153	99287.STM1398	43.3	24
60266044	99287.STM1288	43.2	51
60266919	99287.STM2184	43.1	31
60268102	99287.STM3408	43.1	41
60264835	99287.STM0040	43.0	70
60268017	99287.STM3317	43.0	29
60267080	99287.STM2348	43.0	41
60266249	99287.STM1499	42.9	459
60267088	99287.STM2356	42.8	43
60265707	99287.STM0940	42.8	62
60268632	99287.STM3956	42.7	21
60268196	99287.STM3503	42.7	22
60268334	99287.STM3643	42.4	36
60268992	99287.STM4337	42.4	23
60266995	99287.STM2262	42.3	43
60268954	99287.STM4298	42.3	76
60267689	99287.STM2980	42.2	58
60265644	99287.STM0877	41.9	67
60268801	99287.STM4131	41.8	71
60265352	99287.STM0570	41.8	65
60267919	99287.STM3215	41.7	26
60269124	99287.STM4473	41.7	19
60265941	99287.STM1180	41.7	47
60268569	99287.STM3879	41.4	78
60267076	99287.STM2344	41.3	27
60267953	99287.STM3250	41.3	96
60267121	99287.STM2389	41.1	66
60267484	99287.STM2767	41.1	113
60268049	99287.STM3349	41.0	45
60267016	99287.STM2284	40.9	86
60267250	99287.STM2525	40.8	66
60266654	99287.STM1907	40.8	47
60265966	99287.STM1206	40.7	13
60265106	99287.STM0319	40.5	28
60266766	99287.STM2031	40.5	39
60267096	99287.STM2364	40.5	47
60266360	99287.STM1611	40.4	43
60268933	99287.STM4277	40.4	79
60268916	99287.STM4260	40.3	55
60267408	99287.STM2688	40.0	26
60267882	99287.STM3177	39.8	25
60265723	99287.STM0957	39.7	67
60268385	99287.STM3695	39.5	31
60265326	99287.STM0541	39.5	12
60269033	99287.STM4381	39.5	47
60267054	99287.STM2322	39.4	44
60264940	99287.STM0145	39.2	40
60267288	99287.STM2563	39.2	18
60264954	99287.STM0159	39.2	38
60269148	99287.STM4498	39.0	36
60268071	99287.STM3371	39.0	27
60264916	99287.STM0121	38.9	20
60264908	99287.STM0113	38.9	85
60269073	99287.STM4421	38.9	78
60267762	99287.STM3056	38.9	52
60268106	99287.STM3412	38.9	24
60268409	99287.STM3719	38.8	46
60267136	99287.STM2405	38.4	77
60265256	99287.STM0471	38.3	13
60267955	99287.STM3252	38.3	35
60266433	99287.STM1685	38.1	52
60267923	99287.STM3219	38.1	107
60266564	99287.STM1818	38.0	76
60266753	99287.STM2018	38.0	14
60266243	99287.STM1493	38.0	42
60266650	99287.STM1903	38.0	38
60267266	99287.STM2541	37.9	20
60266298	99287.STM1548	37.8	62
60266308	99287.STM1559	37.8	136
60269130	99287.STM4479	37.7	52
60269247	99287.STM4600	37.6	24
60267376	99287.STM2651	37.6	138
60266629	99287.STM1882	37.6	7
60267927	99287.STM3223	37.5	31
60267737	99287.STM3030	37.3	35
60265706	99287.STM0939	37.3	66
60267546	99287.STM2835	37.2	45
60267257	99287.STM2532	37.2	223
60265176	99287.STM0391	37.1	24
60265609	99287.STM0842	37.1	45
60265726	99287.STM0960	37.0	94
60267017	99287.STM2285	36.9	66
60265172	99287.STM0387	36.9	19
60267586	99287.STM2875	36.9	41
60266297	99287.STM1547	36.8	15
60266872	99287.STM2138	36.7	20
60267119	99287.STM2387	36.7	12
60267864	99287.STM3159	36.4	33
60266972	99287.STM2239	36.2	19
60266676	99287.STM1929	36.2	39
60267863	99287.STM3158	36.2	7
60267227	99287.STM2502	36.1	79
60266224	99287.STM1473	36.1	265
60268395	99287.STM3705	36.1	44
60268434	99287.STM3744	36.0	74
60266301	99287.STM1551	35.9	26
60267688	99287.STM2979	35.8	40
60268202	99287.STM3509	35.7	37
60267573	99287.STM2862	35.6	38
60269107	99287.STM4456	35.5	91
60266309	99287.STM1560	35.4	80
60267687	99287.STM2978	35.3	19
60265936	99287.STM1175	35.1	25
60266391	99287.STM1642	35.0	31
60264886	99287.STM0091	34.7	41
60265863	99287.STM1100	34.7	18
60269101	99287.STM4449	34.5	5
60268235	99287.STM3544	34.5	40
60266326	99287.STM1577	34.4	362
60267023	99287.STM2291	34.4	50
60266423	99287.STM1675	34.4	36
60268664	99287.STM3993	34.4	13
60268614	99287.STM3937	34.2	25
60267668	99287.STM2957	34.0	61
60268060	99287.STM3360	34.0	24
60265824	99287.STM1060	34.0	52
60267652	99287.STM2941	34.0	40
60267215	99287.STM2490	33.6	23
60265847	99287.STM1083	33.6	14
60268766	99287.STM4094	33.5	49
60268001	99287.STM3300	33.5	69
60266947	99287.STM2213	33.3	45
60268373	99287.STM3683	33.2	54
60268148	99287.STM3454	33.1	12
60266630	99287.STM1883	33.1	51
60266040	99287.STM1284	33.0	47
60264986	99287.STM0191	32.9	106
60267945	99287.STM3241	32.8	245
60267699	99287.STM2992	32.7	47
60266962	99287.STM2228	32.6	74
60267710	99287.STM3003	32.5	76
60268667	99287.STM3996	32.5	47
60265341	99287.STM0558	32.4	23
60266221	99287.STM1470	32.3	36
60269063	99287.STM4411	32.3	19
60267888	99287.STM3183	32.2	43
60266557	99287.STM1811	32.2	15
60268237	99287.STM3546	32.1	17
60266403	99287.STM1654	32.1	43
60269158	99287.STM4508	32.1	35
60267773	99287.STM3067	32.1	51
60265174	99287.STM0389	31.9	6
60265740	99287.STM0975	31.9	70
60267274	99287.STM2549	31.6	30
60268162	99287.STM3469	31.6	30
60267112	99287.STM2380	31.6	10
60267890	99287.STM3185	31.5	25
60266173	99287.STM1418	31.5	25
60265819	99287.STM1055	31.4	43
60265699	99287.STM0932	31.3	34
60268318	99287.STM3626	31.3	33
60267717	99287.STM3010	31.2	82
60269141	99287.STM4491	31.0	70
60269053	99287.STM4401	31.0	28
60266278	99287.STM1528	31.0	28
60266413	99287.STM1664	31.0	13
60265051	99287.STM0263	30.9	24
60267743	99287.STM3036	30.8	29
60269019	99287.STM4367	30.7	15
60265298	99287.STM0513	30.7	41
60267127	99287.STM2396	30.5	22
60265277	99287.STM0492	30.4	65
60266331	99287.STM1582	30.4	32
60267203	99287.STM2478	30.4	38
60267763	99287.STM3057	30.4	35
60266988	99287.STM2255	30.2	26
60268802	99287.STM4137	30.1	36
60268610	99287.STM3929	30.1	27
60268946	99287.STM4290	30.0	36
60266886	99287.STM2152	30.0	15
60265980	99287.STM1220	29.9	46
60265156	99287.STM0371	29.7	72
60265052	99287.STM0264	29.7	17
60265839	99287.STM1075	29.6	83
60266494	99287.STM1745	29.6	34
60267645	99287.STM2934	29.6	55
60265568	99287.STM0800	29.6	76
60266292	99287.STM1542	29.5	36
60267844	99287.STM3139	29.5	68
60266126	99287.STM1371	29.5	29
60266474	99287.STM1725	29.5	46
60268834	99287.STM4174	29.4	28
60266566	99287.STM1820	29.2	24
60266264	99287.STM1514	29.2	20
60268083	99287.STM3383	29.2	11
60267808	99287.STM3102	29.2	11
60265959	99287.STM1199	29.2	33
60269204	99287.STM4557	29.0	19
60265263	99287.STM0478	28.9	95
60264978	99287.STM0183	28.9	15
60266400	99287.STM1651	28.9	125
60267635	99287.STM2924	28.7	26
60266653	99287.STM1906	28.5	49
60267680	99287.STM2970	28.5	34
60267265	99287.STM2540	28.5	19
60268483	99287.STM3794	28.4	27
60265313	99287.STM0528	28.2	32
60268046	99287.STM3346	28.2	45
60265240	99287.STM0454	28.2	20
60266808	99287.STM2073	28.2	48
60268652	99287.STM3976	28.1	31
60267615	99287.STM2904	28.1	10
60267646	99287.STM2935	28.1	28
60267797	99287.STM3091	28.0	50
60267281	99287.STM2556	28.0	27
60265558	99287.STM0789	28.0	20
60269029	99287.STM4377	28.0	52
60264957	99287.STM0162	28.0	53
60269087	99287.STM4435	28.0	28
60266408	99287.STM1659	28.0	17
60264914	99287.STM0119	28.0	19
60266545	99287.STM1799	27.9	18
60266439	99287.STM1691	27.9	32
60266248	99287.STM1498	27.8	395
60266473	99287.STM1724	27.8	53
60268608	99287.STM3927	27.8	45
60267657	99287.STM2946	27.8	24
60266390	99287.STM1641	27.8	126
60268917	99287.STM4261	27.7	600
60266103	99287.STM1347	27.7	34
60267498	99287.STM2782	27.5	30
60268797	99287.STM4127	27.5	18
60268474	99287.STM3785	27.5	17
60268408	99287.STM3718	27.5	51
60266788	99287.STM2053	27.4	43
60266951	99287.STM2217	27.3	30
60266820	99287.STM2085	27.3	32
60266987	99287.STM2254	27.3	60
60268510	99287.STM3819	27.3	60
60266817	99287.STM2082	26.8	53
60265024	99287.STM0229	26.7	47
60264932	99287.STM0137	26.7	15
60267526	99287.STM2810	26.7	11
60267025	99287.STM2293	26.5	45
60265860	99287.STM1097	26.4	13
60265612	99287.STM0845	26.4	31
60269013	99287.STM4361	26.3	11
60265446	99287.STM0664	26.3	30
60266361	99287.STM1612	26.2	46
60266444	99287.STM1696	26.2	25
60268542	99287.STM3852	26.2	22
60266368	99287.STM1619	26.2	12
60267698	99287.STM2991	26.0	39
60267826	99287.STM3121	26.0	26
60267032	99287.STM2300	26.0	24
60267745	99287.STM3039	25.9	20
60268627	99287.STM3951	25.8	66
60268442	99287.STM3753	25.7	32
60265503	99287.STM0728	25.6	29
60266440	99287.STM1692	25.6	65
60268402	99287.STM3712	25.6	29
60266953	99287.STM2219	25.5	59
60268058	99287.STM3358	25.5	25
60268772	99287.STM4100	25.5	37
60265292	99287.STM0507	25.3	32
60266660	99287.STM1913	25.3	66
60267691	99287.STM2982	25.2	33
60267541	99287.STM2830	25.1	21
60265547	99287.STM0778	25.1	56
60267165	99287.STM2440	25.1	27
60266446	99287.STM1698	25.0	30
60266655	99287.STM1908	25.0	20
60266330	99287.STM1581	24.8	29
60267777	99287.STM3071	24.8	12
60268233	99287.STM3542	24.8	15
60266049	99287.STM1293	24.7	11
60267979	99287.STM3276	24.6	31
60268263	99287.STM3572	24.6	10
60266149	99287.STM1394	24.5	44
60265750	99287.STM0985	24.4	33
60267683	99287.STM2973	24.4	35
60267818	99287.STM3112	24.4	31
60265614	99287.STM0847	24.3	48
60269048	99287.STM4396	24.3	21
60266971	99287.STM2238	24.2	31
60267001	99287.STM2269	24.2	85
60266892	99287.STM2157	24.0	15
60268313	99287.STM3622	24.0	53
60264905	99287.STM0110	23.9	12
60264926	99287.STM0131	23.9	27
60267233	99287.STM2508	23.8	6
60268923	99287.STM4267	23.8	28
60266763	99287.STM2028	23.7	34
60265384	99287.STM0602	23.6	29
60265349	99287.STM0567	23.6	26
60264912	99287.STM0117	23.5	11
60265362	99287.STM0580	23.5	9
60266121	99287.STM1366	23.4	13
60267293	99287.STM2568	23.4	18
60269157	99287.STM4507	23.4	25
60266690	99287.STM1947	23.4	22
60265717	99287.STM0951	23.4	23
60266280	99287.STM1530	23.2	230
60265553	99287.STM0784	23.1	28
60264983	99287.STM0188	23.0	12
60268686	99287.STM4015	23.0	21
60264982	99287.STM0187	23.0	15
60268676	99287.STM4005	22.9	44
60267693	99287.STM2984	22.9	31
60268665	99287.STM3994	22.9	13
60269104	99287.STM4452	22.8	55
60266730	99287.STM1989	22.7	15
60265979	99287.STM1219	22.7	24
60269011	99287.STM4359	22.7	45
60267722	99287.STM3015	22.5	28
60268223	99287.STM3532	22.5	21
60266761	99287.STM2026	22.4	21
60269176	99287.STM4526	22.4	82
60266206	99287.STM1453	22.4	21
60266595	99287.STM1849	22.4	82
60265848	99287.STM1084	22.3	12
60267400	99287.STM2680	22.3	13
60269099	99287.STM4447	22.3	22
60265477	99287.STM0702	22.2	16
60266981	99287.STM2248	22.2	56
60268504	99287.STM3813	22.2	56
60267965	99287.STM3262	22.2	14
60268974	99287.STM4318	22.1	16
60269226	99287.STM4579	22.1	57
60267765	99287.STM3059	21.9	15
60267160	99287.STM2435	21.8	34
60266639	99287.STM1892	21.8	21
60267506	99287.STM2790	21.8	34
60268943	99287.STM4287	21.7	9
60266300	99287.STM1550	21.7	7
60267682	99287.STM2972	21.6	23
60268647	99287.STM3971	21.6	10
60267616	99287.STM2905	21.6	16
60266550	99287.STM1804	21.4	31
60268578	99287.STM3888	21.4	18
60265334	99287.STM0549	21.4	19
60266954	99287.STM2220	21.3	14
60268057	99287.STM3357	21.3	23
60265295	99287.STM0510	21.2	18
60266260	99287.STM1510	21.1	23
60266256	99287.STM1506	21.1	22
60266019	99287.STM1263	21.0	18
60265183	99287.STM0398	20.9	32
60268222	99287.STM3531	20.9	43
60268167	99287.STM3474	20.8	67
60265015	99287.STM0220	20.8	34
60265422	99287.STM0640	20.8	55
60267340	99287.STM2614	20.7	18
60268464	99287.STM3775	20.6	36
60267757	99287.STM3051	20.6	52
60266946	99287.STM2212	20.6	31
60268961	99287.STM4305	20.6	51
60268168	99287.STM3475	20.5	13
60266717	99287.STM1974	20.4	20
60265018	99287.STM0223	20.4	30
60268677	99287.STM4006	20.4	28
60266457	99287.STM1708	20.3	31
60268579	99287.STM3897	20.2	25
60265092	99287.STM0304	20.2	21
60265175	99287.STM0390	20.2	11
60268903	99287.STM4247	20.1	30
60268982	99287.STM4327	20.1	10
60266157	99287.STM1402	20.0	12
60268163	99287.STM3470	20.0	20
60267767	99287.STM3061	20.0	16
60266335	99287.STM1586	19.9	29
60268519	99287.STM3828	19.9	26
60267803	99287.STM3097	19.9	8
60265986	99287.STM1226	19.9	39
60265615	99287.STM0848	19.8	53
60266689	99287.STM1946	19.8	41
60266169	99287.STM1414	19.7	31
60265199	99287.STM0414	19.6	15
60267726	99287.STM3019	19.5	28
60268740	99287.STM4068	19.3	22
60267045	99287.STM2313	19.3	19
60265760	99287.STM0995	19.3	35
60267282	99287.STM2557	19.1	38
60265709	99287.STM0942	19.1	52
60264875	99287.STM0080	19.1	6
60267630	99287.STM2919	19.1	23
60268473	99287.STM3784	19.1	14
60268371	99287.STM3681	19.0	29
60268339	99287.STM3648	19.0	5
60269193	99287.STM4543	19.0	14
60264830	99287.STM0035	19.0	31
60266195	99287.STM1442	18.9	22
60265634	99287.STM0867	18.9	13
60269147	99287.STM4497	18.9	13
60268407	99287.STM3717	18.8	20
60268450	99287.STM3761	18.8	19
60268307	99287.STM3616	18.7	97
60267081	99287.STM2349	18.7	12
60266790	99287.STM2055	18.6	9
60265308	99287.STM0523	18.6	23
60267225	99287.STM2500	18.6	19
60269050	99287.STM4398	18.5	35
60266736	99287.STM1995	18.5	122
60266310	99287.STM1561	18.4	23
60268527	99287.STM3836	18.4	31
60267013	99287.STM2281	18.4	27
60266760	99287.STM2025	18.3	24
60265087	99287.STM0299	18.3	8
60267471	99287.STM2754	18.1	21
60266765	99287.STM2030	18.1	15
60268576	99287.STM3886	18.1	19
60267651	99287.STM2940	18.1	12
60268502	99287.STM3811	18.0	28
60265426	99287.STM0644	18.0	26
60266729	99287.STM1988	18.0	6
60268566	99287.STM3876	17.9	12
60265631	99287.STM0864	17.9	22
60268241	99287.STM3550	17.8	15
60265995	99287.STM1235	17.8	13
60267093	99287.STM2361	17.7	32
60268152	99287.STM3458	17.6	13
60267877	99287.STM3172	17.5	51
60268063	99287.STM3363	17.5	8
60264884	99287.STM0089	17.5	8
60267530	99287.STM2814	17.4	32
60268299	99287.STM3608	17.3	18
60267684	99287.STM2974	17.3	18
60265385	99287.STM0603	17.3	25
60268536	99287.STM3846	17.3	18
60269038	99287.STM4386	17.2	20
60268350	99287.STM3660	17.2	31
60265416	99287.STM0634	17.1	23
60266821	99287.STM2086	17.1	23
60269002	99287.STM4347	17.0	65
60266716	99287.STM1973	17.0	6
60267129	99287.STM2398	16.9	15
60264917	99287.STM0122	16.8	46
60266860	99287.STM2125	16.8	24
60266854	99287.STM2119	16.8	32
60268335	99287.STM3644	16.7	52
60265005	99287.STM0210	16.7	34
60266727	99287.STM1986	16.7	11
60266787	99287.STM2052	16.7	15
60268595	99287.STM3913	16.6	36
60264984	99287.STM0189	16.5	60
60267041	99287.STM2309	16.5	35
60268845	99287.STM4189	16.4	29
60265843	99287.STM1079	16.3	9
60268590	99287.STM3908	16.3	22
60268024	99287.STM3324	16.3	8
60267838	99287.STM3133	16.3	17
60266258	99287.STM1508	16.3	61
60265958	99287.STM1198	16.3	21
60267042	99287.STM2310	16.1	22
60266127	99287.STM1372	16.0	25
60268012	99287.STM3312	16.0	18
60266547	99287.STM1801	15.9	35
60266251	99287.STM1501	15.9	20
60268386	99287.STM3696	15.8	21
60267176	99287.STM2451	15.8	12
60268326	99287.STM3635	15.8	33
60267944	99287.STM3240	15.8	41
60266982	99287.STM2249	15.7	92
60268505	99287.STM3814	15.7	92
60266778	99287.STM2043	15.6	30
60265593	99287.STM0826	15.6	23
60268887	99287.STM4231	15.6	35
60265427	99287.STM0645	15.6	10
60265413	99287.STM0631	15.6	21
60268732	99287.STM4060	15.5	8
60268826	99287.STM4166	15.5	21
60268416	99287.STM3726	15.5	13
60265916	99287.STM1155	15.5	23
60267744	99287.STM3038	15.5	15
60268255	99287.STM3564	15.5	28
60266649	99287.STM1902	15.5	18
60267111	99287.STM2379	15.5	48
60267750	99287.STM3044	15.4	17
60266128	99287.STM1373	15.4	35
60267638	99287.STM2927	15.4	14
60267482	99287.STM2765	15.3	4
60268324	99287.STM3632	15.3	21
60267676	99287.STM2965	15.3	8
60267192	99287.STM2467	15.3	17
60265997	99287.STM1237	15.2	11
60268748	99287.STM4076	15.2	11
60265016	99287.STM0221	15.1	13
60265417	99287.STM0635	15.1	15
60266789	99287.STM2054	15.1	11
60266101	99287.STM1345	15.0	19
60267971	99287.STM3268	15.0	16
60266915	99287.STM2180	15.0	15
60268583	99287.STM3901	14.8	25
60266294	99287.STM1544	14.8	25
60268228	99287.STM3537	14.7	40
60266332	99287.STM1583	14.6	13
60267666	99287.STM2955	14.6	5
60269231	99287.STM4584	14.5	12
60266327	99287.STM1578	14.4	77
60268918	99287.STM4262	14.4	37
60265721	99287.STM0955	14.3	26
60267140	99287.STM2409	14.2	23
60266950	99287.STM2216	14.2	28
60266733	99287.STM1992	14.2	28
60265935	99287.STM1174	14.0	6
60267669	99287.STM2958	14.0	52
60265942	99287.STM1181	13.9	20
60265215	99287.STM0430	13.9	7
60266507	99287.STM1761	13.9	19
60266054	99287.STM1298	13.9	29
60265448	99287.STM0666	13.9	35
60268073	99287.STM3373	13.8	20
60265892	99287.STM1130	13.7	26
60265180	99287.STM0395	13.7	57
60267113	99287.STM2381	13.6	13
60267659	99287.STM2948	13.5	33
60267038	99287.STM2306	13.5	28
60265565	99287.STM0797	13.5	7
60265711	99287.STM0944	13.4	5
60266511	99287.STM1765	13.4	18
60265930	99287.STM1169	13.4	14
60265977	99287.STM1217	13.3	26
60267569	99287.STM2858	13.3	20
60267191	99287.STM2466	13.2	13
60268020	99287.STM3320	13.1	16
60265346	99287.STM0564	13.1	28
60269134	99287.STM4483	13.0	8
60267909	99287.STM3204	13.0	20
60266076	99287.STM1320	13.0	25
60268594	99287.STM3912	12.9	38
60266785	99287.STM2050	12.8	17
60269211	99287.STM4564	12.8	12
60269142	99287.STM4492	12.7	42
60266926	99287.STM2191	12.7	23
60265909	99287.STM1148	12.6	24
60266135	99287.STM1380	12.5	20
60268695	99287.STM4024	12.5	10
60266414	99287.STM1665	12.5	11
60264903	99287.STM0108	12.5	17
60266073	99287.STM1317	12.4	11
60265862	99287.STM1099	12.4	27
60268383	99287.STM3693	12.4	17
60268245	99287.STM3554	12.3	22
60266910	99287.STM2175	12.3	27
60268645	99287.STM3969	12.2	30
60268572	99287.STM3882	12.2	26
60267924	99287.STM3220	12.2	24
60266940	99287.STM2205	12.1	18
60269182	99287.STM4532	12.1	40
60268913	99287.STM4257	12.1	8
60266210	99287.STM1457	12.0	33
60265867	99287.STM1104	12.0	5
60266459	99287.STM1710	12.0	14
60265791	99287.STM1026	11.9	7
60268189	99287.STM3496	11.9	13
60266072	99287.STM1316	11.9	27
60268944	99287.STM4288	11.9	12
60266552	99287.STM1806	11.9	24
60265031	99287.STM0236	11.9	24
60265330	99287.STM0545	11.9	11
60268462	99287.STM3773	11.9	43
60268460	99287.STM3771	11.8	6
60266626	99287.STM1879	11.8	30
60269213	99287.STM4566	11.8	30
60265363	99287.STM0581	11.7	11
60266503	99287.STM1754	11.7	16
60268284	99287.STM3593	11.7	12
60267976	99287.STM3273	11.7	7
60267092	99287.STM2360	11.7	18
60266255	99287.STM1505	11.6	25
60265889	99287.STM1127	11.6	13
60267187	99287.STM2462	11.5	13
60267911	99287.STM3206	11.5	7
60265866	99287.STM1103	11.5	12
60265145	99287.STM0360	11.5	14
60267040	99287.STM2308	11.4	9
60268959	99287.STM4303	11.4	18
60268624	99287.STM3948	11.3	10
60267050	99287.STM2318	11.3	28
60266238	99287.STM1488	11.3	17
60268735	99287.STM4063	11.2	11
60265026	99287.STM0231	11.1	55
60268767	99287.STM4095	11.1	42
60269161	99287.STM4511	11.0	15
60268453	99287.STM3764	11.0	17
60268194	99287.STM3501	11.0	22
60266234	99287.STM1484	11.0	8
60267906	99287.STM3201	11.0	42
60268709	99287.STM4038	11.0	13
60265302	99287.STM0517	11.0	18
60265700	99287.STM0933	10.9	18
60265773	99287.STM1008	10.9	32
60267358	99287.STM2633	10.9	32
60267289	99287.STM2564	10.9	18
60267610	99287.STM2899	10.8	10
60265704	99287.STM0937	10.7	27
60267175	99287.STM2450	10.7	12
60269010	99287.STM4358	10.7	24
60265047	99287.STM0259	10.7	12
60268792	99287.STM4121	10.7	21
60264876	99287.STM0081	10.6	9
60267720	99287.STM3013	10.6	25
60266898	99287.STM2163	10.6	13
60265784	99287.STM1019	10.5	6
60267346	99287.STM2621	10.5	6
60268382	99287.STM3692	10.5	24
60266783	99287.STM2048	10.5	5
60266527	99287.STM1781	10.4	15
60269224	99287.STM4577	10.4	9
60265939	99287.STM1178	10.4	10
60268069	99287.STM3369	10.3	52
60268279	99287.STM3588	10.3	17
60266531	99287.STM1785	10.3	12
60266488	99287.STM1739	10.3	20
60268653	99287.STM3977	10.3	12
60267221	99287.STM2496	10.2	7
60267568	99287.STM2857	10.2	15
60269205	99287.STM4558	10.1	8
60265581	99287.STM0813	10.1	8
60265585	99287.STM0817	10.1	17
60265934	99287.STM1173	10.0	10
60267166	99287.STM2441	9.94	15
60268302	99287.STM3611	9.92	12
60269082	99287.STM4430	9.88	27
60269188	99287.STM4538	9.87	15
60265009	99287.STM0214	9.81	41
60266877	99287.STM2143	9.75	13
60266695	99287.STM1952	9.62	11
60265596	99287.STM0829	9.62	21
60266353	99287.STM1604	9.59	19
60268403	99287.STM3713	9.58	31
60268433	99287.STM3743	9.56	9
60266241	99287.STM1491	9.52	13
60267950	99287.STM3247	9.52	14
60268952	99287.STM4296	9.51	22
60266017	99287.STM1260	9.39	19
60267915	99287.STM3210	9.38	20
60268833	99287.STM4173	9.35	15
60267702	99287.STM2995	9.33	33
60266574	99287.STM1828	9.32	17
60267670	99287.STM2959	9.31	13
60268308	99287.STM3617	9.28	13
60266283	99287.STM1533	9.26	12
60264980	99287.STM0185	9.25	11
60265310	99287.STM0525	9.23	16
60266502	99287.STM1753	9.23	11
60267018	99287.STM2286	9.21	12
60265583	99287.STM0815	9.12	8
60266894	99287.STM2159	9.11	20
60268319	99287.STM3627	9.09	13
60265354	99287.STM0572	9.09	19
60265587	99287.STM0819	9.0	8
60268199	99287.STM3506	8.99	19
60265094	99287.STM0306	8.82	11
60266205	99287.STM1452	8.77	20
60266333	99287.STM1584	8.76	14
60267675	99287.STM2964	8.74	9
60267161	99287.STM2436	8.6	13
60265837	99287.STM1073	8.56	25
60265851	99287.STM1088	8.56	13
60266318	99287.STM1569	8.52	10
60268038	99287.STM3338	8.5	12
60267608	99287.STM2897	8.43	9
60266822	99287.STM2087	8.41	16
60265371	99287.STM0589	8.32	17
60264911	99287.STM0116	8.3	19
60266585	99287.STM1839	8.29	4
60265320	99287.STM0535	8.21	11
60265679	99287.STM0912	8.19	17
60266100	99287.STM1344	8.15	8
60265244	99287.STM0458	8.14	13
60267184	99287.STM2459	8.11	16
60266177	99287.STM1422	8.04	9
60267003	99287.STM2271	7.94	35
60266563	99287.STM1817	7.89	14
60267820	99287.STM3114	7.81	34
60267115	99287.STM2383	7.81	11
60265162	99287.STM0377	7.78	8
60265984	99287.STM1224	7.78	9
60266596	99287.STM1850	7.77	18
60266372	99287.STM1623	7.73	20
60267205	99287.STM2480	7.72	17
60269139	99287.STM4489	7.7	36
60267162	99287.STM2437	7.69	7
60265561	99287.STM0793	7.69	13
60266274	99287.STM1524	7.65	13
60265562	99287.STM0794	7.64	12
60266190	99287.STM1437	7.56	7
60266672	99287.STM1925	7.54	4
60265044	99287.STM0256	7.49	11
60266770	99287.STM2035	7.46	19
60269184	99287.STM4534	7.4	30
60268208	99287.STM3515	7.38	26
60265340	99287.STM0557	7.35	13
60268355	99287.STM3665	7.34	8
60268925	99287.STM4269	7.3	12
60267701	99287.STM2994	7.29	24
60269166	99287.STM4516	7.24	15
60267898	99287.STM3193	7.21	5
60265408	99287.STM0626	7.19	7
60265917	99287.STM1156	7.18	8
60265532	99287.STM0762	7.12	11
60268475	99287.STM3786	7.12	6
60268160	99287.STM3467	7.1	19
60268358	99287.STM3668	7.04	7
60267940	99287.STM3236	7.03	12
60265608	99287.STM0841	7.0	15
60265975	99287.STM1215	6.98	11
60268481	99287.STM3792	6.97	8
60267788	99287.STM3082	6.95	10
60267544	99287.STM2833	6.94	9
60265428	99287.STM0646	6.92	8
60268541	99287.STM3851	6.92	8
60267724	99287.STM3017	6.82	7
60267948	99287.STM3244	6.78	15
60268492	99287.STM3800	6.72	11
60266112	99287.STM1356	6.71	8
60265332	99287.STM0547	6.68	7
60268075	99287.STM3375	6.67	16
60268777	99287.STM4105	6.67	10
60266581	99287.STM1835	6.66	8
60266144	99287.STM1389	6.62	8
60266512	99287.STM1766	6.6	10
60268155	99287.STM3462	6.58	9
60268926	99287.STM4270	6.57	7
60266980	99287.STM2247	6.56	20
60269077	99287.STM4425	6.55	12
60265181	99287.STM0396	6.54	13
60268524	99287.STM3833	6.5	12
60265296	99287.STM0511	6.45	8
60266134	99287.STM1379	6.37	10
60267077	99287.STM2345	6.36	6
60266754	99287.STM2019	6.35	15
60268363	99287.STM3673	6.29	7
60267816	99287.STM3110	6.19	8
60268495	99287.STM3803	6.18	5
60265769	99287.STM1004	6.17	8
60268277	99287.STM3586	6.12	21
60265246	99287.STM0460	6.06	17
60265744	99287.STM0979	5.9	4
60268935	99287.STM4279	5.89	7
60265672	99287.STM0905	5.88	4
60268641	99287.STM3965	5.85	22
60264974	99287.STM0179	5.82	10
60265718	99287.STM0952	5.8	9
60269097	99287.STM4445	5.8	13
60265186	99287.STM0401	5.73	20
60266523	99287.STM1777	5.72	9
60266350	99287.STM1601	5.69	4
60267297	99287.STM2572	5.67	7
60268898	99287.STM4242	5.63	15
60267204	99287.STM2479	5.62	13
60269098	99287.STM4446	5.57	8
60267576	99287.STM2865	5.54	10
60268570	99287.STM3880	5.5	13
60265214	99287.STM0429	5.47	7
60267118	99287.STM2386	5.45	6
60266141	99287.STM1386	5.44	20
60265961	99287.STM1201	5.41	8
60266949	99287.STM2215	5.39	13
60266755	99287.STM2020	5.39	7
60268841	99287.STM4185	5.37	16
60264847	99287.STM0052	5.34	5
60265034	99287.STM0239	5.33	6
60267873	99287.STM3168	5.3	17
60267456	99287.STM2739	5.27	6
60267577	99287.STM2866	5.16	7
60268503	99287.STM3812	5.16	18
60269078	99287.STM4426	5.16	11
60268924	99287.STM4268	5.14	6
60267033	99287.STM2301	5.11	17
60266533	99287.STM1787	5.1	36
60268368	99287.STM3678	5.08	5
60266150	99287.STM1395	5.07	10
60265128	99287.STM0343	5.04	10
60264920	99287.STM0125	5.04	7
60266405	99287.STM1656	5.02	7
60265029	99287.STM0234	5.01	15
60265625	99287.STM0858	4.97	14
60268306	99287.STM3615	4.96	17
60266404	99287.STM1655	4.92	9
60266125	99287.STM1370	4.86	13
60266406	99287.STM1657	4.82	88
60269106	99287.STM4455	4.81	6
60267504	99287.STM2788	4.75	5
60265345	99287.STM0563	4.73	7
60268090	99287.STM3390	4.66	17
60269194	99287.STM4544	4.58	5
60267178	99287.STM2453	4.53	5
60265388	99287.STM0606	4.48	6
60267367	99287.STM2642	4.47	4
60265526	99287.STM0756	4.47	6
60265857	99287.STM1094	4.44	9
60267553	99287.STM2842	4.43	9
60267956	99287.STM3253	4.42	4
60267947	99287.STM3243	4.41	7
60265952	99287.STM1192	4.41	5
60264798	99287.STM0003	4.39	4
60267721	99287.STM3014	4.38	9
60265888	99287.STM1126	4.37	4
60268294	99287.STM3603	4.34	12
60265365	99287.STM0583	4.3	5
60268341	99287.STM3650	4.25	3
60266470	99287.STM1721	4.25	5
60267925	99287.STM3221	4.18	3
60267918	99287.STM3214	4.05	7
60266521	99287.STM1775	4.04	4
60265462	99287.STM0687	4.03	5
60265466	99287.STM0691	3.99	10
60265161	99287.STM0376	3.97	6
60267550	99287.STM2839	3.95	14
60268634	99287.STM3958	3.93	12
60268987	99287.STM4332	3.88	4
60265253	99287.STM0468	3.87	6
60267399	99287.STM2679	3.79	5
60267810	99287.STM3104	3.77	6
60267037	99287.STM2305	3.75	7
60265654	99287.STM0888	3.74	4
60265245	99287.STM0459	3.73	3
60268498	99287.STM3807	3.72	6
60267598	99287.STM2887	3.7	9
60265293	99287.STM0508	3.66	10
60267977	99287.STM3274	3.66	5
60265670	99287.STM0903	3.62	3
60266443	99287.STM1695	3.59	5
60267278	99287.STM2553	3.52	7
60268293	99287.STM3602	3.51	5
60267946	99287.STM3242	3.49	7
60268940	99287.STM4284	3.49	5
60267703	99287.STM2996	3.47	17
60267570	99287.STM2859	3.36	7
60266957	99287.STM2223	3.35	8
60264836	99287.STM0041	3.32	8
60268637	99287.STM3961	3.27	6
60265755	99287.STM0990	3.2	4
60264904	99287.STM0109	3.11	7
60266974	99287.STM2241	3.08	9
60267833	99287.STM3128	3.07	4
60266395	99287.STM1646	3.05	12
60266909	99287.STM2174	3.04	4
60264987	99287.STM0192	3.02	4
60267700	99287.STM2993	2.97	9
60267686	99287.STM2977	2.96	7
60268084	99287.STM3384	2.9	5
60266336	99287.STM1587	2.85	8
60265247	99287.STM0461	2.81	9
60265441	99287.STM0659	2.79	7
60265445	99287.STM0663	2.79	5
60268721	99287.STM4049	2.77	5
60267361	99287.STM2636	2.75	5
60269076	99287.STM4424	2.73	4
60267239	99287.STM2514	2.68	27
60266567	99287.STM1821	2.61	8
60265331	99287.STM0546	2.43	7
60265294	99287.STM0509	2.43	5
60267654	99287.STM2943	2.4	7
60267128	99287.STM2397	2.35	7
60268310	99287.STM3619	2.22	6
60265478	99287.STM0703	2.15	8
60266138	99287.STM1383	2.1	12
60266426	99287.STM1678	2.09	4
60266329	99287.STM1580	2.0	3
60266879	99287.STM2145	1.99	3
60264942	99287.STM0147	1.92	4
60268884	99287.STM4228	1.9	5
60264881	99287.STM0086	1.83	5
60267090	99287.STM2358	1.79	4
60267834	99287.STM3129	1.77	4
60265774	99287.STM1009	1.74	14
60267357	99287.STM2632	1.74	14
60268457	99287.STM3768	1.73	3
60268214	99287.STM3522	1.72	4
60268693	99287.STM4022	1.72	3
60266771	99287.STM2036	1.7	3
60266803	99287.STM2068	1.67	3
60267519	99287.STM2803	1.52	4
60265645	99287.STM0878	1.42	3
60265242	99287.STM0456	1.4	4
60267883	99287.STM3178	1.36	3
60265607	99287.STM0840	1.2	3
60265693	99287.STM0926	1.19	3
60267255	99287.STM2530	1.11	11
60266632	99287.STM1885	1.07	3
60268782	99287.STM4110	0.798	3
60268201	99287.STM3508	0.752	2
60266325	99287.STM1576	0.61	2
60268091	99287.STM3391	0.54	5
60265803	99287.STM1038	0.51	3
60267780	99287.STM3074	0.37	1
60268861	99287.STM4205	0.255	1
60267410	99287.STM2691	0.229	3
60265107	99287.STM0320	0.228	2
60264831	99287.STM0036	0.175	1
60267314	99287.STM2588	0.121	1
60265814	99287.STM1049	0.109	1
60266582	99287.STM1836	0.088	1
60267206	99287.STM2481	0.075	1
