#id: 3721857509
#name: S.enterica - Whole organism, SC (Gpm,aug,2014)
#score: 9.52
#weight:  100%
#description: abundance based on Spectral counting, Interaction consistency score: 9.52, Coverage: 38
#organ: WHOLE_ORGANISM
#integrated: false
#coverage: 38
#link: http://www.thegpm.org/
#publication_year: 2014
#filename: 99287-GPM_201408.txt
#
#internal_id	string_external_id	abundance	raw_spectral_count
60268830	99287.STM4170	27109	3873
60266132	99287.STM1377	20978	5534
60265237	99287.STM0451	20210	2032
60268806	99287.STM4146	19443	46938
60268139	99287.STM3445	19443	46938
60269208	99287.STM4561	19142	10345
60268985	99287.STM4330	17796	25755
60265834	99287.STM1070	17653	15879
60268812	99287.STM4152	16577	4428
60267511	99287.STM2795	15644	4974
60266454	99287.STM1705	14355	2013
60268896	99287.STM4240	12980	686
60265598	99287.STM0831	12019	5235
60266263	99287.STM1513	12016	1315
60266500	99287.STM1751	11449	2375
60266478	99287.STM1729	11131	4034
60266046	99287.STM1290	9879	8143
60265883	99287.STM1121	8707	992
60265251	99287.STM0465	7938	3823
60266702	99287.STM1959	7783	22856
60265529	99287.STM0759	7539	1594
60266477	99287.STM1728	6873	1036
60268141	99287.STM3447	6865	1929
60267488	99287.STM2771	6844	20566
60264838	99287.STM0043	6763	588
60268984	99287.STM4329	6538	1906
60268121	99287.STM3427	6367	304
60268122	99287.STM3428	6364	2137
60268126	99287.STM3432	6297	802
60269045	99287.STM4393	6128	467
60265747	99287.STM0982	5850	585
60265006	99287.STM0211	5574	876
60267663	99287.STM2952	5406	6779
60266479	99287.STM1730	5405	2869
60268108	99287.STM3414	5250	773
60268555	99287.STM3865	5196	7739
60268127	99287.STM3433	5165	992
60265202	99287.STM0417	5163	1754
60266131	99287.STM1376	5162	3230
60268118	99287.STM3424	4905	768
60268811	99287.STM4151	4877	1554
60266958	99287.STM2224	4796	858
60265020	99287.STM0225	4660	1802
60267158	99287.STM2433	4635	2316
60268112	99287.STM3418	4587	953
60268134	99287.STM3440	4472	1960
60267692	99287.STM2983	4464	1133
60268059	99287.STM3359	4438	3931
60268110	99287.STM3416	4374	1624
60268129	99287.STM3435	4317	807
60266480	99287.STM1731	4315	2433
60268115	99287.STM3421	4272	1283
60268128	99287.STM3434	4197	1581
60267043	99287.STM2311	4188	1318
60267393	99287.STM2673	4161	889
60267933	99287.STM3229	4104	934
60265151	99287.STM0366	4092	946
60265012	99287.STM0217	4079	2968
60268135	99287.STM3441	4032	931
60266583	99287.STM1837	4012	1006
60268117	99287.STM3423	4007	2289
60265541	99287.STM0772	3991	2288
60266314	99287.STM1565	3939	470
60269091	99287.STM4439	3935	1074
60268140	99287.STM3446	3923	7665
60269046	99287.STM4394	3902	1354
60267156	99287.STM2431	3848	699
60266005	99287.STM1246	3838	3029
60266481	99287.STM1732	3791	2377
60265998	99287.STM1238	3780	2784
60264877	99287.STM0082	3662	1184
60267000	99287.STM2267	3620	4383
60268557	99287.STM3867	3499	4825
60266794	99287.STM2059	3419	390
60267775	99287.STM3069	3419	4050
60268243	99287.STM3552	3362	1814
60267769	99287.STM3063	3344	1162
60269043	99287.STM4391	3220	1190
60266198	99287.STM1445	3186	1743
60266555	99287.STM1809	3180	302
60268282	99287.STM3591	3149	1235
60266193	99287.STM1440	3144	1274
60268810	99287.STM4150	3002	2120
60265168	99287.STM0383	2971	509
60268119	99287.STM3425	2953	1910
60265882	99287.STM1119	2917	1537
60265600	99287.STM0833	2916	2351
60265411	99287.STM0629	2896	463
60267396	99287.STM2676	2825	327
60267515	99287.STM2799	2809	776
60268044	99287.STM3344	2696	484
60267932	99287.STM3228	2660	465
60265809	99287.STM1044	2641	896
60268574	99287.STM3884	2595	2064
60265524	99287.STM0749	2594	1786
60268131	99287.STM3437	2585	1287
60268418	99287.STM3728	2579	202
60265187	99287.STM0402	2562	2013
60265746	99287.STM0981	2559	3920
60267371	99287.STM2646	2544	707
60269066	99287.STM4414	2542	547
60265011	99287.STM0216	2371	1404
60268370	99287.STM3680	2363	2990
60269109	99287.STM4458	2322	707
60265014	99287.STM0219	2319	619
60266875	99287.STM2141	2289	1987
60264949	99287.STM0154	2250	2186
60264928	99287.STM0133	2246	3124
60267891	99287.STM3186	2244	4207
60268123	99287.STM3429	2232	498
60266204	99287.STM1451	2229	1032
60267774	99287.STM3068	2218	2044
60265513	99287.STM0738	2162	2476
60267760	99287.STM3054	2157	526
60265933	99287.STM1172	2141	477
60265004	99287.STM0209	2127	1933
60266064	99287.STM1308	2101	767
60268975	99287.STM4319	2096	1362
60268809	99287.STM4149	2090	1035
60268559	99287.STM3869	2064	942
60267584	99287.STM2873	2063	549
60266925	99287.STM2190	2058	1945
60268120	99287.STM3426	2053	498
60266095	99287.STM1339	2046	317
60268130	99287.STM3436	2012	487
60265233	99287.STM0447	1983	2484
60266430	99287.STM1682	1949	1088
60267280	99287.STM2555	1895	1526
60265396	99287.STM0614	1879	987
60267862	99287.STM3157	1876	1920
60265390	99287.STM0608	1854	1079
60266697	99287.STM1954	1840	1159
60266067	99287.STM1311	1837	698
60264802	99287.STM0007	1832	1818
60266316	99287.STM1567	1822	1956
60268116	99287.STM3422	1778	139
60264947	99287.STM0152	1762	4033
60267155	99287.STM2430	1732	1716
60267914	99287.STM3209	1685	77
60267126	99287.STM2395	1631	1375
60269169	99287.STM4519	1628	2295
60266628	99287.STM1881	1625	372
60266449	99287.STM1700	1621	1235
60264807	99287.STM0012	1614	3359
60268391	99287.STM3701	1613	564
60265273	99287.STM0488	1589	636
60265022	99287.STM0227	1574	411
60265738	99287.STM0973	1568	3672
60266576	99287.STM1830	1547	1727
60265321	99287.STM0536	1533	462
60265926	99287.STM1165	1532	979
60265512	99287.STM0737	1514	1421
60265955	99287.STM1195	1498	1096
60268003	99287.STM3303	1491	165
60265261	99287.STM0476	1489	1329
60266401	99287.STM1652	1466	625
60266518	99287.STM1772	1457	1078
60268749	99287.STM4077	1439	1406
60268981	99287.STM4326	1422	2097
60267251	99287.STM2526	1418	514
60265991	99287.STM1231	1389	1041
60265597	99287.STM0830	1368	913
60268991	99287.STM4336	1355	263
60266008	99287.STM1251	1332	627
60267746	99287.STM3040	1324	1553
60268109	99287.STM3415	1321	1408
60265169	99287.STM0384	1307	364
60266133	99287.STM1378	1270	1660
60268133	99287.STM3439	1243	551
60268045	99287.STM3345	1212	399
60267771	99287.STM3065	1212	375
60268193	99287.STM3500	1206	1842
60268813	99287.STM4153	1202	4497
60268147	99287.STM3453	1192	775
60268248	99287.STM3557	1189	1496
60266900	99287.STM2165	1178	1038
60269016	99287.STM4364	1166	1009
60268417	99287.STM3727	1130	100
60266825	99287.STM2090	1118	947
60268814	99287.STM4154	1115	4123
60267213	99287.STM2488	1101	660
60268547	99287.STM3857	1098	1113
60266161	99287.STM1406	1072	480
60268540	99287.STM3850	1067	339
60268598	99287.STM3917	1038	1111
60268463	99287.STM3774	1027	428
60268124	99287.STM3430	1025	292
60265974	99287.STM1214	1021	266
60267870	99287.STM3165	1015	689
60268758	99287.STM4086	1010	1821
60267782	99287.STM3076	1002	2009
60268085	99287.STM3385	997	159
60265429	99287.STM0647	994	328
60267336	99287.STM2610	985	407
60268218	99287.STM3526	985	1213
60265220	99287.STM0435	978	499
60266561	99287.STM1815	972	503
60267223	99287.STM2498	972	697
60265763	99287.STM0998	971	835
60267198	99287.STM2473	961	903
60267537	99287.STM2826	957	166
60266163	99287.STM1408	954	368
60265965	99287.STM1205	942	295
60268556	99287.STM3866	935	693
60268808	99287.STM4148	931	414
60267216	99287.STM2491	927	396
60267381	99287.STM2660	913	2142
60267502	99287.STM2786	907	678
60268727	99287.STM4055	882	338
60267572	99287.STM2861	880	822
60267885	99287.STM3180	875	53
60265656	99287.STM0890	868	621
60268137	99287.STM3443	866	469
60266498	99287.STM1749	864	3021
60265171	99287.STM0386	860	393
60266235	99287.STM1485	857	313
60266542	99287.STM1796	843	1368
60268986	99287.STM4331	840	257
60267812	99287.STM3106	838	956
60265447	99287.STM0665	833	822
60266666	99287.STM1919	821	1707
60267199	99287.STM2474	814	1486
60267157	99287.STM2432	814	1261
60266321	99287.STM1572	813	1618
60265272	99287.STM0487	800	1243
60265473	99287.STM0698	798	1407
60266438	99287.STM1690	796	252
60267086	99287.STM2354	790	684
60267533	99287.STM2817	788	556
60269015	99287.STM4363	776	743
60268374	99287.STM3684	772	400
60267169	99287.STM2444	767	717
60268149	99287.STM3455	765	227
60268750	99287.STM4078	765	663
60268047	99287.STM3347	765	436
60267311	99287.STM2585A	757	528
60266612	99287.STM1867	757	528
60268753	99287.STM4081	756	804
60265742	99287.STM0977	753	569
60268286	99287.STM3595	743	1017
60266382	99287.STM1633	737	517
60266042	99287.STM1286	722	558
60267110	99287.STM2378	719	1040
60269217	99287.STM4570	715	626
60269018	99287.STM4366	715	875
60268530	99287.STM3839	703	9
60265103	99287.STM0316	702	870
60266261	99287.STM1511	695	460
60268997	99287.STM4342	694	387
60268452	99287.STM3763	690	1255
60265399	99287.STM0617	689	472
60265191	99287.STM0406	688	289
60267985	99287.STM3282	685	1127
60266556	99287.STM1810	682	67
60269228	99287.STM4581	681	1166
60265842	99287.STM1078	681	270
60268558	99287.STM3868	677	451
60267014	99287.STM2282	677	673
60267881	99287.STM3176	676	123
60267070	99287.STM2338	675	1449
60266833	99287.STM2098	670	541
60265509	99287.STM0734	668	1601
60265765	99287.STM1000	665	833
60268195	99287.STM3502	664	441
60267170	99287.STM2445	657	340
60266816	99287.STM2081	653	962
60268597	99287.STM3915	652	259
60268998	99287.STM4343	647	1427
60268048	99287.STM3348	643	590
60265510	99287.STM0735	636	407
60268174	99287.STM3481	624	487
60265505	99287.STM0730	621	1153
60265459	99287.STM0684	619	558
60268554	99287.STM3864	616	244
60268159	99287.STM3466	616	459
60265514	99287.STM0739	609	868
60268111	99287.STM3417	609	275
60266410	99287.STM1661	603	456
60268912	99287.STM4256	597	367
60265658	99287.STM0892	597	391
60267197	99287.STM2472	596	1184
60267055	99287.STM2323	586	1010
60266066	99287.STM1310	584	371
60266265	99287.STM1515	582	235
60264948	99287.STM0153	570	1346
60266501	99287.STM1752	568	410
60266446	99287.STM1698	567	680
60268345	99287.STM3655	567	1062
60266873	99287.STM2139	566	62
60266526	99287.STM1780	565	688
60266396	99287.STM1647	562	400
60268004	99287.STM3304	558	229
60268125	99287.STM3431	556	162
60266228	99287.STM1478	555	606
60267999	99287.STM3298	553	67
60268080	99287.STM3380	549	765
60266461	99287.STM1712	548	1411
60267972	99287.STM3269	547	243
60265716	99287.STM0950	545	334
60267236	99287.STM2511	544	651
60268431	99287.STM3741	538	132
60265956	99287.STM1196	538	123
60264953	99287.STM0158	536	1318
60267759	99287.STM3053	536	1372
60269162	99287.STM4512	534	569
60267784	99287.STM3078	534	555
60267901	99287.STM3196	528	72
60268074	99287.STM3374	527	409
60267507	99287.STM2791	524	634
60265724	99287.STM0958	521	523
60265095	99287.STM0307	519	273
60265027	99287.STM0232	518	452
60268839	99287.STM4183	516	704
60266006	99287.STM1249	515	200
60268734	99287.STM4062	514	702
60268885	99287.STM4229	510	645
60267997	99287.STM3296	508	1064
60268668	99287.STM3997	508	321
60267069	99287.STM2337	508	556
60265270	99287.STM0485	505	110
60269216	99287.STM4569	503	718
60265604	99287.STM0837	502	383
60269183	99287.STM4533	500	1190
60266338	99287.STM1589	496	469
60268132	99287.STM3438	493	74
60266074	99287.STM1318	492	937
60266197	99287.STM1444	491	249
60266631	99287.STM1884	491	220
60265938	99287.STM1177	490	370
60266217	99287.STM1466	490	737
60265515	99287.STM0740	490	911
60266220	99287.STM1469	487	687
60265653	99287.STM0887	483	414
60266105	99287.STM1349	482	885
60267101	99287.STM2369	479	275
60267989	99287.STM3286	473	918
60268760	99287.STM4088	472	120
60268840	99287.STM4184	471	733
60268877	99287.STM4221	470	849
60265914	99287.STM1153	470	86
60268271	99287.STM3580	455	347
60268613	99287.STM3936	451	555
60264986	99287.STM0191	450	1214
60265231	99287.STM0445	443	179
60266495	99287.STM1746	442	796
60266097	99287.STM1341	440	291
60268888	99287.STM4232	440	210
60267518	99287.STM2802	440	130
60265198	99287.STM0413	439	488
60267754	99287.STM3048	435	418
60265238	99287.STM0452	434	652
60266780	99287.STM2045	432	168
60269245	99287.STM4598	424	308
60268322	99287.STM3630	424	603
60266084	99287.STM1328	423	282
60265098	99287.STM0310	420	159
60266476	99287.STM1727	419	322
60268230	99287.STM3539	412	394
60265511	99287.STM0736	411	1292
60264799	99287.STM0004	411	609
60268644	99287.STM3968	408	460
60265229	99287.STM0443	407	451
60265957	99287.STM1197	406	663
60265880	99287.STM1117	403	578
60266806	99287.STM2071	403	260
60266648	99287.STM1901	401	625
60268580	99287.STM3898	400	80
60266541	99287.STM1795	398	525
60267920	99287.STM3216	397	819
60269067	99287.STM4415	397	351
60267384	99287.STM2663	396	375
60266229	99287.STM1479	392	441
60267496	99287.STM2780	383	488
60268763	99287.STM4091	381	413
60267796	99287.STM3090	380	390
60265586	99287.STM0818	379	340
60267595	99287.STM2884	374	451
60267190	99287.STM2465	373	113
60266312	99287.STM1563	372	124
60266186	99287.STM1433	372	185
60265235	99287.STM0449	370	383
60265418	99287.STM0636	368	134
60268931	99287.STM4275	368	773
60265008	99287.STM0213	365	437
60268736	99287.STM4064	364	434
60268042	99287.STM3342	361	187
60264981	99287.STM0186	359	144
60268680	99287.STM4009	358	447
60268400	99287.STM3710	356	473
60266516	99287.STM1770	352	39
60267123	99287.STM2391	351	500
60266773	99287.STM2038	349	88
60266681	99287.STM1935	349	244
60268258	99287.STM3567	345	365
60265286	99287.STM0501	339	278
60266090	99287.STM1334	338	95
60266565	99287.STM1819	338	319
60267916	99287.STM3211	336	309
60266082	99287.STM1326	335	384
60269214	99287.STM4567	333	248
60268376	99287.STM3686	332	307
60264966	99287.STM0171	331	245
60268226	99287.STM3535	330	580
60266777	99287.STM2042	329	105
60266348	99287.STM1599	328	290
60268666	99287.STM3995	327	37
60266059	99287.STM1303	327	326
60268398	99287.STM3708	327	230
60267002	99287.STM2270	327	185
60266434	99287.STM1686	327	110
60268399	99287.STM3709	326	341
60265729	99287.STM0963	324	399
60266151	99287.STM1396	322	42
60265970	99287.STM1210	322	185
60266620	99287.STM1873	322	157
60267573	99287.STM2862	320	258
60266524	99287.STM1778	317	148
60265398	99287.STM0616	314	117
60265764	99287.STM0999	314	804
60266346	99287.STM1597	313	523
60267505	99287.STM2789	312	232
60265719	99287.STM0953	311	65
60267761	99287.STM3055	309	392
60266052	99287.STM1296	309	203
60266814	99287.STM2079	306	267
60267768	99287.STM3062	304	361
60265963	99287.STM1203	302	362
60268007	99287.STM3307	301	348
60266179	99287.STM1426	299	167
60265629	99287.STM0862	299	84
60266635	99287.STM1888	298	424
60265036	99287.STM0242	298	493
60267117	99287.STM2385	296	128
60264887	99287.STM0092	295	407
60267056	99287.STM2324	293	390
60266662	99287.STM1915	293	217
60267249	99287.STM2524	292	194
60268735	99287.STM4063	292	214
60266041	99287.STM1285	291	455
60267083	99287.STM2351	291	143
60266230	99287.STM1480	288	299
60266588	99287.STM1842	288	171
60267235	99287.STM2510	284	519
60267970	99287.STM3267	283	265
60265951	99287.STM1191	282	40
60264875	99287.STM0080	282	58
60267248	99287.STM2523	278	305
60268336	99287.STM3645	278	246
60268678	99287.STM4007	278	449
60267124	99287.STM2392	276	291
60264862	99287.STM0067	275	866
60267214	99287.STM2489	272	206
60264997	99287.STM0202	270	351
60268425	99287.STM3735	269	122
60267258	99287.STM2533	267	215
60268901	99287.STM4245	266	276
60265019	99287.STM0224	265	793
60267269	99287.STM2544	265	132
60266961	99287.STM2227	263	95
60265468	99287.STM0693	261	150
60268285	99287.STM3594	259	527
60268612	99287.STM3935	258	264
60268392	99287.STM3702	257	104
60268039	99287.STM3339	257	233
60265982	99287.STM1222	254	233
60265630	99287.STM0863	252	328
60268019	99287.STM3319	251	197
60267664	99287.STM2953	249	416
60268600	99287.STM3919	247	221
60267508	99287.STM2792	247	370
60266906	99287.STM2171	247	150
60267057	99287.STM2325	246	86
60265236	99287.STM0450	245	470
60265039	99287.STM0245	245	244
60266089	99287.STM1333	243	329
60268261	99287.STM3570	243	126
60266668	99287.STM1921	243	547
60268161	99287.STM3468	242	337
60269128	99287.STM4477	242	314
60264888	99287.STM0093	241	796
60266192	99287.STM1439	240	106
60268591	99287.STM3909	240	339
60267134	99287.STM2403	239	198
60265319	99287.STM0534	237	115
60265992	99287.STM1232	233	268
60268533	99287.STM3842	232	370
60265260	99287.STM0475	230	747
60268041	99287.STM3341	229	78
60267030	99287.STM2298	228	293
60268079	99287.STM3379	227	57
60268649	99287.STM3973	225	58
60267986	99287.STM3283	224	81
60266675	99287.STM1928	223	140
60267212	99287.STM2487	223	192
60265831	99287.STM1067	222	65
60266805	99287.STM2070	221	151
60267967	99287.STM3264	219	398
60266815	99287.STM2080	218	248
60265234	99287.STM0448	218	191
60267921	99287.STM3217	216	481
60265954	99287.STM1194	216	198
60268781	99287.STM4109	215	143
60267994	99287.STM3293	213	104
60267990	99287.STM3287	212	343
60268575	99287.STM3885	212	152
60266356	99287.STM1607	211	143
60266156	99287.STM1401	210	44
60266543	99287.STM1797	210	14
60265896	99287.STM1135	207	123
60267098	99287.STM2366	205	170
60268393	99287.STM3703	204	88
60265550	99287.STM0781	204	142
60265555	99287.STM0786	204	185
60268660	99287.STM3984	204	226
60267540	99287.STM2829	203	275
60266578	99287.STM1832	200	268
60265761	99287.STM0996	200	158
60268268	99287.STM3577	199	615
60268764	99287.STM4092	198	67
60266218	99287.STM1467	197	198
60266776	99287.STM2041	197	95
60267310	99287.STM2585	197	176
60267764	99287.STM3058	197	190
60265283	99287.STM0498	195	320
60266092	99287.STM1336	193	15
60269215	99287.STM4568	192	201
60265946	99287.STM1185	192	480
60266509	99287.STM1763	191	217
60268790	99287.STM4119	190	362
60267102	99287.STM2370	190	147
60266315	99287.STM1566	189	398
60268178	99287.STM3485	189	184
60265013	99287.STM0218	189	149
60268915	99287.STM4259	189	311
60266597	99287.STM1851	188	59
60267401	99287.STM2681	188	123
60267031	99287.STM2299	188	297
60268823	99287.STM4163	186	176
60265821	99287.STM1057	186	319
60266290	99287.STM1540	186	212
60266549	99287.STM1803	186	252
60265727	99287.STM0961	185	151
60268309	99287.STM3618	184	396
60269090	99287.STM4438	184	237
60266045	99287.STM1289	182	177
60268384	99287.STM3694	181	241
60266510	99287.STM1764	180	675
60268176	99287.STM3483	179	112
60265523	99287.STM0748	178	224
60266025	99287.STM1269	178	100
60267039	99287.STM2307	176	119
60266335	99287.STM1586	176	179
60267010	99287.STM2278	175	171
60266130	99287.STM1375	175	161
60268793	99287.STM4122	175	92
60267606	99287.STM2895	174	121
60268791	99287.STM4120	174	266
60267905	99287.STM3200	173	265
60264964	99287.STM0169	173	377
60265192	99287.STM0407	172	292
60266809	99287.STM2074	171	133
60267801	99287.STM3095	170	172
60267951	99287.STM3248	170	140
60266530	99287.STM1784	169	205
60269190	99287.STM4540	168	184
60268023	99287.STM3323	167	92
60265268	99287.STM0483	166	96
60267975	99287.STM3272	166	63
60265397	99287.STM0615	166	201
60267857	99287.STM3152	165	525
60267538	99287.STM2827	165	420
60265530	99287.STM0760	164	121
60266807	99287.STM2072	164	133
60266882	99287.STM2148	163	76
60267116	99287.STM2384	163	145
60268165	99287.STM3472	163	82
60269003	99287.STM4348	162	123
60267514	99287.STM2798	162	38
60268346	99287.STM3656	161	197
60269060	99287.STM4408	161	134
60267284	99287.STM2559	160	445
60265462	99287.STM0687	159	118
60265461	99287.STM0686	159	193
60266307	99287.STM1558	158	399
60265327	99287.STM0542	158	49
60267679	99287.STM2969	157	206
60265737	99287.STM0972	155	206
60265885	99287.STM1123	155	120
60265560	99287.STM0792	155	91
60268835	99287.STM4175	154	112
60268288	99287.STM3597	154	205
60266094	99287.STM1338	154	364
60265157	99287.STM0372	153	94
60269120	99287.STM4469	151	162
60266155	99287.STM1400	151	253
60266216	99287.STM1463	150	165
60268905	99287.STM4249	150	101
60269121	99287.STM4470	150	32
60267766	99287.STM3060	150	54
60266826	99287.STM2091	149	159
60268585	99287.STM3903	149	127
60265193	99287.STM0408	148	122
60267058	99287.STM2326	148	400
60267307	99287.STM2582	148	178
60267224	99287.STM2499	148	117
60269126	99287.STM4475	147	411
60265430	99287.STM0648	147	304
60266309	99287.STM1560	146	181
60265702	99287.STM0935	145	294
60265182	99287.STM0397	144	128
60266674	99287.STM1927	144	67
60265953	99287.STM1193	144	138
60265487	99287.STM0712	143	73
60266153	99287.STM1398	143	69
60269056	99287.STM4404	143	96
60266215	99287.STM1462	143	148
60265725	99287.STM0959	142	102
60267385	99287.STM2665	142	47
60265571	99287.STM0803	142	100
60266874	99287.STM2140	142	77
60267397	99287.STM2677	141	139
60265932	99287.STM1171	141	39
60264859	99287.STM0064	141	73
60268000	99287.STM3299	141	65
60266004	99287.STM1244	140	10
60266475	99287.STM1726	140	156
60266999	99287.STM2266	140	139
60267246	99287.STM2521	140	72
60266298	99287.STM1548	139	195
60268027	99287.STM3327	139	79
60268301	99287.STM3610	138	298
60265545	99287.STM0776	138	162
60264861	99287.STM0066	138	212
60268543	99287.STM3853	137	64
60268824	99287.STM4164	136	236
60268022	99287.STM3322	136	80
60265250	99287.STM0464	136	82
60268526	99287.STM3835	136	288
60265639	99287.STM0872	135	19
60268092	99287.STM3392	134	24
60266184	99287.STM1431	133	106
60267268	99287.STM2543	133	212
60267144	99287.STM2415	132	168
60265924	99287.STM1163	132	137
60265967	99287.STM1207	132	130
60265419	99287.STM0637	132	185
60268353	99287.STM3663	132	118
60267026	99287.STM2294	130	46
60264841	99287.STM0046	130	315
60264931	99287.STM0136	129	309
60266458	99287.STM1709	126	57
60268800	99287.STM4130	126	334
60266593	99287.STM1847	126	73
60267995	99287.STM3294	125	118
60264963	99287.STM0168	125	131
60265708	99287.STM0941	124	85
60265472	99287.STM0697	123	83
60266093	99287.STM1337	123	155
60267207	99287.STM2482	122	24
60265745	99287.STM0980	122	79
60266775	99287.STM2040	121	182
60267908	99287.STM3203	120	81
60269020	99287.STM4368	120	235
60267843	99287.STM3138	119	110
60266646	99287.STM1899	119	136
60265565	99287.STM0797	119	55
60267368	99287.STM2643	119	165
60267059	99287.STM2327	118	123
60265204	99287.STM0419	118	109
60268778	99287.STM4106	117	203
60267582	99287.STM2871	117	116
60265352	99287.STM0570	117	157
60267852	99287.STM3147	116	158
60266929	99287.STM2194	116	77
60266154	99287.STM1399	115	67
60267937	99287.STM3233	115	95
60266889	99287.STM2155	115	219
60266707	99287.STM1964	114	55
60266696	99287.STM1953	114	92
60266203	99287.STM1450	114	76
60269006	99287.STM4351	113	99
60267749	99287.STM3043	113	66
60267220	99287.STM2495	112	23
60264924	99287.STM0129	112	99
60266918	99287.STM2183	112	94
60264903	99287.STM0108	112	122
60266592	99287.STM1846	111	75
60267247	99287.STM2522	111	166
60267813	99287.STM3107	111	86
60265854	99287.STM1091	110	148
60268255	99287.STM3564	110	155
60266061	99287.STM1305	109	123
60267640	99287.STM2929	108	33
60265822	99287.STM1058	107	126
60264918	99287.STM0123	107	126
60268820	99287.STM4160	107	85
60265145	99287.STM0360	106	115
60266152	99287.STM1397	106	36
60267004	99287.STM2272	105	196
60267009	99287.STM2277	105	226
60266375	99287.STM1626	104	236
60268646	99287.STM3970	104	102
60269180	99287.STM4530	104	119
60268179	99287.STM3486	104	135
60268989	99287.STM4334	103	46
60267019	99287.STM2287	103	144
60268005	99287.STM3305	103	71
60269111	99287.STM4460	103	83
60266810	99287.STM2075	103	58
60267645	99287.STM2934	102	146
60265420	99287.STM0638	102	86
60268142	99287.STM3448	102	36
60269192	99287.STM4542	101	27
60267245	99287.STM2520	101	168
60264907	99287.STM0112	101	86
60266376	99287.STM1627	101	120
60267290	99287.STM2565	100	444
60266881	99287.STM2147	99.4	100
60266311	99287.STM1562	99.0	88
60268292	99287.STM3601	97.8	52
60266456	99287.STM1707	97.7	39
60266466	99287.STM1717	97.6	56
60266336	99287.STM1587	97.1	195
60265209	99287.STM0424	96.7	29
60266250	99287.STM1500	96.5	42
60265460	99287.STM0685	96.4	146
60266259	99287.STM1509	95.8	15
60267390	99287.STM2670	95.2	87
60266590	99287.STM1844	95.2	51
60266202	99287.STM1449	94.1	165
60268887	99287.STM4231	93.7	154
60266811	99287.STM2076	93.4	66
60268761	99287.STM4089	93.3	80
60267609	99287.STM2898	93.3	183
60266813	99287.STM2078	93.1	51
60267136	99287.STM2405	92.9	180
60265410	99287.STM0628	92.9	58
60268947	99287.STM4291	92.4	111
60266562	99287.STM1816	92.0	43
60268002	99287.STM3301	91.9	92
60266076	99287.STM1320	91.3	151
60266812	99287.STM2077	91.2	71
60265451	99287.STM0669	90.9	71
60267072	99287.STM2340	90.7	108
60269116	99287.STM4465	90.6	96
60267792	99287.STM3086	90.5	108
60268643	99287.STM3967	90.1	66
60266473	99287.STM1724	89.6	131
60266656	99287.STM1909	89.5	154
60268628	99287.STM3952	89.5	120
60265177	99287.STM0392	88.7	63
60265548	99287.STM0779	88.6	56
60268699	99287.STM4028	88.4	36
60267714	99287.STM3007	88.2	20
60268340	99287.STM3649	88.0	22
60265522	99287.STM0747	87.6	56
60269155	99287.STM4505	87.6	49
60267029	99287.STM2297	87.3	106
60266219	99287.STM1468	87.2	173
60266253	99287.STM1503	86.5	35
60268191	99287.STM3498	85.9	115
60267864	99287.STM3159	85.6	50
60268898	99287.STM4242	85.6	155
60266380	99287.STM1631	85.5	152
60269117	99287.STM4466	85.5	78
60266487	99287.STM1738	85.3	15
60267073	99287.STM2341	85.2	76
60269004	99287.STM4349	84.7	55
60268068	99287.STM3368	84.6	76
60266053	99287.STM1297	84.6	72
60265367	99287.STM0585	84.4	232
60267815	99287.STM3109	84.1	50
60266124	99287.STM1369	83.1	24
60267288	99287.STM2563	83.0	37
60265881	99287.STM1118	82.7	16
60268390	99287.STM3700	82.5	104
60265486	99287.STM0711	82.3	82
60264923	99287.STM0128	82.3	102
60266201	99287.STM1448	82.3	40
60267008	99287.STM2276	81.7	62
60267636	99287.STM2925	81.6	44
60264985	99287.STM0190	81.1	228
60268375	99287.STM3685	81.0	229
60267211	99287.STM2486	80.6	70
60266078	99287.STM1322	80.4	71
60264808	99287.STM0013	80.3	85
60268586	99287.STM3904	79.6	123
60267060	99287.STM2328	79.6	82
60269118	99287.STM4467	79.3	108
60266378	99287.STM1629	79.3	30
60268670	99287.STM3999	78.7	185
60266667	99287.STM1920	78.2	82
60265108	99287.STM0321	78.2	93
60268394	99287.STM3704	78.1	103
60266680	99287.STM1934	77.6	46
60265735	99287.STM0970	77.5	48
60265203	99287.STM0418	77.0	38
60269008	99287.STM4356	76.7	63
60267952	99287.STM3249	76.5	25
60267200	99287.STM2475	76.3	21
60268011	99287.STM3311	76.2	44
60266880	99287.STM2146	76.2	77
60266308	99287.STM1559	76.1	223
60268731	99287.STM4059	76.0	30
60268633	99287.STM3957	75.8	86
60265153	99287.STM0368	75.8	57
60266460	99287.STM1711	75.7	27
60268836	99287.STM4176	75.4	115
60265360	99287.STM0578	75.3	45
60267542	99287.STM2831	75.2	80
60265552	99287.STM0783	74.9	63
60265828	99287.STM1064	74.6	66
60265730	99287.STM0964	74.6	203
60266472	99287.STM1723	74.0	56
60266070	99287.STM1314	73.5	16
60268180	99287.STM3487	73.0	47
60268227	99287.STM3536	73.0	107
60267082	99287.STM2350	72.7	61
60267892	99287.STM3187	72.6	33
60268551	99287.STM3861	72.5	146
60267219	99287.STM2494	72.3	90
60266056	99287.STM1300	72.3	36
60269233	99287.STM4586	72.1	22
60266633	99287.STM1886	71.9	113
60268796	99287.STM4126	71.8	132
60267988	99287.STM3285	71.7	15
60265749	99287.STM0984	71.6	126
60267094	99287.STM2362	71.5	118
60265280	99287.STM0495	71.4	33
60267658	99287.STM2947	71.0	91
60266149	99287.STM1394	71.0	121
60268606	99287.STM3925	70.9	70
60268756	99287.STM4084	70.8	37
60266173	99287.STM1418	70.7	42
60264927	99287.STM0132	70.4	101
60265613	99287.STM0846	70.2	97
60266786	99287.STM2051	69.7	86
60265279	99287.STM0494	69.5	142
60265206	99287.STM0421	69.4	76
60265112	99287.STM0327	69.2	26
60267646	99287.STM2935	69.2	44
60268341	99287.STM3650	69.1	45
60268315	99287.STM3624	69.0	64
60266572	99287.STM1826	68.6	110
60265471	99287.STM0696	68.2	29
60266570	99287.STM1824	67.8	39
60268337	99287.STM3646	67.7	44
60266162	99287.STM1407	67.6	32
60266720	99287.STM1977	67.5	24
60266224	99287.STM1473	67.4	567
60268204	99287.STM3511	67.4	87
60267596	99287.STM2885	67.2	153
60268242	99287.STM3551	66.9	101
60267783	99287.STM3077	66.7	48
60265591	99287.STM0823	66.3	32
60265978	99287.STM1218	66.0	52
60266513	99287.STM1767	65.8	22
60265318	99287.STM0533	65.7	50
60265023	99287.STM0228	65.6	27
60265516	99287.STM0741	65.4	93
60268825	99287.STM4165	64.9	29
60266945	99287.STM2211	64.7	34
60268063	99287.STM3363	64.6	17
60265178	99287.STM0393	64.3	20
60264913	99287.STM0118	64.1	73
60265508	99287.STM0733	64.0	70
60266451	99287.STM1702	64.0	103
60267364	99287.STM2639	64.0	37
60264999	99287.STM0204	63.6	40
60266347	99287.STM1598	63.5	87
60267845	99287.STM3140	63.5	45
60268632	99287.STM3956	63.4	11
60265989	99287.STM1229	63.4	57
60268013	99287.STM3313	63.2	45
60267900	99287.STM3195	63.1	51
60267697	99287.STM2988	63.0	54
60269055	99287.STM4403	62.9	110
60266051	99287.STM1295	62.6	81
60268450	99287.STM3761	62.5	36
60268229	99287.STM3538	62.5	181
60269107	99287.STM4456	62.3	117
60265002	99287.STM0207	62.3	58
60268260	99287.STM3569	62.1	61
60268412	99287.STM3722	62.1	33
60265520	99287.STM0745	62.0	48
60268031	99287.STM3331	61.9	91
60267153	99287.STM2428	61.6	51
60265875	99287.STM1112	61.5	34
60267046	99287.STM2314	61.4	64
60265996	99287.STM1236	61.1	16
60266128	99287.STM1373	59.9	68
60264925	99287.STM0130	59.8	44
60266341	99287.STM1592	59.8	17
60266505	99287.STM1756	59.7	32
60267773	99287.STM3067	59.5	89
60268772	99287.STM4100	59.5	54
60266389	99287.STM1640	59.3	54
60265595	99287.STM0828	59.0	52
60265542	99287.STM0773	59.0	79
60266941	99287.STM2206	58.9	62
60265616	99287.STM0849	58.6	97
60267583	99287.STM2872	58.0	24
60267079	99287.STM2347	57.9	33
60268144	99287.STM3450	57.7	12
60267534	99287.STM2818	57.1	88
60267566	99287.STM2855	56.9	49
60268010	99287.STM3310	56.7	35
60265698	99287.STM0931	56.5	50
60265543	99287.STM0774	56.3	54
60266491	99287.STM1742	55.7	60
60267597	99287.STM2886	55.5	40
60265254	99287.STM0469	55.3	11
60266164	99287.STM1409	55.3	57
60266902	99287.STM2167	55.3	125
60268421	99287.STM3731	55.0	39
60267715	99287.STM3008	54.7	37
60266167	99287.STM1412	54.7	21
60269137	99287.STM4486	54.4	94
60265697	99287.STM0930	54.3	34
60266126	99287.STM1371	54.3	44
60268037	99287.STM3337	54.2	35
60266384	99287.STM1635	54.2	26
60264936	99287.STM0141	53.8	39
60267122	99287.STM2390	53.5	25
60268101	99287.STM3407	53.2	43
60268943	99287.STM4287	53.1	18
60267403	99287.STM2683	52.9	35
60265415	99287.STM0633	52.8	38
60266764	99287.STM2029	52.8	43
60267271	99287.STM2546	52.4	39
60266060	99287.STM1304	52.3	56
60267383	99287.STM2662	52.3	30
60266465	99287.STM1716	51.9	48
60266694	99287.STM1951	51.7	23
60268318	99287.STM3626	51.7	38
60267261	99287.STM2536	51.6	64
60265476	99287.STM0701	51.5	110
60266830	99287.STM2095	51.1	35
60267817	99287.STM3111	51.0	12
60267671	99287.STM2960	51.0	47
60269191	99287.STM4541	50.9	108
60265214	99287.STM0429	50.8	47
60266437	99287.STM1689	50.6	20
60265993	99287.STM1233	50.5	34
60265972	99287.STM1212	50.2	37
60267753	99287.STM3047	49.6	6
60266280	99287.STM1530	49.5	315
60268563	99287.STM3873	49.3	22
60266808	99287.STM2073	49.3	85
60266427	99287.STM1679	48.7	97
60265912	99287.STM1151	48.7	155
60266664	99287.STM1917	48.4	45
60266188	99287.STM1435	48.2	9
60265731	99287.STM0965	48.0	74
60266247	99287.STM1497	48.0	74
60267854	99287.STM3149	47.8	58
60264876	99287.STM0081	47.6	32
60268146	99287.STM3452	47.5	15
60266829	99287.STM2094	47.3	26
60268438	99287.STM3748	47.2	91
60268641	99287.STM3965	47.2	112
60265911	99287.STM1150	47.2	97
60265038	99287.STM0244	47.0	31
60264797	99287.STM0002	46.6	126
60268876	99287.STM4220	46.3	57
60265010	99287.STM0215	46.1	42
60268891	99287.STM4235	46.1	127
60266736	99287.STM1995	46.0	334
60268307	99287.STM3616	45.7	236
60265040	99287.STM0246	45.6	33
60266264	99287.STM1514	45.5	33
60269031	99287.STM4379	45.5	26
60266062	99287.STM1306	45.3	83
60265455	99287.STM0680	45.2	63
60266515	99287.STM1769	45.2	11
60268650	99287.STM3974	45.2	39
60268795	99287.STM4125	44.9	49
60266595	99287.STM1849	44.9	142
60268199	99287.STM3506	44.8	97
60268893	99287.STM4237	44.3	32
60265712	99287.STM0945	43.9	106
60267869	99287.STM3164	43.8	45
60266638	99287.STM1891	43.7	42
60266886	99287.STM2152	43.4	28
60268886	99287.STM4230	42.9	53
60268157	99287.STM3464	42.8	43
60268304	99287.STM3613	42.6	62
60265758	99287.STM0993	42.3	23
60269014	99287.STM4362	42.3	55
60268700	99287.STM4029	42.2	50
60265722	99287.STM0956	42.1	56
60268708	99287.STM4037	41.7	143
60267263	99287.STM2538	41.7	27
60268768	99287.STM4096	41.6	14
60266705	99287.STM1962	41.6	7
60267017	99287.STM2285	41.6	51
60266332	99287.STM1583	41.5	48
60266939	99287.STM2204	41.4	85
60265274	99287.STM0489	41.2	39
60267800	99287.STM3094	41.2	44
60268430	99287.STM3740	41.2	16
60267530	99287.STM2814	41.1	46
60268596	99287.STM3914	41.0	82
60267097	99287.STM2365	40.7	33
60268902	99287.STM4246	40.5	61
60266992	99287.STM2259	40.4	72
60268622	99287.STM3946	40.1	10
60264803	99287.STM0008	40.0	21
60267642	99287.STM2931	40.0	13
60265897	99287.STM1136	40.0	29
60268567	99287.STM3877	39.9	47
60265840	99287.STM1076	39.8	10
60267524	99287.STM2808	39.8	14
60267121	99287.STM2389	39.8	49
60268017	99287.STM3317	39.8	24
60265041	99287.STM0247	39.5	53
60268095	99287.STM3401	39.5	39
60268030	99287.STM3330	39.4	147
60267699	99287.STM2992	39.4	51
60266327	99287.STM1578	39.4	95
60266571	99287.STM1825	39.3	14
60267387	99287.STM2667	39.2	41
60265925	99287.STM1164	39.2	29
60267790	99287.STM3084	39.1	29
60267032	99287.STM2300	38.7	27
60266727	99287.STM1986	38.7	16
60266326	99287.STM1577	38.6	226
60267585	99287.STM2874	38.3	55
60268544	99287.STM3854	38.2	35
60268262	99287.STM3571	38.1	46
60266686	99287.STM1940	37.8	82
60268096	99287.STM3402	37.8	22
60267080	99287.STM2348	37.8	25
60266492	99287.STM1743	37.8	35
60267809	99287.STM3103	37.8	25
60267644	99287.STM2933	37.5	24
60265469	99287.STM0694	37.5	33
60265898	99287.STM1137	37.5	19
60267053	99287.STM2321	37.2	19
60267799	99287.STM3093	37.2	32
60265525	99287.STM0750	36.5	10
60267377	99287.STM2652	36.3	38
60267303	99287.STM2578	36.2	25
60269234	99287.STM4587	36.2	22
60268602	99287.STM3921	36.1	45
60265094	99287.STM0306	36.1	38
60265322	99287.STM0537	35.7	35
60267863	99287.STM3158	35.6	6
60268669	99287.STM3998	35.5	16
60266622	99287.STM1875	35.4	8
60268794	99287.STM4123	35.4	43
60265759	99287.STM0994	35.3	158
60267172	99287.STM2447	35.3	24
60267580	99287.STM2869	35.3	29
60267137	99287.STM2406	35.2	34
60264960	99287.STM0165	35.0	31
60266898	99287.STM2163	34.8	27
60267677	99287.STM2967	34.6	27
60266189	99287.STM1436	34.5	44
60268049	99287.STM3349	34.5	45
60268215	99287.STM3523	34.4	25
60265701	99287.STM0934	34.3	18
60267308	99287.STM2583	34.3	58
60266919	99287.STM2184	34.3	22
60265590	99287.STM0822	34.2	30
60268015	99287.STM3315	34.0	25
60265559	99287.STM0791	33.9	66
60265456	99287.STM0681	33.9	31
60264961	99287.STM0166	33.8	39
60268565	99287.STM3875	33.7	9
60267874	99287.STM3169	33.6	30
60265104	99287.STM0317	33.6	15
60264846	99287.STM0051	33.5	26
60265994	99287.STM1234	33.4	36
60265216	99287.STM0431	33.4	30
60265929	99287.STM1168	33.4	28
60267945	99287.STM3241	33.2	239
60266995	99287.STM2262	33.1	32
60269049	99287.STM4397	33.1	25
60267183	99287.STM2458	33.1	22
60265043	99287.STM0255	33.0	30
60265435	99287.STM0653	32.8	15
60268413	99287.STM3723	32.5	36
60265644	99287.STM0877	32.5	38
60265987	99287.STM1227	32.5	33
60265413	99287.STM0631	32.5	24
60266855	99287.STM2120	32.4	64
60265201	99287.STM0416	32.3	52
60268672	99287.STM4001	32.2	23
60268757	99287.STM4085	31.9	32
60266711	99287.STM1968	31.7	10
60268451	99287.STM3762	31.6	13
60268338	99287.STM3647	31.4	20
60265382	99287.STM0600	31.2	57
60268827	99287.STM4167	31.2	22
60269062	99287.STM4410	31.1	115
60267744	99287.STM3038	30.9	25
60266031	99287.STM1275	30.8	7
60268035	99287.STM3335	30.7	25
60265581	99287.STM0813	30.5	20
60266663	99287.STM1916	30.2	17
60266351	99287.STM1602	30.2	17
60267494	99287.STM2777	30.2	97
60266670	99287.STM1923	30.1	17
60268275	99287.STM3584	30.0	17
60268522	99287.STM3831	29.9	32
60268252	99287.STM3561	29.9	15
60268511	99287.STM3820	29.8	37
60267181	99287.STM2456	29.7	17
60267718	99287.STM3011	29.7	22
60267708	99287.STM3001	29.5	17
60267589	99287.STM2878	29.5	45
60265816	99287.STM1051	29.4	33
60266974	99287.STM2241	29.3	75
60268697	99287.STM4026	29.2	27
60269153	99287.STM4503	29.1	15
60266785	99287.STM2050	29.0	34
60267529	99287.STM2813	28.9	24
60267525	99287.STM2809	28.9	18
60266901	99287.STM2166	28.8	83
60266486	99287.STM1737	28.7	8
60268061	99287.STM3361	28.7	13
60268889	99287.STM4233	28.7	14
60268028	99287.STM3328	28.6	54
60266713	99287.STM1970	28.6	30
60267267	99287.STM2542	28.6	24
60267067	99287.STM2335	28.3	19
60265155	99287.STM0370	28.2	26
60268100	99287.STM3406	28.2	28
60266832	99287.STM2097	28.0	42
60268552	99287.STM3862	27.9	53
60268654	99287.STM3978	27.8	26
60268923	99287.STM4267	27.8	26
60265916	99287.STM1155	27.5	22
60265641	99287.STM0874	27.5	21
60267166	99287.STM2441	27.5	34
60267087	99287.STM2355	27.4	33
60266960	99287.STM2226	27.4	41
60265986	99287.STM1226	27.3	51
60267983	99287.STM3280	27.3	41
60264965	99287.STM0170	27.3	12
60266195	99287.STM1442	27.0	20
60268076	99287.STM3376	27.0	41
60265105	99287.STM0318	26.7	43
60266659	99287.STM1912	26.7	20
60266704	99287.STM1961	26.6	10
60268251	99287.STM3560	26.6	28
60266374	99287.STM1625	26.5	30
60265945	99287.STM1184	26.5	35
60267680	99287.STM2970	26.4	33
60269131	99287.STM4480	26.4	30
60268420	99287.STM3730	26.3	25
60268423	99287.STM3733	26.1	9
60266086	99287.STM1330	25.9	31
60265921	99287.STM1160	25.9	27
60269010	99287.STM4358	25.7	46
60268914	99287.STM4258	25.6	36
60264891	99287.STM0096	25.5	67
60268287	99287.STM3596	25.5	21
60266887	99287.STM2153	25.5	16
60265033	99287.STM0238	25.3	8
60266865	99287.STM2130	25.3	28
60269033	99287.STM4381	25.2	18
60265370	99287.STM0588	25.2	82
60268494	99287.STM3802	25.2	20
60269224	99287.STM4577	25.1	17
60268198	99287.STM3505	25.0	5
60266453	99287.STM1704	25.0	20
60265404	99287.STM0622	24.9	18
60267659	99287.STM2948	24.8	49
60268267	99287.STM3576	24.7	49
60265384	99287.STM0602	24.6	28
60265217	99287.STM0432	24.6	24
60268610	99287.STM3929	24.5	20
60267140	99287.STM2409	24.3	39
60266225	99287.STM1475	24.3	9
60265940	99287.STM1179	24.0	16
60267971	99287.STM3268	23.9	20
60264915	99287.STM0120	23.9	20
60268956	99287.STM4300	23.8	59
60267593	99287.STM2882	23.7	55
60265479	99287.STM0704	23.6	10
60267244	99287.STM2519	23.6	29
60266474	99287.STM1725	23.6	44
60267066	99287.STM2334	23.6	17
60266436	99287.STM1688	23.2	12
60268780	99287.STM4108	23.2	24
60267814	99287.STM3108	23.2	7
60266566	99287.STM1820	23.1	13
60269078	99287.STM4426	23.0	44
60266630	99287.STM1883	23.0	39
60267546	99287.STM2835	23.0	16
60264912	99287.STM0117	23.0	8
60266558	99287.STM1812	22.9	16
60268357	99287.STM3667	22.8	24
60266079	99287.STM1323	22.6	11
60267497	99287.STM2781	22.5	22
60267028	99287.STM2296	22.3	22
60265707	99287.STM0940	22.3	21
60269057	99287.STM4405	22.2	18
60266703	99287.STM1960	22.1	33
60265165	99287.STM0380	22.1	34
60268197	99287.STM3504	22.1	51
60266953	99287.STM2219	22.1	42
60268819	99287.STM4159	22.0	21
60267168	99287.STM2443	22.0	13
60267286	99287.STM2561	21.9	10
60265819	99287.STM1055	21.8	29
60265032	99287.STM0237	21.8	9
60268060	99287.STM3360	21.8	18
60265971	99287.STM1211	21.7	47
60265018	99287.STM0223	21.6	28
60268789	99287.STM4118	21.6	47
60268313	99287.STM3622	21.4	49
60268846	99287.STM4190	21.3	13
60267549	99287.STM2838	21.3	20
60267594	99287.STM2883	21.3	22
60268674	99287.STM4003	21.2	12
60266546	99287.STM1800	21.1	13
60268977	99287.STM4322	21.0	20
60265291	99287.STM0506	20.9	20
60265561	99287.STM0793	20.7	36
60267992	99287.STM3290	20.7	38
60266888	99287.STM2154	20.7	32
60268102	99287.STM3408	20.5	18
60265583	99287.STM0815	20.4	23
60265739	99287.STM0974	20.3	27
60268280	99287.STM3589	20.2	23
60267063	99287.STM2331	20.2	17
60265452	99287.STM0670	20.1	25
60268371	99287.STM3681	20.1	23
60266642	99287.STM1895	20.1	5
60265228	99287.STM0442	20.0	29
60265458	99287.STM0683	20.0	34
60268415	99287.STM3725	19.7	8
60266017	99287.STM1260	19.6	19
60265908	99287.STM1147	19.5	11
60265042	99287.STM0248	19.4	9
60267250	99287.STM2525	19.4	13
60269146	99287.STM4496	19.4	63
60266698	99287.STM1955	19.3	4
60266799	99287.STM2064	19.3	14
60266856	99287.STM2121	19.2	11
60268751	99287.STM4079	19.1	10
60267096	99287.STM2364	19.1	19
60265783	99287.STM1018	19.1	7
60268372	99287.STM3682	19.1	34
60266529	99287.STM1783	19.0	6
60265966	99287.STM1206	18.9	6
60266018	99287.STM1261	18.8	6
60267927	99287.STM3223	18.8	6
60264945	99287.STM0150	18.7	24
60267347	99287.STM2622	18.7	7
60265744	99287.STM0979	18.7	10
60265657	99287.STM0891	18.7	17
60266924	99287.STM2189	18.7	30
60269009	99287.STM4357	18.6	15
60268225	99287.STM3534	18.4	44
60266055	99287.STM1299	18.4	24
60266762	99287.STM2027	18.2	9
60269144	99287.STM4494	18.2	14
60267681	99287.STM2971	18.1	57
60266577	99287.STM1831	18.1	8
60265710	99287.STM0943	17.9	9
60268528	99287.STM3837	17.8	21
60266652	99287.STM1905	17.8	16
60268186	99287.STM3493	17.8	38
60269130	99287.STM4479	17.7	14
60268730	99287.STM4058	17.7	22
60267587	99287.STM2876	17.6	32
60265301	99287.STM0516	17.5	14
60268500	99287.STM3809	17.5	15
60266400	99287.STM1651	17.4	55
60264959	99287.STM0164	17.2	10
60266387	99287.STM1638	17.2	9
60268256	99287.STM3565	17.0	6
60265990	99287.STM1230	16.9	25
60265154	99287.STM0369	16.9	21
60264921	99287.STM0126	16.9	16
60267694	99287.STM2985	16.9	10
60268658	99287.STM3982	16.9	28
60266800	99287.STM2065	16.8	37
60267842	99287.STM3137	16.8	25
60265295	99287.STM0510	16.7	17
60267078	99287.STM2346	16.6	12
60265175	99287.STM0390	16.5	7
60266127	99287.STM1372	16.5	18
60265391	99287.STM0609	16.4	19
60265443	99287.STM0661	16.4	23
60267944	99287.STM3240	16.4	23
60264917	99287.STM0122	16.2	27
60269175	99287.STM4525	16.2	30
60267743	99287.STM3036	16.1	11
60267306	99287.STM2581	16.1	8
60269147	99287.STM4497	16.0	4
60266147	99287.STM1392	15.9	48
60265379	99287.STM0597	15.8	17
60266934	99287.STM2199	15.8	36
60267363	99287.STM2638	15.8	22
60269069	99287.STM4417	15.7	7
60268016	99287.STM3316	15.7	9
60267629	99287.STM2918	15.7	19
60268638	99287.STM3962	15.7	12
60266136	99287.STM1381	15.6	13
60268996	99287.STM4341	15.6	10
60265480	99287.STM0705	15.6	22
60269050	99287.STM4398	15.4	27
60267171	99287.STM2446	15.4	11
60266120	99287.STM1365	15.3	52
60267840	99287.STM3135	15.3	22
60265654	99287.STM0888	15.2	5
60268773	99287.STM4101	15.2	47
60266050	99287.STM1294	15.2	13
60265289	99287.STM0504	15.2	10
60268103	99287.STM3409	15.2	28
60264975	99287.STM0180	15.1	8
60266750	99287.STM2015	15.1	25
60269185	99287.STM4535	15.0	8
60269182	99287.STM4532	15.0	46
60268289	99287.STM3598	15.0	13
60267016	99287.STM2284	14.7	26
60267498	99287.STM2782	14.7	9
60266965	99287.STM2232	14.6	32
60266101	99287.STM1345	14.5	10
60266243	99287.STM1493	14.3	10
60268675	99287.STM4004	14.2	13
60265857	99287.STM1094	14.2	22
60265893	99287.STM1131	14.2	12
60267709	99287.STM3002	14.2	11
60265048	99287.STM0260	14.0	35
60266439	99287.STM1691	13.8	10
60267696	99287.STM2987	13.8	7
60264987	99287.STM0192	13.8	8
60268564	99287.STM3874	13.8	13
60268402	99287.STM3712	13.7	13
60267405	99287.STM2685	13.7	6
60266676	99287.STM1929	13.6	16
60266827	99287.STM2092	13.6	8
60266373	99287.STM1624	13.6	13
60266397	99287.STM1648	13.4	6
60264911	99287.STM0116	13.4	21
60265944	99287.STM1183	13.3	17
60265605	99287.STM0838	13.3	16
60267984	99287.STM3281	13.2	18
60266559	99287.STM1813	13.1	4
60265376	99287.STM0594	13.1	19
60266866	99287.STM2131	13.1	7
60267844	99287.STM3139	12.9	21
60269229	99287.STM4582	12.8	10
60267877	99287.STM3172	12.7	14
60265380	99287.STM0598	12.7	6
60267270	99287.STM2545	12.6	11
60267884	99287.STM3179	12.4	8
60267656	99287.STM2945	12.4	18
60268942	99287.STM4286	12.3	15
60266759	99287.STM2024	12.3	12
60266692	99287.STM1949	12.1	4
60265889	99287.STM1127	12.1	8
60267776	99287.STM3070	12.1	14
60266429	99287.STM1681	12.1	7
60267548	99287.STM2837	12.1	8
60265723	99287.STM0957	11.9	19
60265977	99287.STM1217	11.8	17
60267841	99287.STM3136	11.8	13
60265097	99287.STM0309	11.8	32
60268828	99287.STM4168	11.8	6
60267635	99287.STM2924	11.7	10
60265368	99287.STM0586	11.7	18
60267373	99287.STM2648	11.7	9
60265096	99287.STM0308	11.6	9
60266760	99287.STM2025	11.5	10
60269061	99287.STM4409	11.5	22
60266626	99287.STM1879	11.5	16
60267576	99287.STM2865	11.4	11
60266710	99287.STM1967	11.4	6
60267662	99287.STM2951	11.4	7
60266310	99287.STM1561	11.3	13
60265826	99287.STM1062	11.3	8
60266928	99287.STM2193	11.3	5
60267947	99287.STM3243	11.3	20
60266100	99287.STM1344	11.2	12
60265934	99287.STM1173	11.2	6
60266627	99287.STM1880	11.2	10
60268569	99287.STM3879	11.2	19
60268561	99287.STM3871	11.2	7
60268910	99287.STM4254	11.1	26
60268529	99287.STM3838	11.1	11
60264906	99287.STM0111	11.1	13
60266962	99287.STM2228	11.0	24
60267074	99287.STM2342	11.0	25
60267818	99287.STM3112	10.9	18
60267991	99287.STM3288	10.8	4
60264958	99287.STM0163	10.7	13
60265984	99287.STM1224	10.7	16
60266080	99287.STM1324	10.7	5
60265107	99287.STM0320	10.7	79
60267823	99287.STM3118	10.6	14
60268401	99287.STM3711	10.6	16
60267120	99287.STM2388	10.5	23
60268305	99287.STM3614	10.5	14
60264886	99287.STM0091	10.4	13
60268944	99287.STM4288	10.4	8
60267674	99287.STM2963	10.3	5
60268659	99287.STM3983	10.3	30
60268389	99287.STM3699	10.2	8
60267879	99287.STM3174	10.1	24
60266715	99287.STM1972	10.1	19
60265769	99287.STM1004	10.1	10
60265941	99287.STM1180	10.0	8
60266712	99287.STM1969	9.96	22
60264976	99287.STM0181	9.95	12
60269011	99287.STM4359	9.91	13
60267115	99287.STM2383	9.9	14
60267188	99287.STM2463	9.81	10
60267866	99287.STM3161	9.76	10
60267998	99287.STM3297	9.74	4
60268994	99287.STM4339	9.72	4
60266288	99287.STM1538	9.67	45
60265580	99287.STM0812	9.67	11
60267657	99287.STM2946	9.66	10
60267075	99287.STM2343	9.63	3
60268188	99287.STM3495	9.62	14
60264798	99287.STM0003	9.5	8
60265750	99287.STM0985	9.49	12
60268303	99287.STM3612	9.41	19
60266292	99287.STM1542	9.4	14
60265449	99287.STM0667	9.36	4
60268716	99287.STM4044	9.35	13
60268587	99287.STM3905	9.28	16
60268387	99287.STM3697	9.28	12
60266169	99287.STM1414	9.2	20
60264957	99287.STM0162	9.2	11
60265161	99287.STM0376	9.19	13
60269226	99287.STM4579	9.16	18
60267918	99287.STM3214	9.12	3
60266183	99287.STM1430	9.02	12
60266463	99287.STM1714	9.02	24
60265790	99287.STM1025	8.97	3
60267777	99287.STM3071	8.93	6
60266319	99287.STM1570	8.84	24
60268501	99287.STM3810	8.83	4
60267934	99287.STM3230	8.79	4
60266746	99287.STM2009	8.77	8
60267667	99287.STM2956	8.67	23
60266986	99287.STM2253	8.66	8
60268509	99287.STM3818	8.66	8
60266699	99287.STM1956	8.66	3
60266019	99287.STM1263	8.49	8
60265381	99287.STM0599	8.44	3
60269232	99287.STM4585	8.34	8
60267044	99287.STM2312	8.29	3
60265981	99287.STM1221	8.24	9
60269059	99287.STM4407	8.24	10
60268306	99287.STM3615	8.23	31
60268584	99287.STM3902	8.22	4
60268245	99287.STM3554	8.17	15
60266390	99287.STM1641	8.17	20
60268648	99287.STM3972	8.11	20
60266262	99287.STM1512	8.07	16
60268278	99287.STM3587	8.02	8
60266239	99287.STM1489	8.02	4
60269160	99287.STM4510	8.02	6
60269150	99287.STM4500	7.95	13
60268189	99287.STM3496	7.94	4
60265939	99287.STM1178	7.93	9
60267855	99287.STM3150	7.9	15
60268077	99287.STM3377	7.87	13
60266719	99287.STM1976	7.81	7
60265832	99287.STM1068	7.79	15
60267257	99287.STM2532	7.78	39
60269029	99287.STM4377	7.72	8
60268217	99287.STM3525	7.72	3
60266170	99287.STM1415	7.71	18
60267382	99287.STM2661	7.71	3
60265149	99287.STM0364	7.7	22
60266768	99287.STM2033	7.69	6
60268090	99287.STM3390	7.64	31
60267946	99287.STM3242	7.55	12
60265645	99287.STM0878	7.5	18
60267886	99287.STM3181	7.41	9
60265271	99287.STM0486	7.38	4
60268999	99287.STM4344	7.34	6
60266714	99287.STM1971	7.34	4
60265024	99287.STM0229	7.32	11
60266166	99287.STM1411	7.31	7
60266818	99287.STM2083	7.25	17
60267890	99287.STM3185	7.22	3
60266157	99287.STM1402	7.18	6
60267602	99287.STM2891	7.13	8
60265138	99287.STM0353	7.03	11
60265557	99287.STM0788	7.01	5
60269166	99287.STM4516	7.0	17
60265937	99287.STM1176	7.0	5
60269149	99287.STM4499	6.98	5
60268707	99287.STM4036	6.97	11
60265947	99287.STM1187	6.96	4
60268155	99287.STM3462	6.94	8
60269148	99287.STM4498	6.91	6
60268411	99287.STM3721	6.83	5
60268446	99287.STM3757	6.77	14
60265837	99287.STM1073	6.74	8
60266956	99287.STM2222	6.73	4
60265290	99287.STM0505	6.73	8
60268744	99287.STM4072	6.71	19
60268939	99287.STM4283	6.65	5
60264840	99287.STM0045	6.63	5
60265162	99287.STM0377	6.59	8
60268777	99287.STM4105	6.58	10
60266258	99287.STM1508	6.51	10
60266522	99287.STM1776	6.42	10
60266978	99287.STM2245	6.41	8
60266424	99287.STM1676	6.33	5
60265190	99287.STM0405	6.26	7
60267018	99287.STM2286	6.23	8
60265269	99287.STM0484	6.21	13
60265568	99287.STM0800	6.21	20
60266525	99287.STM1779	6.2	6
60265453	99287.STM0671	6.18	11
60265389	99287.STM0607	6.16	3
60266828	99287.STM2093	6.16	6
60268918	99287.STM4262	6.12	16
60266146	99287.STM1391	6.11	7
60268206	99287.STM3513	6.07	8
60265976	99287.STM1216	6.06	22
60268001	99287.STM3300	6.05	8
60269207	99287.STM4560	6.01	10
60267185	99287.STM2460	5.96	4
60268655	99287.STM3979	5.94	3
60267948	99287.STM3244	5.93	10
60265219	99287.STM0434	5.89	5
60265942	99287.STM1181	5.86	10
60268458	99287.STM3769	5.81	4
60269012	99287.STM4360	5.8	6
60268163	99287.STM3470	5.7	4
60267907	99287.STM3202	5.7	4
60267607	99287.STM2896	5.7	11
60268765	99287.STM4093	5.67	8
60269064	99287.STM4412	5.66	6
60264934	99287.STM0139	5.66	5
60267912	99287.STM3207	5.66	4
60268572	99287.STM3882	5.63	8
60267603	99287.STM2892	5.62	7
60267289	99287.STM2564	5.61	5
60265109	99287.STM0322	5.52	9
60265208	99287.STM0423	5.5	4
60266634	99287.STM1887	5.44	6
60264908	99287.STM0113	5.41	7
60269199	99287.STM4549	5.37	6
60267100	99287.STM2368	5.34	3
60269189	99287.STM4539	5.26	3
60265930	99287.STM1169	5.25	3
60265481	99287.STM0706	5.23	3
60267611	99287.STM2900	5.21	4
60266098	99287.STM1342	5.2	5
60265547	99287.STM0778	5.19	14
60265728	99287.STM0962	5.16	10
60268817	99287.STM4157	5.13	6
60268705	99287.STM4034	5.12	4
60267893	99287.STM3188	5.11	8
60266737	99287.STM1996	5.05	11
60267747	99287.STM3041	5.05	3
60268448	99287.STM3759	4.99	4
60265417	99287.STM0635	4.98	3
60266982	99287.STM2249	4.95	16
60268505	99287.STM3814	4.95	16
60269021	99287.STM4369	4.93	5
60264800	99287.STM0005	4.84	3
60266058	99287.STM1302	4.82	5
60266817	99287.STM2082	4.79	7
60267698	99287.STM2991	4.78	6
60266870	99287.STM2136	4.77	5
60269002	99287.STM4347	4.77	19
60268424	99287.STM3734	4.73	6
60264889	99287.STM0094	4.72	8
60268403	99287.STM3713	4.67	15
60269052	99287.STM4400	4.64	4
60268311	99287.STM3620	4.63	4
60265593	99287.STM0826	4.63	3
60266372	99287.STM1623	4.63	12
60268906	99287.STM4250	4.51	4
60266405	99287.STM1656	4.49	7
60267264	99287.STM2539	4.48	8
60265457	99287.STM0682	4.47	7
60268925	99287.STM4269	4.47	4
60265554	99287.STM0785	4.45	9
60266231	99287.STM1481	4.44	3
60268822	99287.STM4162	4.42	5
60266185	99287.STM1432	4.39	3
60267062	99287.STM2330	4.39	4
60265585	99287.STM0817	4.32	10
60268801	99287.STM4131	4.31	6
60267282	99287.STM2557	4.27	7
60266342	99287.STM1593	4.22	7
60268940	99287.STM4284	4.2	5
60268980	99287.STM4325	4.18	9
60265740	99287.STM0975	4.18	10
60266371	99287.STM1622	4.17	10
60265895	99287.STM1133	4.15	7
60269110	99287.STM4459	4.14	3
60269068	99287.STM4416	4.14	6
60268355	99287.STM3665	4.12	3
60268319	99287.STM3627	4.12	5
60265183	99287.STM0398	4.09	7
60265609	99287.STM0842	4.06	3
60268485	99287.STM3796	3.97	8
60266947	99287.STM2213	3.97	5
60265294	99287.STM0509	3.92	9
60265704	99287.STM0937	3.91	6
60266241	99287.STM1491	3.89	4
60269104	99287.STM4452	3.86	6
60267001	99287.STM2269	3.86	15
60268194	99287.STM3501	3.85	7
60268615	99287.STM3938	3.76	3
60265421	99287.STM0639	3.71	3
60264926	99287.STM0131	3.68	3
60266754	99287.STM2019	3.56	6
60269141	99287.STM4491	3.55	6
60266545	99287.STM1799	3.54	4
60266444	99287.STM1696	3.53	4
60267208	99287.STM2483	3.53	3
60268170	99287.STM3477	3.48	3
60268845	99287.STM4189	3.47	4
60268946	99287.STM4290	3.46	6
60264843	99287.STM0048	3.43	4
60267003	99287.STM2271	3.39	15
60264980	99287.STM0185	3.38	3
60267375	99287.STM2650	3.34	3
60266695	99287.STM1952	3.34	3
60267506	99287.STM2790	3.32	4
60265961	99287.STM1201	3.29	4
60266857	99287.STM2122	3.28	4
60264979	99287.STM0184	3.27	5
60265218	99287.STM0433	3.26	3
60268497	99287.STM3805	3.25	3
60266797	99287.STM2062	3.2	4
60265328	99287.STM0543	3.17	3
60267620	99287.STM2909	3.14	8
60266989	99287.STM2256	3.11	3
60265263	99287.STM0478	3.05	11
60266690	99287.STM1947	3.0	3
60268603	99287.STM3922	2.98	20
60267376	99287.STM2651	2.94	8
60268924	99287.STM4268	2.94	6
60267182	99287.STM2457	2.94	3
60264984	99287.STM0189	2.93	5
60265850	99287.STM1087	2.92	4
60265608	99287.STM0841	2.87	3
60266344	99287.STM1595	2.86	6
60265851	99287.STM1088	2.85	4
60266083	99287.STM1327	2.79	6
60267586	99287.STM2875	2.79	3
60265403	99287.STM0621	2.68	6
60266788	99287.STM2053	2.67	6
60266125	99287.STM1370	2.54	5
60267906	99287.STM3201	2.53	6
60266343	99287.STM1594	2.5	9
60266360	99287.STM1611	2.47	3
60265448	99287.STM0666	2.33	4
60267605	99287.STM2894	2.27	3
60265980	99287.STM1220	2.21	4
60268916	99287.STM4260	2.2	4
60266751	99287.STM2016	2.2	4
60268167	99287.STM3474	2.19	6
60267762	99287.STM3056	2.12	4
60265504	99287.STM0729	2.1	19
60268308	99287.STM3617	2.05	5
60266303	99287.STM1554	2.02	3
60268208	99287.STM3515	2.01	6
60265753	99287.STM0988	2.0	3
60265544	99287.STM0775	1.98	3
60267717	99287.STM3010	1.93	5
60266205	99287.STM1452	1.91	4
60265293	99287.STM0508	1.84	4
60265709	99287.STM0942	1.79	5
60268207	99287.STM3514	1.77	3
60268949	99287.STM4293	1.76	8
60266533	99287.STM1787	1.76	16
60266769	99287.STM2034	1.72	3
60266395	99287.STM1646	1.71	6
60267616	99287.STM2905	1.62	9
60265584	99287.STM0816	1.52	3
60267757	99287.STM3051	1.51	4
60267050	99287.STM2318	1.5	4
60265331	99287.STM0546	1.5	5
60267226	99287.STM2501	1.47	3
60265743	99287.STM0978	1.47	3
60265046	99287.STM0258	1.42	19
60266564	99287.STM1818	1.36	4
60266318	99287.STM1569	1.31	3
60266801	99287.STM2066	1.29	5
60266660	99287.STM1913	1.28	3
60265619	99287.STM0852	1.06	3
60268775	99287.STM4103	0.996	9
60267204	99287.STM2479	0.985	10
60268904	99287.STM4248	0.978	3
60266950	99287.STM2216	0.888	3
60265478	99287.STM0703	0.762	3
60268462	99287.STM3773	0.757	4
60268746	99287.STM4074	0.738	3
60268639	99287.STM3963	0.703	3
60265774	99287.STM1009	0.282	19
60267357	99287.STM2632	0.282	19
